<METADATA>
<Number of Links> 2836
<Total Flows> 64784.000000

<LINKS>
~ Init node | Term node | Flow | Cost
   1   854  0.033217  0.780000
   1   870  0.052141  1.380000
   2   893  0.000000  0.420000
   2   934  0.001409  1.320000
   2   938  13.998591  0.420000
   3   909  1666.832203  0.600000
   3   911  0.042075  2.040000
   3   923  0.051839  1.320000
   3   929  0.073883  1.500000
   4   902  0.017011  1.680000
   4   917  405.264231  0.540000
   4   919  0.000000  0.900000
   4   920  204.707182  0.600000
   4   932  0.011576  1.080000
   5  1009  602.986614  0.600000
   5  1010  0.013186  2.280000
   5  1029  67.013386  0.840000
   6   992  0.009818  0.420000
   6  1008  0.003825  1.620000
   6  1018  149.990081  0.660000
   7   970  311.320653  0.960000
   7   971  45.160902  0.780000
   7   972  0.009174  0.720000
   7   973  228.534272  0.900000
   7   974  137.026938  1.080000
   8   996  141.997976  0.540000
   8  1012  222.002024  0.780000
   9   840  122.000000  0.360000
  10   535  210.130994  1.040000
  10   839  389.061207  1.520000
  11   166  668.867818  1.560000
  11   200  360.132182  1.560000
  12   167  383.457003  1.880000
  12   199  103.542997  1.200000
  13   170  393.000000  0.840000
  14   169  153.846934  2.280000
  14   191  112.916284  2.280000
  14   197  479.277956  1.120000
  15   171  326.447463  0.680000
  15   189  161.543868  0.240000
  16   195  799.239063  1.880000
  16   224  414.778854  1.320000
  17   173  844.010994  2.440000
  17   187  384.989006  2.440000
  18   174  1477.322736  1.680000
  18   186  288.677264  2.440000
  19   190  336.165940  1.880000
  19   220  209.850165  1.280000
  20   177  173.627857  2.160000
  20   183  15.372143  2.520000
  21   182  299.998145  0.760000
  21   213  132.003264  3.760000
  22   262  127.000000  0.680000
  23   278  144.000000  0.560000
  24   266  251.996693  1.120000
  24   277  125.010856  1.120000
  25   212  886.932717  0.800000
  25   354  82.160392  2.640000
  26   260  79.195176  0.520000
  27   285  68.079721  1.120000
  28   225  114.040565  1.480000
  28   238  51.068145  1.880000
  29   230  877.791540  0.520000
  30   240  0.010894  1.040000
  30   245  38.989106  3.920000
  31   237  87.327427  3.800000
  31   239  1520.748369  1.640000
  32   243  76.000000  0.520000
  33   273  338.026506  1.120000
  33   274  148.042806  1.120000
  33   294  0.000000  0.960000
  33   295  70.986654  1.200000
  34   272  329.000000  0.840000
  35   293  207.000000  0.560000
  36   300  562.000000  0.600000
  37   305  80.000000  0.840000
  38   289  601.907427  2.560000
  38   336  647.976125  2.960000
  38   340  468.291138  2.560000
  38   341  235.859836  2.960000
  39   327  460.000000  0.560000
  40   329  446.000000  0.600000
  41   311  359.000000  0.480000
  42   312  268.988643  1.520000
  42   313  443.011357  1.320000
  43   332  618.000000  0.920000
  44   319  1065.000000  1.760000
  45   339  753.000000  1.680000
  46   321  162.183118  0.760000
  46   334  423.799941  0.760000
  47   360  354.028868  0.400000
  47   361  375.402545  0.400000
  47   362  609.595060  1.200000
  48   376  294.000000  0.720000
  49   447  292.000000  0.440000
  50   378  570.000000  1.520000
  51   377  273.161635  1.480000
  51   382  228.880541  1.000000
  52   383  339.234002  1.080000
  52   443  179.044887  0.920000
  52   444  294.826622  1.400000
  52   446  5.012796  1.360000
  53   405  138.000000  0.840000
  54   394  145.213010  1.360000
  54   400  82.006034  0.840000
  54   404  257.782063  0.960000
  55   395  224.144085  1.320000
  55   434  0.029694  3.800000
  55  1035  165.984757  1.160000
  56   393  94.449112  1.680000
  56   435  23.011604  3.400000
  57   406  278.000000  0.880000
  58   407  396.734532  0.760000
  58   432  0.059489  5.280000
  58  1035  182.314488  1.880000
  59   412  237.034305  0.760000
  59   413  137.985626  0.920000
  60   481  10.000000  0.760000
  61   477  8.000000  1.120000
  62   420  194.983608  2.280000
  62   421  1371.125505  2.280000
  63   411  197.992361  0.440000
  63   418  0.017615  2.280000
  63   429  127.991936  2.280000
  64   418  50.995610  0.760000
  64   419  16.005396  0.760000
  65   426  390.000000  1.000000
  66   453  256.423335  0.920000
  66   454  143.634946  0.760000
  66  1034  6.016307  1.440000
  67   441  884.000000  1.000000
  68   465  446.000000  0.480000
  69   456  612.000000  0.840000
  70   468  537.025688  0.600000
  70   473  138.974312  0.840000
  71   467  298.172331  1.000000
  71   472  24.827669  1.960000
  72   462  1218.820420  0.440000
  73   457  237.702898  1.200000
  73   464  59.629394  1.880000
  74   483  244.023086  1.080000
  74   500  100.008521  1.800000
  74   501  9.036640  1.640000
  75   503  34.000000  1.520000
  76   485  528.202025  2.720000
  76   498  417.797975  1.720000
  77   493  514.986869  1.440000
  77   507  6.013131  1.360000
  78   504  29.000000  1.520000
  79   492  758.000000  1.880000
  80   620  135.063769  0.440000
  80   621  158.005085  0.440000
  80   652  123.996172  0.640000
  81   628  425.524954  1.360000
  81   629  166.019907  1.360000
  81   657  476.706017  1.400000
  82   653  386.659196  0.480000
  82   658  149.340804  0.920000
  83   703  263.000000  0.440000
  84   700  261.575155  0.880000
  84   701  143.411179  0.880000
  84   720  74.101016  1.520000
  84   722  130.995168  1.520000
  85   721  0.000000  0.400000
  85   732  0.000604  0.680000
  86   770  520.000000  0.680000
  87   771  330.000000  0.960000
  88   777  570.084510  1.040000
  88   778  226.915490  1.360000
  89   797  247.000000  0.760000
  90   786  349.599895  1.760000
  90   788  260.728133  1.440000
  90   789  383.683951  1.440000
  90   793  0.000000  1.760000
  91   798  273.312599  1.880000
  91   799  700.694950  1.720000
  92   812  1133.726572  1.320000
  92   814  1158.273428  2.560000
  93   804  0.199907  4.520000
  93   817  0.009261  3.000000
  94   813  1729.000000  2.440000
  95   818  73.536119  3.400000
  95   819  716.464989  2.040000
  96   558  91.000000  0.360000
  97   648  606.727920  1.200000
  97   659  172.448010  1.040000
  97   694  902.409994  1.320000
  97   695  25.681728  1.320000
  98   601  356.703486  0.920000
  98   647  295.273236  0.680000
  98   650  388.163495  1.400000
  99   600  127.912126  0.480000
  99   644  37.087874  0.880000
 100   694  248.024324  1.600000
 100   695  0.137947  1.600000
 100   718  87.952743  1.760000
 100   728  173.163810  1.600000
 101   688  408.940048  0.960000
 101   689  658.075577  0.960000
 102   677  155.839831  2.480000
 102   687  59.212712  0.720000
 103   751  2.000000  0.920000
 103   752  0.000000  0.680000
 104   708  0.051560  1.960000
 104   836  373.948440  1.080000
 105   755  0.000000  1.120000
 106   705  323.107667  1.120000
 106   742  263.900051  1.120000
 107   546  52.006496  1.080000
 107   548  324.993504  0.960000
 108   532  29.004492  0.680000
 108   533  104.995508  0.840000
 109   637  90.000682  1.120000
 109   639  353.999318  1.040000
 110   631  357.438194  1.240000
 110   633  41.020167  1.040000
 110   634  247.477246  1.400000
 110   670  26.178640  1.680000
 111   540  14.010871  0.960000
 111   541  334.931453  1.040000
 111   543  0.004540  1.520000
 111   578  135.116505  0.720000
 111   579  99.008040  0.720000
 112   524  641.497381  0.720000
 112   541  6.502619  1.400000
 113   684  52.997891  0.960000
 113   706  159.002109  0.960000
 114   670  542.828428  0.520000
 114   682  0.035734  1.880000
 114   686  7.191805  1.880000
 115   633  322.575143  1.840000
 115   667  712.452840  1.640000
 116   570  36.959587  0.520000
 116   571  647.040413  0.520000
 117   522  805.950979  0.800000
 117   538  3.049021  1.160000
 118   567  63.001107  0.920000
 118   665  20.999396  1.880000
 119   520  222.000000  0.920000
 120   667  543.055236  1.120000
 120   683  862.348852  1.120000
 121   519  57.000000  0.760000
 122   516  81.000000  0.760000
 123   662  24.000000  0.760000
 124   511  322.000000  1.120000
 125   803  0.000000  1.080000
 126   740  0.000000  1.120000
 127   338  0.000000  5.280000
 128   824  0.000000  2.840000
 128   831  0.000000  2.840000
 129   825  0.000000  3.400000
 129   830  0.000000  3.400000
 130   826  0.000000  3.800000
 130   829  0.000000  3.800000
 131   779  0.000000  1.120000
 132  1032  6.000000  2.000000
 133  1033  6.000000  2.000000
 134   241  22.000000  2.000000
 135   353  5.000000  2.000000
 136   335  4.001638  2.000000
 136   348  4.998362  2.000000
 137   324  4.000000  2.000000
 138  1030  17.000000  2.000000
 139   469  14.000000  2.000000
 140   488  0.000000  2.000000
 141   827  0.002114  2.000000
 141   828  45.997886  2.000000
 142   801  1.000000  2.000000
 143   800  3.000000  2.000000
 144   737  37.000000  2.000000
 145   660  3.000000  2.000000
 146  1031  21.000000  2.000000
 147   872  0.136225  1.560000
 147  1048  37.897999  0.780000
 160   162  895.828567  0.391150
 160   203  409.184165  0.748099
 161   204  97.384755  1.567108
 161   536  2785.269033  0.480187
 162   161  2882.635065  0.440485
 162   163  328.488965  0.010000
 162   164  527.623013  0.010000
 163   162  0.084653  0.010000
 163   164  556.594386  0.010000
 163   527  1007.866403  2.216871
 164   162  2842.833823  0.010000
 164   163  679.377438  0.010000
 164   165  1084.217399  0.254267
 165   164  3522.211260  0.845554
 165   166  867.240983  0.245177
 165   201  313.223934  1.522987
 166    11  455.548763  1.560000
 166   165  3298.212332  0.682100
 166   167  612.261216  0.445911
 167    12  287.003020  1.880000
 167   166  2829.913509  0.826794
 167   168  482.268797  0.481970
 168   167  2603.467107  0.755859
 168   169  482.266329  1.056626
 168   198  1.957280  1.643478
 169    14  200.001510  2.280000
 169   168  2605.262691  1.659158
 169   170  418.259081  0.277917
 170    13  80.000000  0.840000
 170   169  2587.410020  0.430833
 170   171  422.579652  0.722604
 171    15  153.565382  0.680000
 171   170  2278.730590  0.934621
 171   172  294.035316  0.370403
 172   171  1977.304175  0.424372
 172   173  294.035316  0.629685
 172   189  0.000000  1.669565
 173    17  113.998490  2.440000
 173   172  1977.304175  0.721432
 173   174  371.085170  0.351950
 174    18  189.995772  1.680000
 174   173  1324.341525  0.404353
 174   175  524.033256  0.612046
 175   174  189.962646  0.611117
 175   176  524.033256  0.010000
 176   175  189.962646  0.010000
 176   177  524.033256  1.520842
 177    20  25.000000  2.160000
 177   176  189.962646  1.518534
 177   178  620.733687  1.709717
 178   177  138.035220  1.703813
 178   179  50.145841  0.010000
 178   180  74.476622  0.010000
 178   181  496.111224  0.010000
 179   178  0.000000  0.010000
 179   180  7.999195  0.010000
 179   181  92.271259  0.010000
 179   215  246.985694  2.768116
 180   178  73.000000  0.010000
 180   179  0.000000  0.010000
 180   181  232.997340  0.010000
 180   182  155.000000  1.111238
 181   178  65.035220  0.010000
 181   179  196.839853  0.010000
 181   180  72.524183  0.010000
 181   514  821.379822  0.797171
 182    21  100.000805  0.760000
 182   180  305.997340  1.114760
 182  1032  55.000000  0.327273
 183    20  0.000000  2.520000
 183   184  15.372143  0.965219
 184   183  0.000000  0.965217
 184   185  15.372143  0.010000
 185   184  0.000000  0.010000
 185   186  15.372143  1.043480
 186    18  85.004228  2.440000
 186   185  0.000000  1.043478
 186   187  304.049407  0.805869
 187    17  70.001510  2.440000
 187   186  85.004228  0.757089
 187   188  689.038413  1.343975
 188   187  155.005738  0.629942
 188   189  2.425949  1.486957
 188   190  306.880078  0.946558
 188   220  543.702204  1.558413
 189    15  2.425949  0.240000
 189   172  0.000000  1.669565
 189   188  161.543868  1.487520
 190    19  354.755700  1.880000
 190   188  60.003724  0.887153
 190   191  364.318155  1.054496
 191    14  45.038254  2.280000
 191   190  136.031562  0.942790
 191   192  468.170114  1.014302
 192   191  172.005492  0.789548
 192   193  131.968293  0.010000
 192   194  336.201821  0.010000
 193   192  102.989632  0.010000
 193   194  11.827415  0.010000
 193   224  172.972867  0.759408
 194   192  69.015859  0.010000
 194   193  41.004574  0.010000
 194   195  348.029236  0.605537
 195    16  110.011567  1.880000
 195   194  110.020433  0.601112
 195   196  1147.259542  0.585520
 196   195  220.023243  0.372890
 196   198  603.442748  1.361593
 196   209  543.937018  2.479463
 197    14  39.001409  1.120000
 197   198  479.277956  1.285196
 198   168  0.159228  1.643478
 198   196  85.170324  1.200026
 198   197  39.001409  1.226088
 198   199  1084.404941  0.367472
 199    12  254.996980  1.200000
 199   198  124.057919  0.339170
 199   200  1041.105059  1.524602
 200    11  178.451237  1.560000
 200   199  232.212020  0.601153
 200   201  1266.793125  0.365567
 201   165  320.246447  1.522736
 201   200  276.219141  0.314350
 201   202  507.954099  0.611088
 201   206  741.825177  0.424011
 202   201  0.038133  0.573913
 202   203  507.954099  0.638865
 203   160  392.888656  0.745358
 203   202  0.038133  0.600000
 203   204  606.408295  0.179068
 203   207  409.123586  0.854956
 204   161  0.018722  1.565217
 204   203  0.114947  0.156522
 204   205  703.751377  0.200205
 205   204  0.091996  0.156522
 205   208  389.114958  0.966036
 205   839  1420.519289  0.630705
 206   201  266.189672  0.418868
 206   207  741.825177  0.477012
 207   203  491.205459  0.881540
 207   206  266.189672  0.471226
 207   208  1257.216710  0.365047
 207   354  276.035391  0.546040
 208   205  716.937918  0.978177
 208   207  540.754562  0.339151
 208   211  819.727021  0.534453
 208   260  1303.117973  1.155352
 209   196  134.973143  1.649710
 209   210  543.937018  0.010000
 210   209  134.973143  0.010000
 210   354  543.937018  0.669062
 211   208  1187.217160  0.588218
 211  1036  819.727021  1.309409
 212    25  357.877358  0.800000
 212   227  924.193899  2.554288
 212  1037  1187.217160  0.352931
 213    21  57.000604  3.760000
 213   214  124.002660  0.654545
 213  1033  80.000000  0.305455
 214   213  123.000000  0.654545
 214   215  5.999396  0.010000
 214   216  118.003264  0.010000
 215   179  100.270454  2.768116
 215   214  42.986704  0.010000
 215   216  203.998989  0.010000
 216   214  80.013296  0.010000
 216   215  94.271058  0.010000
 216   217  322.002254  2.666667
 217   216  174.284353  2.666667
 217   218  322.002254  0.010000
 218   217  174.284353  0.010000
 218   219  322.002254  0.652174
 219   218  174.284353  0.652174
 219   220  208.739447  1.384262
 219   221  671.162261  1.275392
 219  1049  270.016015  1.372818
 220    19  166.260406  1.280000
 220   188  97.427962  1.434840
 220   219  698.603449  1.747355
 221   219  235.353600  1.275362
 221   222  9.003020  0.010000
 221   223  662.159241  0.010000
 222   221  31.011327  0.010000
 222   223  433.749855  0.010000
 222   224  62.832859  1.703706
 223   221  204.342273  0.010000
 223   222  53.829839  0.010000
 223   225  1095.909096  0.754062
 224    16  71.006350  1.320000
 224   193  114.817047  0.759279
 224   222  464.761182  1.747905
 225    28  204.064823  1.480000
 225   223  258.172112  0.753623
 225   226  1099.922404  0.888911
 226   225  352.209678  0.884058
 226   227  132.483162  0.010000
 226   228  117.052026  0.010000
 226   229  850.387215  0.010000
 227   212  762.628679  2.495584
 227   226  91.052040  0.010000
 227   228  575.127848  0.010000
 227   229  258.014010  0.010000
 228   226  9.844942  0.010000
 228   227  518.333197  0.010000
 228   229  349.612897  0.010000
 228   230  912.143142  0.625548
 229   226  251.312695  0.010000
 229   227  111.812319  0.010000
 229   228  219.963267  0.010000
 229   249  1458.014122  0.436437
 230   228  877.791037  0.623046
 230   231  912.143645  1.459611
 231   230  0.000000  1.425926
 231   232  912.143645  0.010000
 232   231  0.000000  0.010000
 232   233  912.143645  0.492856
 233    29  1140.791540  0.520000
 233   232  0.000000  0.481481
 233   234  687.154919  0.465660
 234   233  915.802814  0.474113
 234   235  687.154919  0.010000
 235   234  915.802814  0.010000
 235   236  687.154919  0.707803
 236   235  915.802814  0.720651
 236   237  0.018622  0.886957
 236   239  948.134159  2.459477
 236   245  319.030032  0.972891
 237    31  174.045390  3.800000
 237   236  147.098158  0.887178
 237   238  87.286660  1.095679
 238    28  19.043887  1.880000
 238   237  321.084160  1.104609
 238  1050  68.242773  2.460647
 239    31  462.030405  1.640000
 239   236  1234.683367  2.492878
 239   240  772.215887  0.777626
 240    30  772.153881  1.040000
 240   239  0.047131  0.286957
 240   242  0.078111  5.426087
 241   134  23.000000  2.000000
 241   242  14.051436  0.480000
 241   353  8.079520  5.565218
 242   240  0.052342  5.426087
 242   241  23.076573  0.480000
 242   243  14.000302  2.608696
 243    32  67.000000  0.520000
 243   242  22.999670  2.608696
 243   244  89.997383  1.376812
 244   243  89.996751  1.376812
 244   245  634.841752  0.947804
 244   246  259.930297  0.464346
 244   349  176.029351  1.926337
 245    30  520.846119  3.920000
 245   236  114.049183  0.965295
 245   244  357.965588  0.819451
 246   244  449.870815  0.473203
 246   247  259.930297  0.010000
 247   246  449.870815  0.010000
 247   248  259.930297  1.349507
 248    27  166.952411  1.520000
 248   247  449.870815  1.375245
 248   252  92.982516  1.318849
 249   229  583.088281  0.434843
 249   250  1458.014122  0.010000
 250   249  583.088281  0.010000
 250   251  1458.014122  0.872874
 251   250  583.088281  0.869573
 251   252  16.002213  0.010000
 251   253  1334.385260  0.010000
 251   254  107.626649  0.010000
 252   248  449.875445  1.345672
 252   251  15.053933  0.010000
 252   253  30.673844  0.010000
 252   254  47.254739  0.010000
 253   251  568.028209  0.010000
 253   252  352.063199  0.010000
 253   254  0.000000  0.010000
 253   284  1365.059104  0.406801
 254   251  0.006140  0.010000
 254   252  81.810033  0.010000
 254   253  0.000000  0.010000
 254   255  154.881388  0.835040
 255   254  81.816173  0.834798
 255   256  154.881388  1.122084
 255   283  0.000000  0.991304
 256   255  81.791210  1.121760
 256   257  177.524195  1.983735
 256   283  17.978616  0.991304
 257    26  149.008753  1.800000
 257   256  99.769826  1.982696
 257   258  136.125126  0.547920
 258   257  207.379509  0.548461
 258   281  162.035947  2.139955
 258  1038  971.450016  0.740884
 259   260  715.755139  0.475802
 259  1038  166.045048  0.010000
 259  1047  957.848171  0.010000
 260    26  427.186423  2.280000
 260   208  546.988646  1.128309
 260   259  1123.893219  0.516480
 261   262  1549.471264  0.838921
 261   278  172.012458  1.131686
 261  1047  474.288176  0.888116
 262    22  380.000000  0.680000
 262   261  409.893940  0.792049
 262   263  1519.961921  0.581595
 263   262  633.384597  0.552322
 263   264  1335.969709  0.010000
 263   265  183.992213  0.010000
 264   263  382.263186  0.010000
 264   265  157.068266  0.010000
 264   871  1861.837170  0.610933
 265   263  251.121411  0.010000
 265   264  525.867462  0.010000
 265   266  341.060479  0.949181
 266    24  328.994344  1.120000
 266   265  776.988873  1.337337
 266   267  243.083298  0.730513
 267   266  756.009343  1.004490
 267   268  44.009319  0.156522
 267   269  1167.922831  0.671076
 268   267  538.013931  0.157102
 268   272  44.007032  0.782609
 268   274  997.981090  1.079817
 269   268  1249.525003  0.615701
 269   270  1167.922831  0.010000
 270   269  1249.525003  0.010000
 270   271  318.047479  0.010000
 270   356  3326.282260  0.892285
 271   269  0.000000  0.010000
 271   270  2158.359428  0.010000
 271   272  318.047479  0.864515
 272    34  51.000000  0.840000
 272   268  286.467731  0.786446
 272   271  2158.359428  1.147152
 272   295  346.067614  0.720664
 273    33  121.012455  1.120000
 273   267  1186.844264  0.745628
 274    33  0.008326  1.120000
 274   275  1146.015570  0.424813
 275   276  225.848538  0.156841
 275   280  1260.938760  0.375171
 275   294  56.020241  0.861019
 276   273  969.830213  0.762905
 276   275  158.019234  0.156613
 276   277  317.861678  0.954744
 277    24  151.013205  1.120000
 277   276  188.064329  0.897708
 277   278  240.865530  0.295261
 278    23  226.000000  0.560000
 278   261  193.807459  1.136908
 278   277  137.070528  0.288105
 279   276  1031.798259  0.369282
 280   279  1031.798259  0.167184
 280   281  1260.938760  1.217553
 281   258  942.934573  2.236662
 281   280  1031.798259  1.114557
 281   282  948.031679  0.982932
 281   293  493.821220  0.306661
 282    35  154.380215  1.080000
 282   281  418.318233  0.940264
 282   283  948.000777  0.685713
 283   255  0.024963  0.991304
 283   256  22.642807  0.991304
 283   282  572.667546  0.668244
 283   284  965.953295  0.954949
 284   253  920.091408  0.405872
 284   283  595.309218  0.928580
 284   285  1286.749500  0.188722
 285    27  1283.970887  1.120000
 285   284  471.137727  0.188406
 285   286  404.756971  0.608696
 286   285  805.036365  0.608742
 286   287  404.756971  0.010000
 287   286  805.036365  0.010000
 287   288  404.756971  0.333334
 288   287  805.036365  0.333359
 288   289  0.001409  1.330435
 288   341  404.755562  0.739131
 289    38  0.024158  2.560000
 289   288  0.020635  1.330435
 289   290  601.886792  1.361917
 290   289  0.022749  1.330435
 290   291  1582.100366  0.503555
 290   336  196.986262  0.481661
 291   290  197.009010  0.370508
 291   292  1582.100366  0.010000
 292   291  197.009010  0.010000
 292   293  1582.100366  1.107822
 293    35  510.619785  1.440000
 293   281  1575.292790  0.400594
 293   292  197.009010  0.815118
 294    33  0.000000  0.960000
 294   275  238.772735  0.885034
 294   299  56.020241  0.861019
 295    33  205.035185  1.200000
 295   272  2150.840263  0.951666
 295   296  319.974576  0.648399
 296   295  2258.795756  0.916527
 296   297  0.000000  0.010000
 296   298  319.974576  0.010000
 297   296  0.000000  0.010000
 297   298  56.020241  0.010000
 297   299  238.772735  0.563203
 298   296  2258.795756  0.010000
 298   297  238.772735  0.010000
 298   300  375.994817  0.444576
 299   294  238.772735  0.885034
 299   297  56.020241  0.547921
 300    36  149.000000  0.600000
 300   298  2497.568491  0.649855
 300   301  357.061525  0.555573
 301   300  2065.635199  1.300791
 301   302  135.998108  0.010000
 301   303  221.063417  0.010000
 302   301  1458.581053  0.010000
 302   327  136.000624  0.888942
 303   301  607.054147  0.010000
 303   302  0.002516  0.010000
 303   304  221.063417  0.685636
 304   303  607.056663  0.687347
 304   305  144.167801  1.153309
 304   310  91.043566  0.870378
 305    37  22.000000  0.840000
 305   304  54.150668  1.148004
 305   306  188.980905  0.713032
 306   305  40.963772  0.704389
 306   307  454.196697  0.611177
 306   380  1967.988982  0.743952
 307   306  1782.012836  0.685631
 307   308  309.205620  0.010000
 307   309  144.991077  0.010000
 308   307  951.781109  0.010000
 308   310  309.205620  0.925940
 309   307  830.231727  0.010000
 309   308  0.000000  0.010000
 309   313  144.991077  1.481482
 310   304  567.053945  0.872331
 310   308  951.781109  0.930419
 310   311  233.980447  0.333624
 310   328  638.280218  0.762329
 311    41  73.000000  0.480000
 311   310  1082.740974  0.351703
 311   312  187.988508  1.000295
 312    42  89.999515  1.520000
 312   311  750.749034  1.009018
 312   314  98.004695  0.870381
 313    42  58.000485  1.320000
 313   309  830.231727  1.485042
 313   315  171.972730  0.833334
 314   312  481.776093  0.871246
 314   315  0.000000  0.010000
 314   316  98.004695  0.010000
 315   313  472.202508  0.833443
 315   314  0.000000  0.010000
 315   316  171.972730  0.010000
 316   314  481.776093  0.010000
 316   315  472.202508  0.010000
 316   317  269.977426  0.779153
 317   316  953.978601  0.800700
 317   318  269.977426  0.010000
 318   317  953.978601  0.010000
 318   319  269.977426  0.816256
 319    44  207.000000  1.760000
 319   318  953.978601  1.553576
 319   320  189.048390  0.351959
 320   319  15.049565  0.351852
 320   321  183.061979  1.811973
 320   333  6.033217  3.652174
 321    46  57.005264  0.760000
 321   320  15.044935  1.811594
 321   322  336.213146  1.310369
 322   321  63.018249  1.304349
 322   323  0.000000  0.010000
 322   324  7.997379  0.010000
 322   325  328.215768  0.010000
 323   322  0.000000  0.010000
 323   324  7.001816  0.010000
 323   325  460.783924  0.010000
 323   326  231.824632  2.246377
 324   137  22.000000  2.000000
 324   322  0.000000  0.010000
 324   323  0.000000  0.010000
 324   325  4.000000  0.010000
 325   322  63.018249  0.010000
 325   323  231.824632  0.010000
 325   324  7.000805  0.010000
 325   423  792.999692  3.116158
 326   323  467.785740  2.246382
 326   335  231.824632  1.028986
 327    39  72.000000  0.560000
 327   302  1458.581053  1.102288
 327   328  285.615429  0.296319
 328   310  908.105560  0.762153
 328   327  1220.195857  0.325732
 328   329  131.022621  1.259322
 328   337  941.748032  1.562701
 329    40  24.000000  0.600000
 329   328  1371.407665  1.482525
 329   330  144.029667  1.222319
 330   329  962.414711  1.259860
 330   331  144.029667  0.010000
 331   330  962.414711  0.010000
 331   332  144.029667  0.814879
 332    43  70.000000  0.920000
 332   331  962.414711  0.839907
 332   333  109.056241  0.259264
 333   320  0.051436  3.652174
 333   332  379.441285  0.259340
 333   334  109.027855  1.173931
 334    46  96.977794  0.760000
 334   333  373.431119  1.183181
 334   335  68.424346  1.391306
 335   136  29.000000  2.000000
 335   326  467.785740  1.028988
 335   334  6.005463  1.391304
 335   348  271.233543  1.782609
 336    38  158.014762  2.960000
 336   290  980.213574  0.959282
 336   337  39.054039  1.574074
 337   328  905.768759  1.561390
 337   336  332.319989  1.581889
 337   338  804.946364  0.435174
 338   127  13.000000  5.280000
 338   337  1062.233040  0.436733
 338   339  791.946364  0.507662
 339    45  173.000000  1.680000
 339   338  1062.233040  0.509521
 339   340  797.875148  0.333619
 340    38  204.986546  2.560000
 340   339  488.161824  0.333350
 340   343  801.921560  1.174948
 341    38  49.009059  2.960000
 341   288  805.015730  0.739187
 341   342  355.760494  1.304348
 342   341  569.169885  1.304358
 342   343  118.923337  0.010000
 342   344  18.998087  0.010000
 342   345  217.839070  0.010000
 343   340  228.903645  1.173914
 343   342  386.049615  0.010000
 343   344  242.981527  0.010000
 343   345  172.890418  0.010000
 344   342  5.005911  0.010000
 344   343  68.980609  0.010000
 344   345  106.966531  0.010000
 344   351  305.965198  1.341833
 345   342  178.114359  0.010000
 345   343  40.999698  0.010000
 345   344  43.985584  0.010000
 345   346  497.696019  1.086429
 346   345  263.099640  1.080213
 346   347  497.696019  0.010000
 347   346  263.099640  0.010000
 347   348  497.696019  1.986300
 348   136  36.000000  2.000000
 348   335  469.774130  1.782613
 348   347  263.099640  1.974935
 348   353  13.132265  5.623188
 349    27  0.156423  1.880000
 349   244  262.964365  1.928916
 349   350  175.953555  2.130083
 350   349  263.044992  2.132941
 350   351  175.953555  0.010000
 350   352  0.000000  0.010000
 351   344  180.953052  1.341819
 351   350  262.967687  0.010000
 351   352  42.997511  0.010000
 352   350  0.077305  0.010000
 352   351  4.999497  0.010000
 352   353  42.997511  3.436364
 353   135  56.000000  2.000000
 353   241  0.054383  5.565218
 353   348  8.078111  5.623188
 353   352  5.076802  3.436364
 354    25  168.215751  2.640000
 354   207  598.943907  0.894928
 354   210  134.973143  0.445160
 355   356  905.199658  0.192709
 355   357  550.195206  0.682127
 355   885  2842.749605  0.448438
 356   270  1567.572482  0.688755
 356   355  3392.944811  0.272314
 357   356  729.035375  0.456735
 357   358  550.195206  0.290140
 358   359  1427.067020  0.349013
 358   360  201.971661  0.574701
 358   925  2492.635796  1.297084
 359   357  729.035375  0.913470
 359   358  2492.712262  0.567512
 359   368  1427.096111  1.371128
 360    47  195.978708  0.400000
 360   363  360.021820  0.685314
 361    47  337.454893  0.400000
 361   359  467.521750  0.669115
 362    47  24.592872  1.200000
 362   363  993.705225  0.336247
 362  1011  2252.040701  0.439568
 363   362  1642.445641  0.362921
 363   364  57.225165  0.730447
 363   366  1341.610100  0.350067
 364   365  57.225165  0.286961
 365   366  291.801842  0.734073
 365   448  57.225165  1.095670
 366   361  429.574098  0.292497
 366   363  1687.553861  0.463000
 366   367  1362.602074  0.805912
 367   366  1846.318090  1.250095
 367   368  0.000000  0.010000
 367   369  95.003039  0.010000
 367   370  1096.591305  0.010000
 367   371  171.007730  0.010000
 368   359  2754.254977  1.507938
 368   367  0.000000  0.010000
 368   369  77.086453  0.010000
 368   370  1312.007514  0.010000
 368   371  38.002143  0.010000
 369   367  76.005635  0.010000
 369   368  191.376452  0.010000
 369   370  45.148079  0.010000
 369   371  154.017359  0.010000
 369   447  333.685997  0.796549
 370   367  605.468393  0.010000
 370   368  2259.409228  0.010000
 370   369  39.001068  0.010000
 370   371  28.022717  0.010000
 370   383  2609.134214  1.486279
 371   367  1164.844062  0.010000
 371   368  303.469298  0.010000
 371   369  122.595438  0.010000
 371   370  155.387316  0.010000
 371   372  391.049949  0.652756
 372   371  1746.296113  0.728350
 372   373  391.049949  0.010000
 373   372  1746.296113  0.010000
 373   374  391.049949  0.757197
 374   373  1746.296113  1.297405
 374   375  391.049949  0.010000
 375   374  1746.296113  0.010000
 375   376  391.049949  0.558641
 376    48  180.000000  0.720000
 376   375  1746.296113  0.939500
 376   377  338.028250  0.289911
 377    51  13.034175  1.480000
 377   376  1579.274414  0.417881
 377   378  325.025782  0.289436
 378    50  113.000000  1.520000
 378   377  1306.144486  0.343004
 378   379  402.988570  0.560197
 379   378  927.107274  0.570962
 379   380  282.012714  0.010000
 379   381  120.975856  0.010000
 380   306  492.155710  0.713895
 380   379  904.142203  0.010000
 380   381  1063.846778  0.010000
 381   379  22.965071  0.010000
 381   380  210.142996  0.010000
 381   382  1184.822634  0.969566
 382    51  30.008001  1.000000
 382   381  233.108067  0.860946
 382   391  1360.702912  2.511654
 383    52  505.190658  1.080000
 383   370  2931.901407  1.464658
 383   384  2104.020502  0.421538
 384   383  2592.744351  0.547663
 384   385  231.984714  0.010000
 384   386  1872.035789  0.010000
 385   384  1088.176871  0.010000
 385   386  0.000000  0.010000
 385   443  358.040185  0.648296
 386   384  1504.567480  0.010000
 386   385  126.055472  0.010000
 386   387  1872.035789  0.987702
 387   386  1630.622952  0.938650
 387   388  162.930280  0.287072
 387   389  1709.105509  0.257771
 388   387  10.044726  0.286957
 388   389  546.607100  0.288099
 388   439  453.754947  2.427718
 388   442  834.527252  1.151858
 389   387  1620.578226  0.253812
 389   388  1125.126445  0.315889
 389   390  2255.712609  0.603268
 390   389  2745.704671  0.654446
 390   391  98.970980  0.010000
 390   392  2156.741629  0.010000
 391   382  210.115805  2.034896
 391   390  526.780296  0.010000
 391   392  833.922617  0.010000
 392   390  2218.924375  0.010000
 392   391  111.144825  0.010000
 392   393  2990.664246  0.905181
 393    56  0.011576  4.160000
 393   392  2330.069201  0.565730
 393   394  2824.124674  0.444794
 393   404  232.775763  0.615355
 394    54  5.021943  1.360000
 394   393  1939.097088  0.272791
 394   395  2824.117125  0.718508
 395    55  0.058784  3.800000
 395   394  1798.898472  0.424421
 395   396  2840.271016  0.554620
 396   395  1590.967062  0.311048
 396   397  1428.741964  0.010000
 396   398  1411.327765  0.010000
 396   399  0.201287  0.010000
 397   396  10.998893  0.010000
 397   398  0.000000  0.010000
 397   399  0.001510  0.010000
 397  1035  1563.594993  0.890934
 398   396  1579.968169  0.010000
 398   397  95.836806  0.010000
 398   399  34.999497  0.010000
 398   406  1487.327765  0.728800
 399   396  0.000000  0.010000
 399   397  39.016222  0.010000
 399   398  76.000000  0.010000
 399   400  35.202293  0.913075
 400    54  28.000101  0.840000
 400   399  115.016222  0.915020
 400   401  7.203300  0.808696
 401   400  33.011296  0.808718
 401   402  7.203300  0.010000
 401   403  0.000000  0.010000
 402   401  33.011296  0.010000
 402   403  104.988704  0.010000
 402   405  32.000000  0.965241
 403   401  0.000000  0.010000
 403   402  24.796700  0.010000
 403   404  104.988704  0.966735
 404    54  207.979063  0.960000
 404   393  362.770767  0.671178
 404   403  24.796700  0.965227
 405    53  32.000000  0.840000
 405   402  138.000000  0.969173
 406    57  53.000000  0.880000
 406   398  1710.804472  0.753868
 406   407  1484.331086  0.651862
 407    58  0.045799  3.800000
 407   406  1482.807794  0.651764
 407   408  1557.403862  1.779993
 408   407  1159.191837  1.721430
 408   409  1495.180538  0.010000
 408   410  62.223325  0.010000
 409   408  237.034305  0.010000
 409   412  1495.185067  3.327903
 410   408  922.157532  0.010000
 410   409  0.004530  0.010000
 410   411  62.223325  1.259259
 411    63  60.997160  0.440000
 411   410  922.162062  1.290642
 411   414  86.971061  0.907407
 412    59  1495.185067  0.760000
 412   409  237.034305  2.452408
 413    59  1893.834863  0.920000
 413   415  137.976466  1.159420
 413   420  0.009160  2.240000
 414   411  809.914597  0.919313
 414   415  44.995470  0.010000
 414   416  41.975590  0.010000
 414   417  0.000000  0.010000
 415   413  1698.851255  1.238298
 415   414  0.000000  0.010000
 415   416  32.994509  0.010000
 415   417  104.981956  0.010000
 416   414  809.914597  0.010000
 416   415  655.780809  0.010000
 416   417  518.072164  0.010000
 416   419  132.741401  0.574074
 417   414  0.000000  0.010000
 417   415  998.074975  0.010000
 417   416  57.771301  0.010000
 417   418  623.054120  0.594324
 418    63  0.006341  2.280000
 418    64  23.001765  0.760000
 418   417  1055.846276  0.596778
 418   428  652.069420  0.594361
 419    64  23.999242  0.760000
 419   416  1983.767570  0.659123
 419   421  148.741804  0.833334
 420    62  0.009160  2.280000
 420   413  194.983608  2.560303
 421    62  107.099954  2.280000
 421   419  2007.761818  1.805598
 421   422  272.843670  1.592689
 422   421  867.838133  1.622001
 422   423  222.755387  0.010000
 422   424  7.087673  0.010000
 422   425  43.000610  0.010000
 423   325  301.843686  3.115942
 423   422  659.776760  0.010000
 423   424  91.225655  0.010000
 423   425  41.997276  0.010000
 424   422  0.006926  0.010000
 424   423  0.067844  0.010000
 424   425  0.002114  0.010000
 424   427  218.238425  1.260870
 425   422  208.054447  0.010000
 425   423  79.020456  0.010000
 425   424  119.925097  0.010000
 425   426  85.000000  1.129630
 426    65  46.000000  1.000000
 426   425  407.000000  1.130124
 426  1030  39.000000  0.296296
 427   424  0.076883  1.260870
 427   428  206.169502  3.668070
 427   469  12.213770  9.608696
 428   418  1056.856457  0.596792
 428   427  0.032009  3.666667
 428   429  858.083808  0.594977
 429    63  17.998411  2.280000
 429   428  1056.733352  0.596790
 429   430  986.075745  0.537795
 430   429  1074.731763  0.538807
 430   431  986.075745  0.010000
 431   430  1074.731763  0.010000
 431   432  986.075745  0.959310
 432    58  472.287504  2.280000
 432   431  1074.731763  0.961115
 432   433  772.126678  0.783162
 433   432  1333.010711  0.795683
 433   434  1012.190588  0.930680
 433   479  153.025080  1.637687
 433  1035  11.000403  1.347826
 434    55  833.024012  1.120000
 434   433  1359.285633  0.946090
 434   435  871.163813  0.435401
 435    56  45.449141  0.760000
 435   434  2051.253176  0.527085
 435   436  888.168773  0.333863
 436   435  2090.695673  0.412280
 436   437  794.129245  0.010000
 436   438  94.039528  0.010000
 437   436  1479.108604  0.010000
 437   438  0.107000  0.010000
 437   474  794.161758  2.555389
 438   436  611.587070  0.010000
 438   437  0.032513  0.010000
 438   439  94.146528  0.782610
 439   388  83.082815  2.425927
 439   438  611.619582  0.787788
 439   440  49.031824  1.017393
 439   473  340.968662  0.595826
 440   439  328.072779  1.026575
 440   441  1140.301675  1.071248
 440   468  607.800895  0.798824
 441    67  303.000000  1.000000
 441   440  916.650428  1.024211
 441   442  1547.107019  1.444255
 442   388  473.794485  1.124097
 442   441  742.455772  1.101927
 442   443  1329.062604  0.384217
 442   444  870.661268  0.592398
 443    52  366.938709  0.920000
 443   385  1088.176871  0.684781
 443   442  411.032097  0.333486
 444    52  331.940200  1.400000
 444   442  623.307762  0.578027
 444   445  1165.487891  0.700127
 445   444  955.247961  0.656311
 445   446  330.458835  0.893787
 445   455  1392.535989  0.625353
 445  1034  23.047237  0.860876
 446    52  7.048740  1.360000
 446   445  116.561364  0.888976
 446   447  335.466183  0.946754
 447    49  371.000000  0.440000
 447   369  466.547524  0.749269
 447   446  123.604657  0.941756
 448   365  291.801842  1.101109
 448   449  142.429368  1.074576
 448   455  0.210990  0.991304
 449   448  35.106234  1.069602
 449   450  130.546550  0.010000
 449   451  11.882818  0.010000
 450   449  21.123332  0.010000
 450   451  731.775693  0.010000
 450   628  1644.185754  1.114942
 451   449  13.982902  0.010000
 451   450  1513.639203  0.010000
 451   452  743.658512  0.715458
 452   451  1527.622105  0.980585
 452   453  429.863611  0.365724
 452   454  1198.624783  0.532051
 453    66  70.542087  0.920000
 453   452  1109.387705  0.399466
 453   456  474.396139  2.022355
 454    66  43.481350  0.760000
 454   452  1303.064283  0.560865
 454   455  1266.222509  0.518864
 455   445  1046.350275  0.531617
 455   448  342.110800  1.000018
 455   454  1270.508413  0.520217
 456    69  92.000000  0.840000
 456   453  968.038985  2.029318
 456   457  597.262842  1.388933
 457    73  10.056006  1.200000
 457   456  570.905688  1.232023
 457   458  708.550509  0.792663
 458   457  454.546463  0.783976
 458   459  638.577872  0.010000
 458   460  69.972637  0.010000
 459   458  442.024391  0.010000
 459   460  1468.409360  0.010000
 459   768  3698.283099  0.759783
 460   458  12.522072  0.010000
 460   459  3059.705227  0.010000
 460   461  1538.381997  0.744019
 461   460  3072.227299  2.109597
 461   462  1443.359293  0.327809
 461   482  95.025019  1.539133
 462   461  2046.590208  0.393328
 462   463  1551.366287  0.392519
 463   462  935.776782  0.372050
 463   464  165.859584  0.939531
 463   466  1570.912701  0.945593
 463   482  0.000941  1.200000
 464    73  39.276286  1.880000
 464   463  230.334592  0.940872
 464   465  155.019162  1.383044
 465    68  52.000000  0.480000
 465   464  199.141062  1.383949
 465  1034  378.894366  2.308412
 466   463  829.966026  0.891069
 466   467  613.328265  0.675851
 466   470  1984.495802  0.538708
 466   500  386.968775  1.407887
 467    71  58.991057  1.000000
 467   466  833.907208  0.708538
 467   468  779.495324  0.928937
 468    70  52.935816  0.600000
 468   440  1110.493098  0.846070
 468   467  760.892994  0.924381
 469   139  69.000000  2.000000
 469   427  0.189721  9.608696
 469   481  20.105456  6.283636
 469   510  0.211281  6.478261
 470    72  1290.820420  0.440000
 470   466  102.017606  0.444444
 470   471  1680.403383  0.484531
 471   470  1088.745607  0.448707
 471   472  44.950487  0.592593
 471   474  1678.760484  0.443970
 472    71  0.008943  1.960000
 472   471  280.919375  0.593827
 472   473  69.768107  1.240743
 473    70  60.064184  0.840000
 473   439  208.728628  0.592886
 473   472  280.918267  1.243324
 474   437  1479.215603  2.678424
 474   471  851.133821  0.408519
 474   475  195.642586  0.637687
 474   502  13.049829  2.180001
 475   474  10.999698  0.637681
 475   476  195.642586  0.010000
 476   475  10.999698  0.010000
 476   477  195.642586  0.826094
 477    61  113.000000  1.120000
 477   476  10.999698  0.826087
 477   478  104.661939  1.449276
 478   477  25.019050  1.449275
 478   479  46.677447  0.010000
 478   480  57.984492  0.010000
 479   433  67.771179  1.637681
 479   478  22.013514  0.010000
 479   480  131.011566  0.010000
 480   478  3.005536  0.010000
 480   479  21.093732  0.010000
 480   481  188.996058  0.889159
 481    60  143.000000  0.760000
 481   469  52.002246  6.283637
 481   480  24.099269  0.888889
 482   461  1025.639406  1.639494
 482   463  60.883104  1.200000
 482   483  95.025961  0.600001
 483    74  95.029151  1.080000
 483   482  1086.522510  0.650667
 483   484  0.000906  0.777778
 484   483  842.503520  0.789906
 484   485  0.000906  2.462963
 484   499  0.000000  1.617391
 485    76  0.005134  2.720000
 485   484  842.503520  2.501370
 485   486  0.014092  0.782609
 486   485  314.319815  0.782859
 486   487  0.014092  0.010000
 487   486  314.319815  0.010000
 487   495  0.014092  1.833333
 488   140  0.000000  2.000000
 488   489  0.000000  0.010000
 488   490  0.000000  0.010000
 488   491  0.000000  0.010000
 489   488  0.000000  0.010000
 489   490  186.689890  0.010000
 489   491  11.264831  0.010000
 489   835  292.356362  1.681160
 490   488  0.000000  0.010000
 490   489  292.239083  0.010000
 490   491  5.010239  0.010000
 490   492  186.691098  0.851860
 491   488  0.000000  0.010000
 491   489  0.117279  0.010000
 491   490  0.001208  0.010000
 491   508  16.275071  1.666667
 492    79  58.000000  1.880000
 492   490  297.249322  0.851931
 492   493  822.648633  1.220754
 493    77  125.993357  1.440000
 493   492  233.206857  1.203737
 493   494  1227.424230  0.326640
 494   493  248.988942  0.296647
 494   495  1227.436428  1.652120
 494   507  0.000000  1.226087
 495   487  314.319815  1.833544
 495   494  248.987580  1.631561
 495   496  913.116613  0.967294
 496   495  248.973488  0.944481
 496   497  913.116613  0.010000
 497   496  248.973488  0.010000
 497   498  913.116613  0.493130
 498    76  124.994866  1.720000
 498   497  248.973488  0.481500
 498   499  1238.924984  2.854319
 499   484  0.000000  1.617391
 499   498  281.978750  2.574258
 499   500  1207.912832  0.629241
 499   501  31.012151  0.391313
 500    74  113.991535  1.800000
 500   466  1307.921353  1.607574
 500   499  272.977240  0.574109
 501    74  31.047560  1.640000
 501   499  9.001510  0.391304
 501   502  0.057499  1.956522
 502   474  55.119900  2.180263
 502   501  0.057778  1.956522
 502   503  13.096255  0.940001
 503    75  24.000000  1.520000
 503   502  55.166605  0.940114
 503   504  0.099820  5.040000
 504    78  0.000000  1.520000
 504   503  32.170169  5.040085
 504   505  8.020203  1.330435
 504   510  0.097047  2.300000
 505   504  6.013131  1.330435
 505   506  8.020203  0.010000
 506   505  6.013131  0.010000
 506   507  8.020203  1.200000
 507    77  8.006643  1.360000
 507   494  0.013560  1.226087
 507   506  6.013131  1.200000
 508   491  0.118487  1.666667
 508   509  16.275071  0.010000
 509   508  0.118487  0.010000
 509   510  16.275071  0.971015
 510   469  11.290443  6.478261
 510   504  5.174469  2.300000
 510   509  0.118487  0.971015
 511   124  51.000000  1.120000
 511   512  343.000000  0.818388
 511  1031  386.000000  0.327421
 512   511  437.000000  0.818864
 512   513  49.012847  0.010000
 512   514  79.001883  0.010000
 512   515  214.985270  0.010000
 513   512  51.006817  0.010000
 513   514  101.467715  0.010000
 513   515  0.005838  0.010000
 513   660  455.298020  2.579715
 514   181  334.399256  0.797102
 514   512  134.999497  0.010000
 514   513  401.260082  0.010000
 514   515  285.120243  0.010000
 515   512  250.993686  0.010000
 515   513  5.025092  0.010000
 515   514  153.929658  0.010000
 515   516  500.111352  1.885987
 516   122  0.000000  0.760000
 516   515  409.948436  1.884756
 516   517  563.106822  0.856674
 517   516  391.943906  0.855324
 517   518  563.106822  0.010000
 518   517  391.943906  0.010000
 518   519  563.106822  0.362997
 519   121  77.000000  0.760000
 519   518  391.943906  0.362426
 519   520  600.102293  0.631506
 520   119  38.000000  0.920000
 520   519  448.939376  0.630075
 520   521  775.099474  0.523993
 521   520  439.936558  0.518850
 521   522  707.762443  0.652516
 521   537  122.290084  0.834787
 522   117  330.984856  0.800000
 522   521  403.005643  0.648417
 522   523  1371.648003  1.554831
 523   522  591.925079  1.522735
 523   524  1767.072191  0.642121
 523   539  245.780746  0.758397
 524   112  419.983853  0.720000
 524   523  674.723009  0.593016
 524   525  2272.592507  0.644956
 525   524  958.729798  0.502031
 525   526  2455.922676  0.326734
 525   542  221.870039  0.879822
 526   525  1131.571176  0.299042
 526   527  401.175072  0.010000
 526   528  287.428463  0.010000
 526   529  1770.081156  0.010000
 527   163  556.679039  3.035844
 527   526  422.655891  0.010000
 527   528  463.561192  0.010000
 527   529  121.663619  0.010000
 528   527  104.515190  0.010000
 528   529  73.634581  0.010000
 528   544  750.989655  0.901908
 529   526  711.677300  0.010000
 529   527  51.003077  0.010000
 529   530  1965.379356  0.306241
 530   529  762.680377  0.296685
 530   531  1682.399788  0.507857
 530   545  287.758974  1.042015
 531   530  642.423192  0.500281
 531   532  107.920470  0.705568
 531   534  1808.730945  0.595468
 532   108  139.764361  0.680000
 532   531  206.039331  0.705384
 532   547  57.182513  0.443561
 533   108  212.235639  0.840000
 533   534  25.118475  0.652181
 533   550  211.828155  0.664192
 534   531  670.635487  0.574842
 534   533  235.549622  0.669602
 534   535  1833.849420  0.406936
 535    10  660.073107  1.040000
 535   534  906.185109  0.393739
 535   845  1373.159355  0.406921
 536   160  912.124076  0.459201
 536   841  2785.269033  1.746133
 537   521  91.883968  0.834784
 537   538  23.042317  0.886963
 537   565  125.308202  1.173920
 538   117  11.015144  1.160000
 538   537  3.018118  0.886957
 538   539  12.074024  2.008696
 539   523  558.407004  0.829741
 539   538  0.015949  2.008696
 539   540  245.798160  0.496881
 539   541  28.068012  0.834784
 540   111  12.055255  0.960000
 540   539  574.428215  0.550191
 540   573  233.786187  0.653466
 541   111  121.019846  1.040000
 541   112  7.016147  1.400000
 541   539  0.006140  0.834783
 541   542  356.466712  0.764138
 542   525  232.358829  0.882933
 542   541  115.006760  0.758159
 542   543  130.839701  0.497388
 542   544  205.376872  0.443501
 543   111  0.003926  1.520000
 543   542  81.251374  0.495976
 543   580  130.844240  0.497388
 544   528  178.149771  0.886980
 544   542  23.994037  0.443478
 544   545  630.624841  0.446931
 544   584  484.806559  1.207016
 545   530  125.036591  0.994180
 545   544  24.002499  0.443478
 545   546  179.872900  0.500800
 545   547  753.534386  0.583523
 546   107  202.969842  1.080000
 546   545  102.023109  0.496357
 546   588  46.891217  0.495699
 547   532  266.061244  0.445076
 547   545  62.039453  0.573916
 547   548  344.137043  0.545251
 547   549  830.165774  0.561982
 548   107  202.030158  0.960000
 548   547  520.754660  0.514384
 548   592  307.223011  0.695986
 549   547  170.931955  0.548094
 549   551  0.000000  0.010000
 549   552  830.165774  0.010000
 550   533  108.637138  0.653330
 550   549  0.000000  0.010000
 550   551  136.106135  0.010000
 550   552  75.722020  0.010000
 551   549  0.000000  0.010000
 551   550  18.811442  0.010000
 551   552  85.971220  0.010000
 551   597  205.141667  1.007636
 552   549  170.931955  0.010000
 552   550  89.825696  0.010000
 552   551  69.035532  0.010000
 552   553  991.859014  1.038120
 553   552  329.793183  1.032021
 553   554  233.952868  0.010000
 553   556  760.001855  0.010000
 554   553  11.268813  0.010000
 554   555  307.751038  0.010000
 554   556  43.078565  0.010000
 554   598  911.366698  0.732363
 555   553  2.246610  0.010000
 555   554  682.376052  0.010000
 555   557  484.831800  0.521200
 556   553  318.373469  0.010000
 556   554  18.035806  0.010000
 556   555  177.080762  0.010000
 556   560  803.080421  0.746678
 557   555  684.622662  0.617432
 557   558  484.831800  0.329179
 558    96  391.000000  0.360000
 558   557  684.622662  0.389957
 558  1043  287.242100  0.157299
 559   888  244.766278  0.156942
 559   943  864.015998  0.186199
 559  1043  787.032962  0.342047
 560   556  513.490037  0.732640
 560   561  750.425154  0.185569
 560   610  767.421718  0.717395
 560   975  650.360292  0.282423
 561   560  442.437050  0.182897
 561   562  750.425154  0.159059
 561   611  0.000000  0.960000
 562   561  397.276148  0.156674
 562   563  750.408142  0.265098
 562   977  0.040968  0.400000
 563   562  397.276148  0.261123
 563   564  962.133508  0.191752
 563   613  1921.778981  0.737632
 564   563  948.402782  0.191112
 564   617  1531.599767  0.474456
 564   998  933.469432  0.108888
 565   537  114.926285  1.173918
 565   566  108.308202  0.010000
 565   569  17.000000  0.010000
 566   565  89.986354  0.010000
 566   567  124.328361  0.834881
 566   569  0.000403  0.010000
 567   118  17.001711  0.920000
 567   566  89.986757  0.834806
 567   666  107.333797  1.773918
 568   565  24.939931  0.010000
 568   566  16.020159  0.010000
 569   571  17.000403  1.773918
 570   116  62.999597  0.520000
 570   568  40.960091  1.173981
 571   116  17.000403  0.520000
 571   575  647.040413  2.153749
 572   570  67.000101  1.722300
 573   540  560.460626  0.716461
 573   572  20.000604  0.010000
 573   576  213.785583  0.010000
 573   577  0.000000  0.010000
 574   572  40.995873  0.010000
 574   573  0.000000  0.010000
 574   576  89.009047  0.010000
 575   573  219.078004  0.010000
 575   576  172.626154  0.010000
 575   577  255.336254  0.010000
 576   572  6.003624  0.010000
 576   573  341.382622  0.010000
 576   577  26.993819  0.010000
 576   630  475.420785  0.874359
 577   578  282.330073  0.575201
 578   111  38.992611  0.720000
 578   581  378.453967  1.100116
 579   111  28.999771  0.720000
 579   574  130.004920  0.549647
 580   543  81.255300  0.495976
 580   579  59.996650  0.965431
 580   581  130.839928  0.314140
 581   580  41.256763  0.313063
 581   582  337.390203  0.456555
 581   632  373.047706  0.769536
 582   584  326.159386  0.010000
 582   586  0.000000  0.010000
 582   587  11.230817  0.010000
 583   580  99.990875  0.417944
 584   544  337.206182  1.159520
 584   583  0.000000  0.010000
 584   586  164.966973  0.010000
 584   587  319.839586  0.010000
 585   583  21.994919  0.010000
 585   584  0.000000  0.010000
 585   586  8.065799  0.010000
 586   583  77.995956  0.010000
 586   584  11.046796  0.010000
 586   587  0.000000  0.010000
 586   635  173.032772  0.835199
 587   589  331.070403  0.454547
 588   546  120.004772  0.496897
 588   585  30.060718  0.417399
 588   589  16.830500  0.313044
 589   588  82.017222  0.313251
 589   590  175.578471  0.605674
 589   636  334.932035  0.741278
 590   592  173.609169  0.010000
 590   593  0.005675  0.010000
 590   594  1.963627  0.010000
 591   588  37.987550  0.600027
 592   548  360.877282  0.658983
 592   591  0.000000  0.010000
 592   593  66.800189  0.010000
 592   594  240.422821  0.010000
 593   591  37.987550  0.010000
 593   592  187.268113  0.010000
 593   594  0.000000  0.010000
 593   638  179.153669  0.835535
 594   596  242.386448  0.563838
 595   591  0.000000  0.010000
 595   592  0.000000  0.010000
 595   593  112.347806  0.010000
 596   597  104.782662  0.313532
 596   640  335.180310  0.740238
 597   551  104.782662  0.992852
 597   595  112.347806  0.548917
 597   596  92.793862  0.313365
 598   554  339.100389  0.711694
 598   599  534.788065  0.010000
 598   602  376.578633  0.010000
 599   598  339.086770  0.010000
 599   600  760.557510  1.011875
 599   602  12.011300  0.010000
 600    99  514.062435  0.480000
 600   599  351.098070  0.739334
 600   643  387.493798  0.611353
 601    98  440.275813  0.920000
 601   604  558.610359  0.574375
 601   645  762.634244  0.832431
 602   604  388.589933  0.846731
 603   598  0.013619  0.010000
 603   599  225.769445  0.010000
 604   601  944.101888  0.710456
 604   605  332.431592  0.199561
 604   610  520.499322  0.189509
 605   606  332.431592  0.142543
 606   607  332.407636  0.285080
 606   612  0.023957  0.280000
 607   608  2125.664143  0.200968
 607   609  170.659290  0.130438
 608   609  1232.784710  0.294026
 608   647  2125.664143  0.770377
 609   614  1169.686136  0.186166
 609   616  233.757864  0.730502
 610   560  560.282529  0.656827
 610   603  225.783064  0.747222
 610   604  849.832511  0.219999
 611   605  0.000000  0.280000
 611   610  347.977064  0.184226
 612   562  0.023957  0.960000
 612   611  347.977064  0.131590
 613   607  1963.915797  0.218848
 613   612  347.977064  0.263180
 614   564  1169.716635  0.638285
 614   613  390.113880  0.130551
 615   614  390.144379  0.600534
 615   616  1028.898316  0.296548
 615   617  590.276193  0.773232
 616   615  292.452544  0.209743
 616   619  464.435814  0.653430
 616   650  1115.706609  0.691947
 617   564  1281.621837  0.399821
 617   615  776.357679  0.845836
 617   997  0.028285  0.280000
 617  1012  1313.739753  0.532279
 618   615  940.508665  0.656973
 618   619  859.464839  0.221507
 618  1013  643.191581  0.873085
 619   618  418.789377  0.185833
 619   621  484.385854  0.627542
 619   652  839.709696  0.530496
 620    80  338.775695  0.440000
 620   618  1352.820990  0.243402
 621    80  80.333332  0.440000
 621   624  562.057607  0.314457
 622   620  1556.532917  0.641316
 622   623  2331.625040  0.670421
 622   624  1139.006547  0.212307
 623   622  1259.761528  0.616286
 623  1017  2081.264467  0.502736
 623  1020  250.360573  0.443532
 624   622  2048.186058  0.222435
 624   625  922.117090  0.577777
 624   627  748.173214  0.450665
 625   624  2017.412207  0.609225
 625   627  769.337619  0.569395
 625   655  2217.989038  0.605718
 626   622  1719.216918  0.548866
 626   627  1482.459136  0.280837
 626  1028  915.222261  1.428390
 627   625  1295.871948  0.589552
 627   626  723.616637  0.233746
 627   629  980.481384  0.907633
 628    81  191.650788  1.360000
 628   626  1878.059920  0.666715
 629    81  393.602265  1.360000
 629   450  752.899026  0.720127
 630   576  374.380064  0.848305
 630   631  56.629887  0.782612
 630   633  474.651978  1.037958
 631   110  45.902674  1.240000
 631   630  9.041244  0.782609
 631   632  405.026736  0.800752
 632   581  242.400776  0.698438
 632   631  45.902574  0.782610
 632   634  95.128185  1.201391
 632   635  496.898786  0.430766
 633   110  11.072308  1.040000
 633   115  32.001303  1.840000
 633   630  421.199901  1.018591
 633   838  483.670842  0.993597
 634   110  0.000000  1.400000
 634   632  92.305704  1.201205
 634   671  342.605432  0.894796
 635   586  89.042752  0.834805
 635   632  9.950176  0.417391
 635   636  497.004175  0.430776
 635   673  172.865814  2.087993
 636   589  244.626826  0.698798
 636   635  87.905400  0.417422
 636   637  126.363730  0.523321
 636   638  526.970520  0.623865
 637   109  141.956532  1.120000
 637   636  106.027262  0.522588
 637   675  54.388107  1.435012
 638   593  225.255662  0.853818
 638   636  47.903004  0.600005
 638   639  510.413191  0.486258
 638   640  429.263038  0.558386
 639   109  144.043468  1.040000
 639   638  326.008489  0.508685
 639   676  470.434598  1.312426
 640   596  104.782662  0.679320
 640   638  180.702217  0.553599
 640   643  628.238835  1.305467
 640   678  50.244969  1.591494
 641   642  441.995223  0.010000
 641   643  331.084032  0.500303
 642   641  331.084032  0.010000
 642   679  441.995223  0.496411
 643   600  364.184667  0.608611
 643   640  199.445514  1.122832
 643   641  441.995223  0.496411
 643   644  527.234875  0.352568
 644    99  159.937565  0.880000
 644   643  186.043613  0.343080
 644   645  564.234119  0.410966
 645   601  460.715042  0.748457
 645   644  345.892548  0.431382
 645   646  656.564891  0.734831
 645   680  521.771568  0.757798
 646   645  418.837554  0.690248
 646   647  1292.982364  0.591408
 646   648  1130.615946  1.270224
 646   681  1900.600335  0.519384
 647    98  512.482043  0.680000
 647   608  1232.784710  0.614781
 647   646  1968.652990  0.689616
 648    97  1340.993150  1.200000
 648   646  547.889902  0.845308
 648   649  580.429805  0.578187
 649   648  731.968991  0.616806
 649   650  680.588684  0.629460
 649   651  317.244298  0.656493
 649   659  753.388636  1.162767
 650    98  566.382361  1.400000
 650   616  609.938788  0.472711
 650   649  1008.137640  0.800059
 651   649  696.146713  0.720629
 651   652  526.911218  0.705039
 651   653  247.076607  0.627827
 651   658  746.464030  0.441878
 652    80  107.955998  0.640000
 652   619  418.984274  0.451321
 652   651  963.676814  0.894699
 653    82  305.719177  0.480000
 653   651  603.364178  0.666006
 653   654  342.802010  0.894725
 654   653  618.149561  0.948596
 654   655  132.313139  0.010000
 654   656  210.488871  0.010000
 655   625  2786.749826  0.573792
 655   654  618.149561  0.010000
 655   656  2018.741880  0.010000
 656   655  3073.339091  0.010000
 656   657  2229.230751  0.468200
 657    81  262.997825  1.400000
 657   656  3073.339091  0.485620
 657   702  2456.446655  1.109664
 658    82  51.280823  0.920000
 658   651  332.313278  0.394375
 658   698  895.804834  1.463032
 659    97  155.206503  1.040000
 659   649  198.476451  1.032269
 659   696  925.731781  0.707762
 660   145  7.000000  2.000000
 660   513  152.480370  2.579710
 660   661  406.092228  1.224269
 660   737  45.216555  8.014493
 661   660  152.420806  1.221831
 661   662  406.092228  1.305443
 662   123  18.000000  0.760000
 662   661  152.420806  1.289961
 662   663  416.089913  0.499493
 663   662  156.418491  0.492800
 663   664  416.089913  0.010000
 664   663  156.418491  0.010000
 664   665  416.089913  0.808004
 665   118  17.998792  1.880000
 665   664  156.418491  0.797176
 665   666  437.087195  0.426191
 666   567  26.992796  1.773913
 666   665  174.415169  0.425929
 666   667  544.419857  1.224473
 667   115  49.026680  1.640000
 667   120  557.389771  1.120000
 667   666  201.406830  1.222239
 667   668  1126.866279  0.928719
 668   667  134.761627  0.870372
 668   669  894.225264  0.010000
 668   837  196.978877  0.010000
 668   838  35.662138  0.010000
 669   668  73.988065  0.010000
 669   670  981.174292  0.574361
 669   837  19.011821  0.010000
 669   838  20.988962  0.010000
 670   110  0.139265  1.680000
 670   114  323.914071  2.640000
 670   669  113.988848  0.555569
 670   671  1490.097367  0.703935
 671   634  92.305704  0.887847
 671   670  377.958191  0.560752
 671   672  1645.520553  0.313706
 672   671  283.081649  0.296948
 672   673  11.025960  0.010000
 672   674  1634.494594  0.010000
 673   635  11.025960  2.086957
 673   672  172.853332  0.010000
 673   674  0.012483  0.010000
 674   672  110.228317  0.010000
 674   673  0.000000  0.010000
 674   675  1634.507076  0.371841
 675   637  86.007490  1.435904
 675   674  110.228317  0.351859
 675   676  1578.607492  0.504512
 675   686  690.728896  1.968487
 676   639  76.074045  1.278911
 676   675  746.618424  0.611506
 676   677  1737.901962  0.299148
 676   687  311.158240  2.233372
 677   102  647.786719  2.480000
 677   676  761.499716  0.360478
 677   678  1516.800525  0.288683
 678   640  0.079822  2.440000
 678   677  1032.345167  0.649886
 678   679  1516.971341  0.750591
 679   642  331.084032  0.500303
 679   678  982.350836  0.746827
 679   680  1282.947640  0.859332
 679   688  629.847878  0.851276
 680   645  239.238133  0.732241
 680   679  903.331282  0.839913
 680   681  1043.709508  0.712593
 681   646  1569.928416  0.475662
 681   680  381.559714  0.704443
 681   689  1846.011994  0.916486
 682   114  622.959900  1.880000
 682   683  257.005938  0.833371
 682   837  79.043616  0.574074
 683   120  93.014317  1.120000
 683   682  381.037120  0.833596
 683   704  1025.330732  1.775533
 684   113  1.636665  0.960000
 684   685  197.076104  0.767315
 684   705  7.150560  0.678261
 685   684  8.756222  0.756522
 685   686  197.076104  1.746303
 686   114  856.181995  1.880000
 686   675  30.058588  0.913061
 686   685  8.756222  1.721740
 687   102  112.265824  0.720000
 687   676  61.210865  2.217402
 687   707  370.364488  1.139308
 688   101  496.767744  0.960000
 688   679  363.932539  0.740894
 688   709  352.069421  2.561464
 689   101  464.247881  0.960000
 689   681  853.190281  0.519704
 689   690  1896.561112  0.521442
 690   689  709.911703  0.278034
 690   691  2123.724315  0.704209
 691   690  436.798199  0.277801
 691   693  304.637655  0.521764
 691   715  1882.090432  0.512406
 692   690  500.276708  0.392353
 693   695  304.637655  0.860911
 694    97  21.041069  1.320000
 694   100  995.514831  1.600000
 694   692  500.276708  0.366197
 695    97  16.026931  1.320000
 695   100  135.021844  1.600000
 695   697  179.408555  0.808699
 696   659  353.578089  0.608469
 696   694  366.398289  1.279091
 696   697  943.283409  0.376474
 697   696  91.922145  0.286982
 697   699  344.381180  0.652228
 697   718  827.396667  0.749741
 698   658  383.594101  1.189117
 698   696  645.605861  0.657531
 698   699  773.903251  0.329356
 699   698  433.591589  0.292641
 699   701  95.734255  1.304350
 699   720  993.356544  0.661189
 700    84  616.405455  0.880000
 700   698  473.706790  0.862662
 701    84  3.507758  0.880000
 701   703  235.637677  0.678324
 702   657  3086.846804  1.025097
 702   700  828.537091  1.096769
 702   703  1704.140738  0.257628
 703    83  198.000000  0.440000
 703   702  3163.077978  0.327052
 703   722  1740.366991  0.558882
 704   683  380.027380  1.704234
 704   705  910.104535  1.099203
 704   741  221.350710  1.692410
 705   106  340.005878  1.120000
 705   684  144.109216  0.681491
 705   704  58.138519  1.074074
 705   706  1157.304791  0.478535
 706   113  425.363335  0.960000
 706   705  459.195642  0.444797
 706   707  1106.366311  0.471736
 707   687  173.470226  1.122326
 707   706  674.618388  0.446805
 707   708  1277.319384  1.021173
 707   743  0.105691  1.982609
 708   104  511.345440  1.960000
 708   707  648.517957  0.911375
 708   709  766.201947  0.355369
 709   688  173.981778  2.531774
 709   708  648.694400  0.353393
 709   710  816.393915  0.638242
 709   836  1018.639515  1.198129
 710   709  1280.436302  0.708994
 710   711  294.070486  0.814886
 710   726  522.323430  0.444925
 711   710  1078.314163  0.858745
 711   712  0.073769  0.010000
 711   713  293.996717  0.010000
 712   713  205.805254  0.010000
 712   727  803.850037  0.750052
 713   711  1078.314163  0.010000
 713   712  803.776268  0.010000
 713   714  499.801970  0.278113
 714   713  1882.090432  0.309395
 714   715  499.801970  0.010000
 715   691  499.801970  0.278113
 715   714  1882.090432  0.010000
 716   717  0.000000  0.626087
 716   729  183.745340  0.606713
 717   716  183.745340  0.633092
 717   718  62.131180  0.704533
 717   719  16.956258  0.652174
 717   730  725.593642  0.674706
 718   100  130.727901  1.760000
 718   697  141.008027  0.628918
 718   717  705.744662  0.783659
 719   717  252.512156  0.674837
 719   720  404.527799  0.715285
 719   721  72.097098  1.460924
 719   731  685.169501  0.657935
 720    84  214.595756  1.520000
 720   699  404.397957  0.626730
 720   719  852.991645  0.851464
 721    85  653.048390  0.400000
 721   719  107.887392  1.461101
 721   723  0.000000  0.886957
 721   725  0.000000  1.773913
 722    84  622.573549  1.520000
 722   703  2898.666554  0.639262
 722   723  1857.231878  0.553655
 723   721  688.820566  0.977082
 723   724  1168.411312  0.112314
 724   725  3507.127940  0.621124
 724   735  1168.411312  0.318222
 725   721  0.018118  1.773913
 725   722  3507.109821  0.798580
 726   710  202.122138  0.443499
 726   727  264.809668  0.942541
 726   745  257.682867  0.939257
 727   712  205.805254  0.740752
 727   726  202.059411  0.940420
 727   728  179.041055  1.253300
 727   746  937.586406  0.608699
 728   100  621.014248  1.600000
 728   727  42.476844  1.252181
 728   729  189.058385  0.574538
 729   716  0.000000  0.600000
 729   728  500.344613  0.592830
 729   730  53.956619  0.626095
 729   750  321.314611  0.288962
 730   717  30.169602  0.600013
 730   729  502.094357  0.646981
 730   731  53.965742  0.652183
 730   756  908.276535  0.365821
 731   719  436.471259  0.612212
 731   730  568.114845  0.685928
 731   758  500.500807  0.295911
 731  1041  60.950443  0.600012
 732    85  575.952214  0.680000
 732  1041  0.770370  0.495652
 732  1042  0.000604  0.234783
 733   734  471.418602  0.589105
 733   764  199.770097  0.600027
 733  1042  515.772141  0.865372
 734   733  550.925144  0.600399
 734   735  471.418602  0.010000
 734   736  0.000000  0.010000
 735   724  3507.127940  0.502814
 735   734  550.925144  0.010000
 735   736  968.641819  0.010000
 736   735  3386.864988  0.010000
 736   767  968.641819  0.481979
 737   144  91.000000  2.000000
 737   660  0.070327  8.014493
 737   738  40.143149  2.116364
 737   800  17.077888  5.159420
 738   737  63.035169  2.116364
 738   739  40.143149  0.010000
 739   738  63.035169  0.010000
 739   740  40.143149  0.720000
 740   126  68.000000  1.120000
 740   739  63.035169  0.720000
 740   741  40.142445  0.545455
 741   704  428.013375  1.729641
 741   740  131.034465  0.545457
 741   742  433.410247  1.378715
 741   802  218.208174  2.260050
 742   106  125.001840  1.120000
 742   741  127.959169  1.376813
 742   743  631.408062  0.660139
 743   707  0.264932  1.982609
 743   742  187.058772  0.652181
 743   744  631.190238  1.058526
 744   743  187.000189  1.037078
 744   745  398.119739  1.111172
 744   836  667.070397  1.204104
 745   726  0.231833  0.939130
 745   744  499.998235  1.111308
 745   746  655.633501  0.611543
 746   727  413.355576  0.592872
 746   745  500.060962  0.611220
 746   748  1456.474494  0.353740
 747   746  776.671126  0.463752
 748   749  1456.474494  0.945599
 749   750  0.000000  0.495652
 749   752  1204.081964  0.222324
 749   753  931.444594  0.981380
 750   729  0.717760  0.286957
 750   747  776.671126  0.944645
 750   749  679.052065  0.542807
 751   103  3148.948093  0.920000
 751   750  1135.126340  0.222551
 752   103  779.051907  0.680000
 752   757  425.030057  0.222223
 753   749  0.000000  0.760000
 753   754  931.444594  0.010000
 754   753  0.000000  0.010000
 754   755  931.444594  0.800599
 755   105  1064.000000  1.120000
 755   754  0.000000  0.620000
 755  1040  0.000000  1.486957
 756   730  146.841129  0.288496
 756   751  4282.074433  0.527151
 756   757  140.318360  0.548046
 757   756  0.000000  0.547826
 757   759  432.793011  0.462964
 757  1039  132.555406  1.047389
 758   731  826.131742  0.341264
 758   756  3660.957386  0.745032
 758   759  0.249130  0.547826
 759   758  562.639964  0.576482
 759   760  426.024260  0.592598
 759   772  0.019528  1.147826
 760   758  3424.197486  0.847526
 760   761  426.024260  0.407438
 761   760  3424.197486  0.582674
 761   762  426.024260  0.500037
 762   761  3424.197486  0.715100
 762   763  147.852383  0.010000
 762   765  278.171877  0.010000
 763   762  1024.127091  0.010000
 763   764  635.311202  0.010000
 763   765  215.162016  0.010000
 763   771  449.981149  0.574872
 764   733  636.035093  0.604660
 764   762  0.000000  0.010000
 764   763  199.770097  0.010000
 764   765  0.000000  0.010000
 765   762  2400.070396  0.010000
 765   763  102.358669  0.010000
 765   764  0.723891  0.010000
 765   766  493.333892  0.574086
 766   765  2503.152955  0.845119
 766   767  0.020655  0.010000
 766   768  457.440643  0.010000
 766   769  35.872594  0.010000
 767   736  3386.864988  0.723916
 767   766  0.356271  0.010000
 767   768  297.224252  0.010000
 767   769  671.061296  0.010000
 768   459  1910.433751  0.737892
 768   766  2043.933325  0.010000
 768   767  1116.449885  0.010000
 768   769  537.899889  0.010000
 769   766  458.863360  0.010000
 769   767  2270.394448  0.010000
 769   768  1155.768856  0.010000
 769   770  1244.833779  0.638947
 770    86  382.000000  0.680000
 770   769  3885.026664  1.260568
 770   776  1028.934760  0.502886
 771    87  436.000000  0.960000
 771   763  1874.600308  1.114415
 771   775  153.432271  0.744000
 772   759  555.641611  1.205327
 772   773  0.019528  0.704348
 773   772  555.641611  0.739632
 773   774  0.019528  0.547826
 774   773  555.641611  0.859133
 774   775  0.019528  0.730435
 775   771  1684.051430  0.808276
 775   774  555.641611  0.767026
 775   776  13.637187  0.991306
 775   777  225.864961  1.128003
 776   770  3531.127645  0.812844
 776   775  223.067534  0.993270
 776   778  939.990672  0.854997
 777    88  126.852487  1.040000
 777   775  2102.675856  1.443360
 777   783  259.940335  1.200007
 778    88  308.147513  1.360000
 778   776  3651.613904  1.481820
 778   787  744.926638  0.982629
 779   131  601.000000  1.120000
 779   780  0.000000  0.782609
 780   779  601.000000  0.831616
 780   781  0.000000  0.010000
 781   780  601.000000  0.010000
 781   782  0.000000  0.860870
 782   781  601.000000  0.914778
 782   783  0.000000  0.010000
 782   784  0.000000  0.010000
 782   785  0.000000  0.010000
 783   777  1693.519207  1.309246
 783   782  204.883752  0.010000
 783   785  55.056584  0.010000
 784   782  90.703527  0.010000
 784   783  189.628231  0.010000
 784   785  0.000000  0.010000
 784   786  0.000000  0.756522
 785   782  305.412721  0.010000
 785   783  1503.890976  0.010000
 785   784  0.000000  0.010000
 785   788  55.056584  0.666667
 786    90  95.990198  1.760000
 786   784  280.331758  0.795634
 786   787  72.413677  0.730670
 787   778  3537.781892  1.601948
 787   786  99.135739  0.731376
 787   789  648.923896  1.093239
 788    90  0.059870  1.440000
 788   785  1809.303697  1.114326
 788   790  109.955559  1.129630
 789    90  8.774739  1.440000
 789   787  3468.501212  1.052080
 789   795  664.924755  0.945074
 790   788  1603.534410  1.550331
 790   791  109.955559  0.010000
 790   792  0.000000  0.010000
 791   790  1603.342051  0.010000
 791   792  41.405603  0.010000
 791   799  109.955559  0.555556
 792   790  0.192358  0.010000
 792   791  0.000000  0.010000
 792   793  41.405603  0.939187
 793    90  65.187172  1.760000
 793   792  0.192358  0.939130
 793   794  0.000000  0.939130
 794   793  23.973927  0.939139
 794   795  0.000000  0.010000
 794   796  0.000000  0.010000
 795   789  3109.592859  1.260758
 795   794  0.000000  0.010000
 795   796  664.924755  0.010000
 796   794  23.973927  0.010000
 796   795  3109.592859  0.010000
 796   797  664.924755  0.518864
 797    89  129.000000  0.760000
 797   796  3133.566786  0.698866
 797   798  617.917734  0.314961
 798    91  390.306038  1.880000
 798   797  2968.559765  0.398693
 798   810  415.919883  0.592631
 799    91  105.701511  1.720000
 799   791  1644.747654  0.790229
 799   808  159.930463  0.870374
 800   143  44.000000  2.000000
 800   737  3.039640  5.159420
 800   801  0.074558  3.405797
 801   142  64.000000  2.000000
 801   800  27.036310  3.405797
 801   802  135.151663  2.400187
 801   821  0.168527  5.898551
 802   741  821.213937  3.541968
 802   801  81.026421  2.400015
 802   803  165.117130  2.116807
 803   125  0.000000  1.080000
 803   802  713.997651  2.720158
 803   804  165.117130  0.665594
 804    93  0.009261  4.520000
 804   803  713.997651  0.855307
 804   805  165.107870  0.643771
 805   804  713.797744  0.827007
 805   806  86.118832  0.724641
 805   817  78.990173  2.220996
 806   805  640.140502  0.813460
 806   807  86.118832  0.010000
 807   806  640.140502  0.010000
 807   808  86.118832  0.907413
 808   799  1099.729120  0.920513
 808   807  640.140502  1.021901
 808   809  18.327976  1.055556
 808   812  124.015602  0.834880
 809   808  502.851313  1.056798
 809   810  12.329438  0.010000
 809   811  5.998537  0.010000
 810   798  2883.555352  0.728787
 810   809  102.920153  0.010000
 810   811  312.999729  0.010000
 811   809  399.931160  0.010000
 811   810  2871.225914  0.010000
 811   813  318.998267  0.870386
 812    92  123.996779  1.320000
 812   808  1133.312591  2.736487
 812   815  0.471356  1.747826
 813    94  213.000000  2.440000
 813   811  3271.157074  1.239815
 813   814  270.918253  0.277780
 814    92  81.003221  2.560000
 814   813  1707.077060  0.282523
 814   816  296.909624  0.685194
 815   812  0.038552  1.747826
 815   816  0.029593  1.069565
 815   817  0.533160  2.086957
 816   814  655.798224  0.685612
 816   815  0.104785  1.069565
 816   819  296.847820  1.574094
 817    93  0.199907  3.000000
 817   805  73.658377  2.220771
 817   815  0.025165  2.086957
 817   818  79.323426  1.360620
 818    95  30.000539  3.400000
 818   817  73.674281  1.360473
 818   820  49.376338  0.600048
 819    95  139.000569  2.040000
 819   816  655.811611  1.575055
 819   833  365.542943  0.592613
 820   818  0.191614  0.600000
 820   821  0.373847  0.010000
 820   822  48.998867  0.010000
 820   823  0.003624  0.010000
 821   801  144.255522  5.898551
 821   820  0.011878  0.010000
 821   822  0.148396  0.010000
 821   823  0.008254  0.010000
 822   820  0.179736  0.010000
 822   821  143.879561  0.010000
 822   823  0.000000  0.010000
 822   832  49.147263  1.898551
 823   820  0.000000  0.010000
 823   821  0.002114  0.010000
 823   822  0.000000  0.010000
 823   824  0.011878  2.760000
 824   128  0.000000  2.840000
 824   823  0.002114  2.760000
 824   825  0.011878  1.820000
 825   129  0.000000  3.400000
 825   824  0.002114  1.820000
 825   826  0.011878  1.980000
 826   130  0.000000  3.800000
 826   825  0.002114  1.980000
 826   827  0.011878  3.220000
 827   141  0.011878  2.000000
 827   826  0.002114  3.220000
 828   141  263.988122  2.000000
 828   829  45.997886  1.636364
 829   130  0.000000  3.800000
 829   828  263.988122  1.636372
 829   830  45.997886  1.112727
 830   129  0.000000  3.400000
 830   829  263.988122  1.112733
 830   831  45.997886  0.970909
 831   128  0.000000  2.840000
 831   830  263.988122  0.970914
 831   834  45.997886  1.385455
 832   822  144.059297  1.898551
 832   833  0.000227  0.010000
 832   834  37.987550  0.010000
 832   835  11.159486  0.010000
 833   819  147.042314  0.592593
 833   832  9.753966  0.010000
 833   834  193.993743  0.010000
 833   835  161.795235  0.010000
 834   831  263.988122  1.385461
 834   832  14.993068  0.010000
 834   833  6.004818  0.010000
 834   835  25.000000  0.010000
 835   489  197.954721  1.681160
 835   832  119.312263  0.010000
 835   833  141.037269  0.010000
 835   834  32.006830  0.010000
 836   104  1679.654560  1.080000
 836   709  259.001938  0.497205
 836   744  121.001853  0.991408
 837   668  0.000000  0.010000
 837   669  25.997651  0.010000
 837   682  577.936600  0.575499
 837   838  53.045965  0.010000
 838   633  109.697065  0.991371
 838   668  60.773563  0.010000
 838   669  60.951378  0.010000
 838   837  361.945902  0.010000
 839    10  269.119094  1.520000
 839   205  389.036948  0.744135
 839   840  1151.433715  1.538709
 840     9  888.000000  0.360000
 840   839  0.009261  1.382609
 840   844  951.349586  1.340610
 841   536  912.124076  1.360595
 841   842  2785.269033  0.010000
 842   841  912.124076  0.010000
 842   843  2785.269033  0.276697
 843   842  912.124076  0.240858
 843   848  184.297828  0.313351
 843   852  2600.971204  0.404695
 844   840  565.925132  1.068998
 844   845  4.998362  0.010000
 844   846  511.121426  0.010000
 844   847  435.229799  0.010000
 845   535  895.437157  0.393611
 845   846  452.769377  0.010000
 845   847  920.389978  0.010000
 846   844  339.846595  0.010000
 846   845  269.050667  0.010000
 846   887  805.868768  0.274970
 847   844  226.078537  0.010000
 847   845  621.388127  0.010000
 847   849  1355.619777  0.400915
 848   843  195.056547  0.313424
 848   849  116.814968  0.010000
 848   850  184.172081  0.010000
 849   847  847.466664  0.384045
 849   848  0.046758  0.010000
 849   850  563.515725  0.010000
 849   851  792.057294  0.010000
 850   848  311.699009  0.010000
 850   851  4.505073  0.010000
 850   888  747.687806  0.208076
 851   848  0.000000  0.010000
 851   849  730.651696  0.010000
 851   850  0.000000  0.010000
 851   852  792.077086  0.211738
 852   843  717.067529  0.259511
 852   851  726.166415  0.214926
 852   853  2291.051543  0.503224
 852   889  1102.025150  0.204917
 853   852  1443.262348  0.350610
 853   854  2291.068756  0.167743
 854     1  884.822523  0.780000
 854   853  1442.514915  0.116847
 854   855  1969.027972  0.177136
 855   854  2005.263438  0.179841
 855   856  1672.644390  0.010000
 855   857  468.331710  0.010000
 856   855  2177.211566  0.010000
 856   858  1820.749183  0.231944
 857   856  595.902978  0.010000
 857   891  468.331710  0.187540
 858   856  1729.413381  0.223823
 858   859  1820.749183  0.010000
 858   860  0.000000  0.010000
 859   858  1729.413381  0.010000
 859   860  0.052723  0.010000
 859   861  1820.749183  0.198809
 860   892  0.052723  0.440000
 861   859  1729.466103  0.191852
 861   862  1820.749183  0.010000
 862   861  1729.466103  0.010000
 862   865  1820.758358  0.397619
 863   861  0.000000  0.010000
 863   862  0.009174  0.010000
 864   865  6.953447  0.010000
 864   866  1633.746124  0.010000
 864   870  7.806296  0.417391
 865   862  1729.466103  0.383704
 865   866  646.543102  0.010000
 865   867  1174.215255  0.010000
 866   864  7.806296  0.010000
 866   865  1056.097266  0.010000
 866   867  307.091989  0.010000
 866   898  2280.278466  0.248885
 867   864  1243.034930  0.010000
 867   865  666.415390  0.010000
 867   868  1481.307244  0.236096
 868   867  1909.450320  0.274095
 868   873  1766.867603  0.162147
 869   868  1106.423656  0.352473
 869   870  1010.144092  0.218223
 869   872  142.214178  0.120428
 870     1  620.262835  1.380000
 870   864  397.664641  0.423867
 870   869  0.075053  0.156522
 871   264  539.331453  0.577916
 871   869  1861.837170  0.874141
 872   147  142.184219  1.560000
 872   869  396.869702  0.138294
 872   871  539.331453  0.733174
 873   868  1088.587022  0.136200
 873   872  936.034971  0.223602
 873   874  1355.839115  0.085801
 874   873  1613.593505  0.092002
 874   875  1162.361360  0.303112
 874   901  261.837085  0.247934
 875   874  1566.413838  0.332365
 875   876  768.303485  0.010000
 875   877  394.057875  0.010000
 876   875  1566.413838  0.010000
 876   877  699.533651  0.010000
 876   878  768.303485  0.290701
 877   903  1093.591526  0.158812
 878   876  2265.947489  0.452503
 878   879  422.054720  0.010000
 878  1048  346.248765  0.010000
 879   878  1867.666493  0.010000
 879   881  653.993638  0.315370
 879  1048  385.625925  0.010000
 880   878  360.382997  0.010000
 880   879  231.938918  0.010000
 880  1048  583.975315  0.010000
 881   879  2253.292418  0.490751
 881   882  317.962859  0.010000
 881   883  336.030780  0.010000
 882   881  1905.593650  0.010000
 882   883  502.207648  0.010000
 882   884  903.809358  0.373640
 883   881  347.698767  0.010000
 883   882  585.846499  0.010000
 883   905  838.238428  0.163929
 884   882  2407.801299  0.623890
 884   885  903.809358  0.010000
 884   886  0.000000  0.010000
 885   355  905.199658  0.385417
 885   884  2407.801299  0.010000
 885   886  434.956478  0.010000
 886   885  1.398472  0.010000
 886   906  434.956478  0.194235
 887   846  450.875229  0.239921
 887   944  805.868768  0.183313
 888   559  802.704369  0.184449
 888   850  316.204082  0.183838
 888   887  450.875229  0.346553
 889   888  577.329596  0.192317
 889   943  1101.996747  0.175642
 890   853  0.764646  0.280000
 890   889  577.301193  0.357157
 891   857  595.902978  0.193717
 891   890  578.065839  0.262098
 891   941  430.434063  0.159676
 892   891  605.584241  0.183622
 892   940  0.114726  0.200000
 893     2  1099.959417  0.420000
 893   892  605.646244  0.078695
 894   863  0.009174  0.560000
 894   893  1705.605661  0.094835
 895   894  1705.605661  0.316116
 895   937  1451.154226  0.173771
 896   895  1219.575545  0.215913
 896   914  138.437712  0.320082
 896   915  295.906387  0.252342
 897   896  1515.481932  0.217368
 898   866  1370.984792  0.172210
 898   897  1304.226796  0.010000
 898   899  976.051670  0.010000
 899   898  1370.858008  0.010000
 899   914  976.051670  0.161254
 900   897  211.255136  0.010000
 900   898  0.126784  0.010000
 900   899  0.000000  0.010000
 901   874  115.538998  0.240397
 901   900  211.381920  0.602184
 901   913  261.837085  0.247934
 902     4  0.023554  1.680000
 902   901  211.557113  0.162576
 903   902  211.563656  0.284508
 903   912  1149.578059  0.159385
 904   880  1176.297231  0.159625
 904   903  267.550189  0.456598
 905   883  933.545267  0.167656
 905   904  311.733803  0.511714
 905   909  988.858458  0.084948
 906   886  1.398472  0.156522
 906   905  168.618693  0.604211
 906   907  266.493315  0.163299
 907   906  1.554002  0.156522
 907   926  266.493315  0.163299
 908   907  0.000000  0.640000
 908   909  1207.055044  0.091966
 908   924  1373.592329  0.198635
 909     3  1261.872969  0.600000
 909   905  1227.280406  0.092918
 909   908  1373.592329  0.099317
 910   908  0.000000  0.480000
 910   911  1132.092579  0.079565
 911     3  0.021038  2.040000
 911   904  1132.113617  0.079565
 912   910  0.021038  0.440000
 912   920  1149.578059  0.079693
 913   901  115.363804  0.240395
 913   912  0.021038  0.440000
 913   917  288.238393  0.251341
 914   899  1370.858008  0.172205
 914   913  26.433820  0.560004
 914   916  949.629325  0.160814
 915   895  1937.184342  0.242725
 915   896  138.437712  0.240775
 915   934  405.553804  0.079486
 916   914  1232.431771  0.167335
 916   915  1798.530210  0.294268
 916   951  949.689317  0.348433
 917     4  831.886919  0.540000
 917   913  115.352329  0.240395
 917   918  289.911902  0.125798
 918   916  1661.401008  0.404729
 918   917  543.648526  0.177874
 918   933  0.000000  0.240000
 919     4  647.559359  0.900000
 919   918  1371.619847  0.200631
 920     4  329.391138  0.600000
 920   921  1024.894103  0.105493
 921   919  2019.179206  0.144365
 921   931  1108.541071  0.158974
 922   910  1132.071541  0.159129
 922   921  2102.826174  0.414187
 923     3  0.080627  1.320000
 923   922  2463.253347  0.230722
 924   908  1207.055044  0.183931
 924   923  2463.282136  0.323017
 924   928  1189.431903  0.182249
 925   924  2713.595502  0.321491
 925   926  0.000000  0.280000
 926   907  1.554002  0.156522
 926   925  220.959707  0.346793
 926   957  45.777393  0.339161
 927   358  1078.767009  0.629700
 927   956  0.000000  0.240000
 928   924  772.581252  0.162230
 928   927  1078.767009  0.367314
 928   955  1071.233245  0.174327
 929     3  0.025366  1.500000
 929   928  1081.707430  0.087539
 930   922  771.644368  0.156998
 930   929  1081.658912  0.233432
 931   930  1377.164455  0.366290
 931   953  888.171536  0.156770
 932     4  0.139030  1.080000
 932   931  1156.794920  0.192493
 933   918  543.517785  0.355644
 933   932  1156.922374  0.109998
 933   952  0.000000  0.240000
 934     2  0.105590  1.320000
 934   915  386.739261  0.079311
 934   935  405.479921  0.079486
 935   933  1344.753532  0.626638
 935   934  386.769559  0.079311
 935   950  613.615917  0.167019
 936   935  1532.681748  0.149414
 937   936  887.464689  0.159859
 937   948  1636.542067  0.312240
 938     2  764.934993  0.420000
 938   937  1072.852531  0.135904
 939   894  0.009174  0.200000
 939   938  1823.788933  0.165578
 940   939  1706.786299  0.221605
 940   946  0.114726  0.400000
 941   891  530.486928  0.162857
 941   940  1706.786299  0.221605
 941   945  847.414854  0.313931
 942   890  0.000000  0.240000
 942   941  1966.012744  0.350599
 943   942  1966.012744  0.455778
 944   559  805.868768  0.344248
 945   941  688.241274  0.287152
 945   969  847.529580  0.313957
 946   945  0.114726  0.280000
 946   968  0.000000  0.400000
 947   939  117.011808  0.400698
 947   946  0.000000  0.240000
 948   947  116.961666  0.400697
 948   966  1636.544536  0.255470
 949   936  645.217058  0.309101
 949   948  116.964135  0.240095
 950   935  406.977340  0.159033
 950   949  0.002469  0.440000
 950   964  613.684163  0.167023
 951   916  1369.620966  0.372634
 951   950  0.069353  0.440000
 951   963  949.623084  0.168283
 952   933  355.686626  0.264509
 952   951  0.003120  0.400000
 952   962  0.000000  0.240000
 953   952  0.003120  0.440000
 953   961  1033.782386  0.157007
 954   930  476.138825  0.156577
 954   953  145.613970  0.441643
 955   928  651.442173  0.159662
 955   954  145.624841  0.481793
 955   959  925.619275  0.167246
 956   927  0.000000  0.240000
 956   955  0.000000  0.520000
 957   926  1.797787  0.339130
 957   956  0.000000  0.280000
 957   958  45.777393  0.156536
 958   957  1.797787  0.156522
 958   987  45.777393  0.156536
 959   955  651.453044  0.159662
 959   958  0.000000  0.840000
 959   986  925.619275  0.167246
 960   954  476.127954  0.156577
 960   959  0.000000  0.480000
 961   960  0.012482  0.440000
 961   984  1033.782386  0.158277
 962   952  355.686626  0.264509
 962   961  0.012482  0.440000
 962   983  0.000000  0.240000
 963   951  1369.620966  0.171985
 963   962  313.420062  0.382971
 963   982  1000.833955  0.170659
 964   950  406.978701  0.159033
 964   963  51.224560  0.480041
 964   981  604.459532  0.166480
 965   949  762.178725  0.238911
 965  1044  41.986239  0.320013
 966   965  0.000000  0.280000
 966   973  1636.544536  0.198699
 967   947  0.050142  0.400000
 967   966  0.000000  0.400000
 968   967  0.000000  0.240000
 968   971  0.000000  0.280000
 969   945  688.241274  0.287152
 969   968  0.000000  0.280000
 969   970  847.529580  0.125583
 970     7  245.072050  0.960000
 970   969  688.241274  0.114861
 970   975  875.897201  0.160209
 971     7  0.000000  0.780000
 971   976  45.160902  0.080005
 972     7  0.000000  0.720000
 972   967  0.050142  0.080000
 973     7  282.701096  0.900000
 973   978  1582.377713  0.056126
 974     7  272.278794  1.080000
 974   965  804.164964  0.080010
 975   560  875.897201  0.320417
 975   970  650.360292  0.141211
 976   561  45.160902  0.400023
 977   972  0.040968  0.280000
 978   563  1582.377713  0.280632
 979   974  939.416820  0.218037
 980   979  6.006456  0.280000
 980   997  91.652702  0.242234
 981   964  406.992391  0.159033
 981   980  97.659158  0.720668
 981   996  513.342918  0.162106
 982   963  1683.027338  0.188321
 982   981  0.540820  0.520000
 982   994  1000.774739  0.170656
 983   962  42.279046  0.240011
 983   982  0.481604  0.320000
 983   993  0.000000  0.240000
 984   983  0.481604  0.440000
 984   992  1033.603359  0.079138
 985   960  476.115472  0.156577
 985   984  0.302578  0.440000
 986   959  651.453044  0.159662
 986   985  180.855958  0.484124
 986   989  925.619275  0.167246
 987   958  1.797787  0.156522
 987   986  0.072087  0.880000
 987   988  45.777393  0.156536
 988   987  1.869873  0.156522
 988  1045  45.777393  0.547876
 989   986  832.236916  0.163929
 989   988  0.000000  0.960000
 989  1009  925.624610  0.306618
 990   985  295.562091  0.156528
 990   989  0.005335  0.480000
 991   990  0.010177  0.440000
 991  1006  596.669337  0.156563
 992     6  436.938998  0.420000
 992   991  596.674179  0.078336
 993   983  42.279046  0.240011
 993   991  0.005335  0.440000
 993  1004  0.000000  0.240000
 994   982  1683.027338  0.188321
 994   993  42.284381  0.280012
 994  1002  1000.774739  0.170656
 995   994  0.024561  0.560000
 995   996  440.324993  0.079899
 995   999  216.187378  0.156788
 996     8  466.484393  0.540000
 996   981  412.994116  0.159165
 996   995  216.187378  0.078394
 997   617  91.652702  0.280206
 997   980  0.000000  0.240000
 997   995  0.087352  0.720000
 998   979  933.410364  0.108887
 998   997  0.059067  0.440000
 999   995  440.262201  0.159796
 999  1013  216.187378  0.261313
1000   999  169.274896  0.603940
1001  1002  1894.562055  0.010000
1001  1015  1000.774739  0.170656
1002   994  1725.287159  0.191254
1002  1000  169.274896  0.010000
1002  1001  1000.774739  0.010000
1003  1000  0.000000  0.010000
1003  1002  0.000000  0.010000
1004   993  0.000000  0.240000
1004  1003  0.000000  0.240000
1005  1004  0.000000  0.440000
1006  1005  0.000000  0.010000
1006  1051  596.669337  0.010000
1007  1008  295.566611  0.078264
1007  1052  0.000000  0.400000
1008     6  0.013186  1.620000
1008   990  295.557250  0.104352
1009     5  503.283853  0.600000
1009   989  832.236916  0.300537
1009  1026  1118.939808  0.295624
1010     5  0.000000  2.280000
1010  1007  295.566611  0.130436
1011   362  1018.298097  0.312260
1011  1045  1.869873  0.010000
1011  1046  2251.500524  0.010000
1012     8  612.515607  0.780000
1012   617  1158.218891  0.494892
1012  1013  1298.503469  0.124182
1013   618  671.554718  0.882825
1013   999  270.987305  0.261878
1013  1012  1533.496190  0.146733
1013  1014  1319.609425  0.548954
1014  1013  1637.765210  0.684933
1014  1016  1245.095451  0.010000
1014  1017  111.505273  0.010000
1015  1001  1894.562055  0.204629
1015  1016  0.152177  0.010000
1015  1017  1000.622562  0.010000
1016  1014  1674.218225  0.010000
1016  1015  206.914217  0.010000
1016  1018  1638.324157  0.187040
1017   623  1112.127836  0.476867
1017  1014  0.538284  0.010000
1017  1015  1687.647838  0.010000
1017  1016  393.078345  0.010000
1018     6  917.051540  0.660000
1018  1016  1881.130626  0.237957
1018  1019  1007.269377  0.209272
1019  1018  2017.137305  0.221647
1019  1020  147.633692  0.182611
1019  1021  1007.261928  0.276806
1020   623  147.633692  0.443483
1020  1023  250.360573  0.417442
1021  1019  1568.094211  0.377523
1021  1024  1007.261928  0.010000
1022  1010  295.553425  0.130436
1023  1021  0.000000  0.010000
1023  1022  249.572353  0.010000
1023  1024  0.788220  0.010000
1024  1021  1568.094211  0.010000
1024  1022  45.981072  0.010000
1024  1025  1007.987362  0.368874
1025  1024  1614.012497  0.550957
1025  1027  1007.987362  0.010000
1025  1028  0.000000  0.010000
1026  1009  925.849353  0.278806
1026  1025  256.733425  0.010000
1026  1027  0.000000  0.010000
1026  1028  862.206383  0.010000
1027  1025  1312.445093  0.010000
1027  1026  114.216203  0.010000
1027  1028  653.015375  0.010000
1027  1029  952.614407  0.210319
1028   626  1515.221758  1.542172
1028  1025  44.833979  0.010000
1028  1026  811.633150  0.010000
1028  1027  58.755132  0.010000
1029     5  331.729333  0.840000
1029  1027  1965.548583  0.250134
1029  1046  1019.627793  0.369067
1030   138  39.000000  2.000000
1030   426  17.000000  0.296296
1031   146  386.000000  2.000000
1031   511  21.000000  0.327273
1032   132  55.000000  2.000000
1032   182  6.000000  0.327273
1033   133  80.000000  2.000000
1033   213  6.000000  0.305455
1034    66  6.051150  1.440000
1034   445  372.890494  0.870981
1034   465  29.016266  2.269566
1035    55  655.075740  1.160000
1035    58  946.775206  1.880000
1035   397  11.000403  0.855073
1035   433  310.043292  1.347831
1036   211  1187.217160  1.441134
1036  1037  819.727021  0.010000
1037   212  819.727021  0.320672
1037  1036  1187.217160  0.010000
1038   258  261.805773  0.704452
1038   259  337.227688  0.010000
1038  1047  634.222328  0.010000
1039   757  0.000000  1.043478
1039  1040  132.555406  0.010000
1040   755  132.555406  1.492530
1040  1039  0.000000  0.010000
1041   731  0.770370  0.600000
1041   732  60.950443  0.495662
1042   732  515.772141  0.243386
1042   733  0.000604  0.834783
1043   558  787.032962  0.228031
1043   559  287.242100  0.235948
1044   964  41.986239  0.320013
1045   988  1.869873  0.547826
1045  1046  45.777393  0.010000
1046  1011  1019.627793  0.010000
1046  1029  2297.277917  0.510735
1047   259  378.527451  0.010000
1047   261  1592.070499  0.948487
1047  1038  95.760725  0.010000
1048   147  1315.850005  0.780000
1048   878  37.897999  0.010000
1048   879  0.000000  0.010000
1049   219  68.242773  1.320347
1049  1050  270.016015  0.010000
1050   238  270.016015  2.558434
1050  1049  68.242773  0.010000
1051  1019  596.669337  0.156563
1052  1005  0.000000  0.010000
