
 no | name | algo | theta | market | tolerance | objective | cost | mean_n_path | mean_path_cost | mean_n_route | mean_route_cost
# 1 SiouxFalls FW 0.02 0.10 2.00 4233808.02 7478232.78 0.000 0.000 0.000 0.000
# 2 SiouxFalls COL 0.02 0.10 2.00 7276936.23 7276936.23 1.894 90.651 0.000 0.000
# 3 SiouxFalls DSD 0.02 0.10 2.00 118629133.22 11973710.26 0.000 0.000 2.082 45.420
# 4 SiouxFalls MIX 0.02 0.10 1.05 15889399.83 39468095.27 0.965 102.274 1.832 70.114
# 5 SiouxFalls MIX 0.02 0.10 1.10 13143361.84 26315014.00 1.071 74.365 1.873 57.246
# 6 SiouxFalls MIX 0.02 0.10 1.15 11071977.37 16419190.66 1.158 51.793 1.849 46.134
# 7 SiouxFalls MIX 0.02 0.10 1.20 9963675.21 11756647.14 1.281 40.669 1.969 40.813
# 8 SiouxFalls MIX 0.02 0.10 1.25 9723865.09 10691860.07 1.401 38.553 1.941 38.904
# 9 SiouxFalls MIX 0.02 0.10 1.30 9589480.37 10103974.85 1.448 35.743 1.955 37.597
#10 SiouxFalls MIX 0.02 0.10 1.40 9163134.18 8317199.59 1.512 32.053 1.970 35.179
#11 SiouxFalls MIX 0.02 0.10 1.50 8949915.19 7694216.03 1.641 29.855 2.134 34.776
#12 SiouxFalls MIX 0.02 0.10 2.00 8919416.10 7637231.92 1.964 31.779 2.214 34.976
#13 SiouxFalls FW 0.02 0.20 2.00 4233808.02 7478232.78 0.000 0.000 0.000 0.000
#14 SiouxFalls COL 0.02 0.20 2.00 7276936.23 7276936.23 1.894 90.651 0.000 0.000
#15 SiouxFalls DSD 0.02 0.20 2.00 118629133.22 11973710.26 0.000 0.000 2.082 45.420
#16 SiouxFalls MIX 0.02 0.20 1.05 23190679.04 25876063.33 0.965 74.539 1.998 56.550
#17 SiouxFalls MIX 0.02 0.20 1.10 21598101.37 18849979.28 1.071 58.272 2.010 49.904
#18 SiouxFalls MIX 0.02 0.20 1.15 20557302.12 13549588.98 1.163 44.954 1.894 43.786
#19 SiouxFalls MIX 0.02 0.20 1.20 19788487.54 10871945.60 1.299 38.041 2.000 40.282
#20 SiouxFalls MIX 0.02 0.20 1.25 19521061.06 10157764.17 1.405 36.796 2.042 39.689
#21 SiouxFalls MIX 0.02 0.20 1.30 19466162.98 9752005.24 1.465 34.691 2.019 38.483
#22 SiouxFalls MIX 0.02 0.20 1.40 19170920.91 8498572.78 1.514 32.050 2.003 36.428
#23 SiouxFalls MIX 0.02 0.20 1.50 18897233.46 8092657.79 1.628 30.738 2.167 36.152
#24 SiouxFalls MIX 0.02 0.20 2.00 18926123.47 8069107.53 1.939 33.002 2.191 36.398
#25 SiouxFalls FW 0.02 0.30 2.00 4233808.02 7478232.78 0.000 0.000 0.000 0.000
#26 SiouxFalls COL 0.02 0.30 2.00 7276936.23 7276936.23 1.894 90.651 0.000 0.000
#27 SiouxFalls DSD 0.02 0.30 2.00 118629133.22 11973710.26 0.000 0.000 2.082 45.420
#28 SiouxFalls MIX 0.02 0.30 1.05 32348883.16 18516383.06 0.981 56.987 2.155 50.862
#29 SiouxFalls MIX 0.02 0.30 1.10 31412086.88 14992481.14 1.106 48.241 2.203 47.318
#30 SiouxFalls MIX 0.02 0.30 1.15 30730923.71 12098062.71 1.203 40.556 2.177 43.723
#31 SiouxFalls MIX 0.02 0.30 1.20 30442303.46 10484827.87 1.286 36.758 2.102 41.355
#32 SiouxFalls MIX 0.02 0.30 1.25 30205629.71 9983392.88 1.387 35.973 2.142 40.547
#33 SiouxFalls MIX 0.02 0.30 1.30 30038546.37 9679964.49 1.476 34.500 2.191 39.905
#34 SiouxFalls MIX 0.02 0.30 1.40 29885977.51 8826938.17 1.550 32.736 2.181 38.585
#35 SiouxFalls MIX 0.02 0.30 1.50 29800920.97 8541935.02 1.679 31.919 2.210 37.984
#36 SiouxFalls MIX 0.02 0.30 2.00 29746138.62 8500829.99 1.958 34.189 2.260 37.961
#37 SiouxFalls FW 0.02 0.50 2.00 4233808.02 7478232.78 0.000 0.000 0.000 0.000
#38 SiouxFalls COL 0.02 0.50 2.00 7276936.23 7276936.23 1.894 90.651 0.000 0.000
#39 SiouxFalls DSD 0.02 0.50 2.00 118629133.22 11973710.26 0.000 0.000 2.082 45.420
#40 SiouxFalls MIX 0.02 0.50 1.05 53968640.02 13228809.70 0.979 42.244 2.347 47.185
#41 SiouxFalls MIX 0.02 0.50 1.10 53668077.61 12082961.29 1.118 39.641 2.349 45.079
#42 SiouxFalls MIX 0.02 0.50 1.15 53596383.15 10991743.58 1.207 36.998 2.271 43.461
#43 SiouxFalls MIX 0.02 0.50 1.20 53166172.29 10414137.35 1.358 36.045 2.340 42.314
#44 SiouxFalls MIX 0.02 0.50 1.25 53082675.42 10194624.03 1.465 35.822 2.361 41.841
#45 SiouxFalls MIX 0.02 0.50 1.30 53200316.71 10008745.11 1.545 35.064 2.342 41.380
#46 SiouxFalls MIX 0.02 0.50 1.40 53200703.12 9564270.38 1.627 34.331 2.311 40.615
#47 SiouxFalls MIX 0.02 0.50 1.50 53321312.36 9314921.09 1.731 33.937 2.326 40.350
#48 SiouxFalls MIX 0.02 0.50 2.00 53274781.18 9277702.85 1.965 36.087 2.285 39.817
#49 SiouxFalls FW 0.02 0.80 2.00 4233808.02 7478232.78 0.000 0.000 0.000 0.000
#50 SiouxFalls COL 0.02 0.80 2.00 7276936.23 7276936.23 1.894 90.651 0.000 0.000
#51 SiouxFalls DSD 0.02 0.80 2.00 118629133.22 11973710.26 0.000 0.000 2.082 45.420
#52 SiouxFalls MIX 0.02 0.80 1.05 91042469.94 11234290.39 0.976 35.339 2.340 42.956
#53 SiouxFalls MIX 0.02 0.80 1.10 90813575.60 11027296.96 1.160 36.175 2.384 42.559
#54 SiouxFalls MIX 0.02 0.80 1.15 90859696.43 10898094.37 1.280 36.746 2.365 42.820
#55 SiouxFalls MIX 0.02 0.80 1.20 90897692.58 10784301.26 1.425 37.139 2.354 42.621
#56 SiouxFalls MIX 0.02 0.80 1.25 90796128.68 10709284.68 1.509 37.257 2.380 42.438
#57 SiouxFalls MIX 0.02 0.80 1.30 90876290.26 10610818.65 1.571 37.111 2.361 41.904
#58 SiouxFalls MIX 0.02 0.80 1.40 90859660.43 10394943.72 1.648 36.338 2.368 41.136
#59 SiouxFalls MIX 0.02 0.80 1.50 90940603.79 10292554.15 1.734 36.917 2.366 40.933
#60 SiouxFalls MIX 0.02 0.80 2.00 90562521.17 10300259.14 2.035 38.661 2.444 41.095
#61 SiouxFalls FW 0.10 0.10 2.00 4233808.02 7478232.78 0.000 0.000 0.000 0.000
#62 SiouxFalls COL 0.10 0.10 2.00 7276936.23 7276936.23 1.894 90.651 0.000 0.000
#63 SiouxFalls DSD 0.10 0.10 2.00 27795337.52 8544378.67 0.000 0.000 1.972 34.538
#64 SiouxFalls MIX 0.10 0.10 1.05 9764281.52 38849748.77 0.965 100.405 1.840 68.868
#65 SiouxFalls MIX 0.10 0.10 1.10 7106930.95 25709367.43 1.068 72.633 1.866 56.199
#66 SiouxFalls MIX 0.10 0.10 1.15 5091287.19 15803100.26 1.158 50.149 1.849 44.980
#67 SiouxFalls MIX 0.10 0.10 1.20 4123972.58 11126337.82 1.262 39.337 1.884 39.497
#68 SiouxFalls MIX 0.10 0.10 1.25 3895667.25 10124942.49 1.398 37.306 1.922 37.905
#69 SiouxFalls MIX 0.10 0.10 1.30 3763040.29 9582582.01 1.450 34.734 1.988 36.612
#70 SiouxFalls MIX 0.10 0.10 1.40 3418121.32 8039924.55 1.526 31.502 1.951 34.173
#71 SiouxFalls MIX 0.10 0.10 1.50 3263350.66 7447408.36 1.641 29.470 2.080 33.771
#72 SiouxFalls MIX 0.10 0.10 2.00 3247312.57 7379560.88 1.863 30.785 2.101 33.866
#73 SiouxFalls FW 0.10 0.20 2.00 4233808.02 7478232.78 0.000 0.000 0.000 0.000
#74 SiouxFalls COL 0.10 0.20 2.00 7276936.23 7276936.23 1.894 90.651 0.000 0.000
#75 SiouxFalls DSD 0.10 0.20 2.00 27795337.52 8544378.67 0.000 0.000 1.972 34.538
#76 SiouxFalls MIX 0.10 0.20 1.05 9322104.94 24864616.95 0.965 71.646 1.965 54.926
#77 SiouxFalls MIX 0.10 0.20 1.10 7852904.87 17713685.60 1.075 55.263 1.969 48.142
#78 SiouxFalls MIX 0.10 0.20 1.15 6753125.97 12340771.53 1.158 42.145 1.845 41.615
#79 SiouxFalls MIX 0.10 0.20 1.20 6180111.46 9872425.52 1.290 35.931 1.941 38.209
#80 SiouxFalls MIX 0.10 0.20 1.25 6016111.98 9312393.06 1.398 35.026 1.979 37.094
#81 SiouxFalls MIX 0.10 0.20 1.30 5927867.67 8931519.48 1.465 33.103 1.981 36.117
#82 SiouxFalls MIX 0.10 0.20 1.40 5680763.88 7950760.35 1.507 30.813 1.964 34.205
#83 SiouxFalls MIX 0.10 0.20 1.50 5551564.68 7558052.62 1.613 29.565 2.116 34.402
#84 SiouxFalls MIX 0.10 0.20 2.00 5542736.60 7494469.30 1.851 31.050 2.099 34.180
#85 SiouxFalls FW 0.10 0.30 2.00 4233808.02 7478232.78 0.000 0.000 0.000 0.000
#86 SiouxFalls COL 0.10 0.30 2.00 7276936.23 7276936.23 1.894 90.651 0.000 0.000
#87 SiouxFalls DSD 0.10 0.30 2.00 27795337.52 8544378.67 0.000 0.000 1.972 34.538
#88 SiouxFalls MIX 0.10 0.30 1.05 10219280.83 17014255.84 0.965 53.675 2.108 48.461
#89 SiouxFalls MIX 0.10 0.30 1.10 9463408.67 13395142.07 1.071 44.929 2.028 44.546
#90 SiouxFalls MIX 0.10 0.30 1.15 8835978.34 10593706.10 1.181 37.498 2.014 40.357
#91 SiouxFalls MIX 0.10 0.30 1.20 8503458.20 9268584.95 1.288 34.220 1.943 37.324
#92 SiouxFalls MIX 0.10 0.30 1.25 8376959.08 8918015.91 1.394 33.677 2.010 36.717
#93 SiouxFalls MIX 0.10 0.30 1.30 8306853.13 8628289.85 1.462 32.261 2.028 36.141
#94 SiouxFalls MIX 0.10 0.30 1.40 8133021.88 7954260.38 1.509 30.661 2.005 34.776
#95 SiouxFalls MIX 0.10 0.30 1.50 8028104.83 7657242.76 1.623 29.853 2.123 34.781
#96 SiouxFalls MIX 0.10 0.30 2.00 8012734.11 7612584.41 1.880 31.525 2.161 34.786
#97 SiouxFalls FW 0.10 0.50 2.00 4233808.02 7478232.78 0.000 0.000 0.000 0.000
#98 SiouxFalls COL 0.10 0.50 2.00 7276936.23 7276936.23 1.894 90.651 0.000 0.000
#99 SiouxFalls DSD 0.10 0.50 2.00 27795337.52 8544378.67 0.000 0.000 1.972 34.538
#100 SiouxFalls MIX 0.10 0.50 1.05 14241164.10 10916526.85 0.955 37.522 1.974 40.550
#101 SiouxFalls MIX 0.10 0.50 1.10 13993483.60 9969668.54 1.082 35.224 1.998 38.831
#102 SiouxFalls MIX 0.10 0.50 1.15 13726596.77 9154906.37 1.163 33.269 2.031 37.272
#103 SiouxFalls MIX 0.10 0.50 1.20 13589714.55 8714906.24 1.286 32.364 2.043 36.479
#104 SiouxFalls MIX 0.10 0.50 1.25 13524801.52 8553698.70 1.372 32.048 2.075 36.164
#105 SiouxFalls MIX 0.10 0.50 1.30 13472682.15 8409726.70 1.431 31.247 2.102 35.719
#106 SiouxFalls MIX 0.10 0.50 1.40 13412672.63 8057991.51 1.462 30.255 2.005 34.423
#107 SiouxFalls MIX 0.10 0.50 1.50 13295345.10 7880166.12 1.660 30.411 2.245 34.861
#108 SiouxFalls MIX 0.10 0.50 2.00 13296488.75 7850673.43 1.847 31.797 2.184 34.461
#109 SiouxFalls FW 0.10 0.80 2.00 4233808.02 7478232.78 0.000 0.000 0.000 0.000
#110 SiouxFalls COL 0.10 0.80 2.00 7276936.23 7276936.23 1.894 90.651 0.000 0.000
#111 SiouxFalls DSD 0.10 0.80 2.00 27795337.52 8544378.67 0.000 0.000 1.972 34.538
#112 SiouxFalls MIX 0.10 0.80 1.05 21906460.26 8911710.04 0.965 29.826 2.247 36.232
#113 SiouxFalls MIX 0.10 0.80 1.10 21879395.25 8740815.98 1.040 29.547 2.203 35.663
#114 SiouxFalls MIX 0.10 0.80 1.15 21838796.19 8604513.71 1.135 29.880 2.196 35.302
#115 SiouxFalls MIX 0.10 0.80 1.20 21811904.82 8518321.74 1.269 30.589 2.196 35.103
#116 SiouxFalls MIX 0.10 0.80 1.25 21808445.80 8465732.61 1.344 30.642 2.184 34.968
#117 SiouxFalls MIX 0.10 0.80 1.30 21773277.71 8436630.16 1.418 30.676 2.214 34.926
#118 SiouxFalls MIX 0.10 0.80 1.40 21771833.71 8316053.23 1.462 30.531 2.181 34.706
#119 SiouxFalls MIX 0.10 0.80 1.50 21725473.93 8260642.61 1.589 30.899 2.259 34.880
#120 SiouxFalls MIX 0.10 0.80 2.00 21680173.33 8283538.55 1.863 32.682 2.259 34.632
#121 SiouxFalls FW 0.50 0.10 2.00 4233808.02 7478232.78 0.000 0.000 0.000 0.000
#122 SiouxFalls COL 0.50 0.10 2.00 7276936.23 7276936.23 1.894 90.651 0.000 0.000
#123 SiouxFalls DSD 0.50 0.10 2.00 9073586.02 7455291.78 0.000 0.000 1.832 31.135
#124 SiouxFalls MIX 0.50 0.10 1.05 8488205.46 38720771.57 0.965 100.035 1.842 68.554
#125 SiouxFalls MIX 0.50 0.10 1.10 5843007.73 25585584.68 1.068 72.247 1.887 55.585
#126 SiouxFalls MIX 0.50 0.10 1.15 3839405.97 15652847.10 1.158 49.709 1.851 44.514
#127 SiouxFalls MIX 0.50 0.10 1.20 2878649.07 11017489.10 1.259 39.150 1.863 39.189
#128 SiouxFalls MIX 0.50 0.10 1.25 2665155.92 10007526.07 1.378 37.060 1.905 37.528
#129 SiouxFalls MIX 0.50 0.10 1.30 2542299.43 9472057.74 1.455 34.479 1.979 36.375
#130 SiouxFalls MIX 0.50 0.10 1.40 2206286.49 7902904.77 1.517 31.071 1.943 33.710
#131 SiouxFalls MIX 0.50 0.10 1.50 2063690.41 7354254.61 1.625 29.235 2.043 33.175
#132 SiouxFalls MIX 0.50 0.10 2.00 2042218.74 7290615.91 1.903 30.790 2.144 33.785
#133 SiouxFalls FW 0.50 0.20 2.00 4233808.02 7478232.78 0.000 0.000 0.000 0.000
#134 SiouxFalls COL 0.50 0.20 2.00 7276936.23 7276936.23 1.894 90.651 0.000 0.000
#135 SiouxFalls DSD 0.50 0.20 2.00 9073586.02 7455291.78 0.000 0.000 1.832 31.135
#136 SiouxFalls MIX 0.50 0.20 1.05 6432066.21 24612356.32 0.965 71.061 1.880 54.468
#137 SiouxFalls MIX 0.50 0.20 1.10 4970784.12 17423989.47 1.071 54.454 1.903 47.209
#138 SiouxFalls MIX 0.50 0.20 1.15 3856269.19 12111482.92 1.158 41.433 1.851 40.753
#139 SiouxFalls MIX 0.50 0.20 1.20 3319862.51 9612133.73 1.288 35.280 1.887 37.183
#140 SiouxFalls MIX 0.50 0.20 1.25 3187430.95 9058940.93 1.382 34.369 1.957 36.344
#141 SiouxFalls MIX 0.50 0.20 1.30 3100407.09 8693377.50 1.455 32.624 1.957 35.443
#142 SiouxFalls MIX 0.50 0.20 1.40 2870398.27 7733466.79 1.491 30.221 1.925 33.385
#143 SiouxFalls MIX 0.50 0.20 1.50 2754624.08 7358697.28 1.580 28.929 2.038 33.203
#144 SiouxFalls MIX 0.50 0.20 2.00 2730406.77 7309014.08 1.877 30.804 2.122 33.726
#145 SiouxFalls FW 0.50 0.30 2.00 4233808.02 7478232.78 0.000 0.000 0.000 0.000
#146 SiouxFalls COL 0.50 0.30 2.00 7276936.23 7276936.23 1.894 90.651 0.000 0.000
#147 SiouxFalls DSD 0.50 0.30 2.00 9073586.02 7455291.78 0.000 0.000 1.832 31.135
#148 SiouxFalls MIX 0.50 0.30 1.05 5593162.02 16533540.96 0.965 52.201 2.007 46.830
#149 SiouxFalls MIX 0.50 0.30 1.10 4825902.56 13013300.44 1.085 43.693 2.090 42.893
#150 SiouxFalls MIX 0.50 0.30 1.15 4210520.12 10170311.40 1.189 36.365 2.021 38.743
#151 SiouxFalls MIX 0.50 0.30 1.20 3903999.92 8927754.86 1.286 33.396 1.901 35.947
#152 SiouxFalls MIX 0.50 0.30 1.25 3815614.60 8613541.04 1.389 32.934 2.000 35.608
#153 SiouxFalls MIX 0.50 0.30 1.30 3743996.11 8335365.70 1.460 31.709 1.984 34.695
#154 SiouxFalls MIX 0.50 0.30 1.40 3578975.90 7651491.78 1.491 29.874 1.938 33.139
#155 SiouxFalls MIX 0.50 0.30 1.50 3482582.91 7364402.64 1.568 29.061 2.017 33.099
#156 SiouxFalls MIX 0.50 0.30 2.00 3456696.78 7326216.09 1.873 30.910 2.146 33.846
#157 SiouxFalls FW 0.50 0.50 2.00 4233808.02 7478232.78 0.000 0.000 0.000 0.000
#158 SiouxFalls COL 0.50 0.50 2.00 7276936.23 7276936.23 1.894 90.651 0.000 0.000
#159 SiouxFalls DSD 0.50 0.50 2.00 9073586.02 7455291.78 0.000 0.000 1.832 31.135
#160 SiouxFalls MIX 0.50 0.50 1.05 5814540.00 10371854.25 0.951 36.099 1.863 38.568
#161 SiouxFalls MIX 0.50 0.50 1.10 5598044.91 9491232.92 1.054 33.919 1.835 36.864
#162 SiouxFalls MIX 0.50 0.50 1.15 5379423.08 8663929.11 1.127 31.929 1.859 34.935
#163 SiouxFalls MIX 0.50 0.50 1.20 5251796.22 8223042.18 1.248 30.837 1.950 34.013
#164 SiouxFalls MIX 0.50 0.50 1.25 5206860.29 8071392.21 1.307 30.434 1.969 33.668
#165 SiouxFalls MIX 0.50 0.50 1.30 5168160.41 7943239.66 1.361 29.720 1.964 33.199
#166 SiouxFalls MIX 0.50 0.50 1.40 5072025.30 7561263.83 1.396 28.757 1.901 32.054
#167 SiouxFalls MIX 0.50 0.50 1.50 5008612.15 7397485.48 1.493 28.624 1.964 32.012
#168 SiouxFalls MIX 0.50 0.50 2.00 4978313.68 7366775.03 1.743 30.321 2.068 32.585
#169 SiouxFalls FW 0.50 0.80 2.00 4233808.02 7478232.78 0.000 0.000 0.000 0.000
#170 SiouxFalls COL 0.50 0.80 2.00 7276936.23 7276936.23 1.894 90.651 0.000 0.000
#171 SiouxFalls DSD 0.50 0.80 2.00 9073586.02 7455291.78 0.000 0.000 1.832 31.135
#172 SiouxFalls MIX 0.50 0.80 1.05 7616584.27 8056941.43 0.951 28.235 1.885 32.895
#173 SiouxFalls MIX 0.50 0.80 1.10 7569451.44 7898175.07 1.063 28.444 1.925 32.622
#174 SiouxFalls MIX 0.50 0.80 1.15 7529841.36 7777497.86 1.139 28.537 1.936 32.421
#175 SiouxFalls MIX 0.50 0.80 1.20 7505253.12 7696673.77 1.203 28.556 1.901 32.054
#176 SiouxFalls MIX 0.50 0.80 1.25 7492359.04 7659891.64 1.247 28.452 1.906 32.016
#177 SiouxFalls MIX 0.50 0.80 1.30 7479903.35 7626190.51 1.314 28.457 1.939 31.992
#178 SiouxFalls MIX 0.50 0.80 1.40 7452465.80 7518591.72 1.325 28.117 1.899 31.543
#179 SiouxFalls MIX 0.50 0.80 1.50 7427618.22 7465986.39 1.384 28.177 1.931 31.515
#180 SiouxFalls MIX 0.50 0.80 2.00 7403141.39 7458349.72 1.655 29.946 1.988 31.740
