<METADATA>
<File Name> ./Barcelona/Barcelona_MLT_0.1_0.9_0.5_0.5_flow.txt
<Number of Links> 2522
<Total Flows> 184679.561000
<System Cost> 1376773.781331
<Optimal Objective> 4073234.867164

<LINKS>
~ Init node | Term node | Flow | Cost
   1   290  1082.471612  1.083333
   1   307  1163.637388  1.083333
   1   316  0.000000  1.083333
   2   302  0.000000  1.666667
   2   304  0.000000  1.666667
   3   301  0.000000  1.083333
   3   306  5.038000  1.083333
   4   301  0.000000  1.083333
   4   306  0.000000  1.083333
   5   298  593.426000  0.500000
   5   299  24.119000  0.500000
   5   310  100.938000  1.083333
   6   424  1981.194401  0.833333
   6   425  567.338000  0.833333
   6   456  139.377599  0.833333
   7   274  708.908403  0.666667
   7   281  922.762597  0.666667
   7   283  0.000000  0.666667
   8   272  120.766000  0.666667
   8   456  16.620000  0.666667
   8   474  436.543960  0.666667
   8   480  809.865040  0.666667
   9   277  615.620000  0.500000
  10   205  8.271000  0.416667
  10   206  37.427000  0.416667
  10   214  217.122000  0.416667
  11   206  519.624000  0.666667
  11   207  91.128000  0.666667
  12   210  389.013610  0.833333
  12   217  0.000000  0.833333
  12   222  234.829390  0.833333
  13   208  192.081037  0.666667
  13   211  145.388577  0.666667
  13   224  129.934386  0.666667
  14   244  694.885000  0.583333
  15   228  132.270443  0.833333
  15   533  1534.511248  0.833333
  15   538  607.785310  0.833333
  16   601  460.628419  1.000000
  16   602  185.971581  1.000000
  17   597  20.607345  0.666667
  17   608  113.656655  0.666667
  17   621  10.752000  0.666667
  18   914  110.380000  0.916667
  18   937  184.396068  0.916667
  18   938  463.290887  0.916667
  18   946  396.373045  0.916667
  19   617  798.173419  0.833333
  19   919  29.984000  0.833333
  19   931  409.770581  0.833333
  20   916  616.927000  0.750000
  21   915  563.964854  0.500000
  21   943  592.225146  0.500000
  22   831  492.589000  1.166667
  23   823  2153.468450  1.083333
  23   835  318.207299  1.083333
  23   836  1670.700610  1.083333
  23   839  413.311641  1.083333
  24   827  358.220937  1.166667
  24   838  849.603567  1.166667
  24   855  2861.527496  1.166667
  25   821  2096.566000  1.250000
  25   841  656.060000  1.250000
  25   849  280.194000  1.250000
  26   322  2407.375445  0.666667
  26   844  169.837732  0.666667
  26   851  653.883823  0.666667
  27   317  766.047000  0.666667
  27   333  239.465053  0.666667
  27   824  2469.214947  0.666667
  27   832  0.000000  0.666667
  28   328  239.414000  0.666667
  28   339  2818.150000  0.666667
  28   825  788.734000  0.666667
  29   325  1306.485378  0.750000
  29   331  935.726622  0.750000
  30   286  284.755000  0.666667
  30   340  828.778000  0.666667
  31   366  940.253610  0.616667
  31   405  1627.291000  0.616667
  31   448  332.177000  0.616667
  31   779  949.164390  0.616667
  32   287  511.678937  0.666667
  32   347  1477.375918  0.666667
  32   355  92.683962  0.666667
  32   356  1041.462183  0.666667
  33   255  740.622158  1.083333
  33   858  1270.462465  1.083333
  33   961  2590.031670  1.083333
  33   963  1519.693707  1.083333
  34   870  1056.635451  0.916667
  34   962  1445.838494  0.916667
  34   964  1183.678361  0.916667
  34   967  1207.947695  0.916667
  35   758  1398.945736  0.750000
  35   760  1439.767398  0.750000
  35   869  437.673089  0.750000
  35   966  883.829778  0.750000
  36   763  611.397695  0.616667
  36   764  412.494125  0.616667
  36   767  328.946746  0.616667
  36   788  729.230434  0.616667
  36   796  18.194000  0.616667
  37   349  246.764652  0.700000
  37   393  238.323077  0.700000
  37   458  253.576405  0.700000
  37   459  494.339767  0.700000
  37   803  937.641099  0.700000
  38   255  286.666203  0.783333
  38   262  222.033659  0.783333
  38   267  1696.612138  0.783333
  39   254  75.299218  0.833333
  39   873  945.195975  0.833333
  39   880  1825.523646  0.833333
  39   881  181.441160  0.833333
  40   633  3759.705911  1.083333
  40   883  2065.142089  1.083333
  41   761  1807.559314  0.916667
  41   866  912.417663  0.916667
  41   875  288.977217  0.916667
  41   885  263.021806  0.916667
  42   666  0.000000  0.666667
  42   676  1483.412267  0.666667
  42   679  230.366000  0.666667
  42   687  596.120733  0.666667
  43   668  495.111796  0.583333
  43   688  207.340000  0.583333
  43   689  0.000000  0.583333
  43   696  1013.522118  0.583333
  43   722  1202.670086  0.583333
  44   450  210.275007  0.666667
  44   455  140.190027  0.666667
  44   473  229.517041  0.666667
  44   503  70.679925  0.666667
  45   522  0.000000  0.666667
  45   530  642.437225  0.666667
  45   551  274.338180  0.666667
  45   555  663.003595  0.666667
  46   262  1054.027000  1.083333
  46   263  479.154000  1.083333
  47   264  2218.556000  0.666667
  47   887  271.340000  0.666667
  48   261  69.312226  0.750000
  48   890  1714.707774  0.750000
  49   625  2040.773940  0.750000
  49   646  1217.282060  0.750000
  50   623  399.645755  0.500000
  50   652  0.000000  0.500000
  50   700  715.867245  0.500000
  51   655  135.498627  0.583333
  51   702  932.737622  0.583333
  51   706  779.348534  0.583333
  51   710  1659.351216  0.583333
  52   640  219.997371  0.533333
  52   659  0.000000  0.533333
  52   699  1132.790503  0.533333
  52   714  190.198126  0.533333
  53   525  73.060793  0.500000
  53   585  1280.317308  0.500000
  53   664  437.559898  0.500000
  54   979  977.527000  0.833333
  55   251  0.000000  0.633333
  55   891  1057.751318  0.633333
  55   979  462.314682  0.633333
  56   889  1160.642000  0.500000
  57   889  1269.196449  0.533333
  57   992  422.352551  0.533333
  57  1003  221.827000  0.533333
  58   627  1048.086668  0.533333
  58   888  407.438332  0.533333
  59   889  782.330911  0.500000
  59   986  373.666089  0.500000
  60   893  265.734042  0.416667
  60   896  427.354732  0.416667
  60   900  558.839226  0.416667
  61   624  406.079521  0.583333
  61   630  1435.951479  0.583333
  61   642  20.830000  0.583333
  62   629  100.148000  0.666667
  62   637  1355.707619  0.666667
  62   653  916.403381  0.666667
  63   902  1082.732624  0.533333
  63   908  191.800813  0.533333
  63   947  237.986563  0.533333
  64   632  1834.370769  0.750000
  64   923  435.643231  0.750000
  64   925  0.000000  0.750000
  65   921  902.189305  0.866667
  65   926  2907.354790  0.866667
  65   936  620.420905  0.866667
  66   998  753.284000  0.583333
  67   994  0.000000  0.833333
  67   995  74.569645  0.833333
  67   996  480.870355  0.833333
  68   986  487.321080  0.950000
  68  1002  1172.561537  0.950000
  68  1003  1611.348383  0.950000
  69   982  348.447000  0.583333
  69   985  114.484000  0.583333
  70   904  1847.614000  0.833333
  70   959  392.470000  0.833333
  70   960  5.024896  0.833333
  70   983  580.038104  0.833333
  71   949  157.372496  0.833333
  71   958  0.000000  0.833333
  71   985  597.888504  0.833333
  72   951  417.058103  0.916667
  72   957  224.776897  0.916667
  73   928  79.529000  0.583333
  73   940  575.765000  0.583333
  74   313  3328.246955  0.833333
  74   322  200.300000  0.833333
  74   842  0.000000  0.833333
  74   321  4032.661640  0.833333
  74  1020  2858.171404  0.833333
  75   848  387.864684  0.833333
  75   849  1663.224316  0.833333
  76   304  413.506137  0.833333
  76   849  459.356372  0.833333
  76   322  961.058492  0.833333
  77   849  401.189000  0.833333
  77   322  150.544000  0.833333
  78   848  28.273000  0.833333
  78   839  749.329000  0.833333
  79   304  29.101607  0.833333
  79   313  808.657393  0.833333
  80   304  30.187751  0.833333
  80   313  459.097249  0.833333
  81   848  62.321496  0.833333
  81   322  321.576000  0.833333
  81   247  1.204504  0.833333
  82   848  21.753000  0.833333
  82   247  0.000000  0.833333
  82   322  112.953000  0.833333
  83   848  10.808000  0.833333
  83   247  0.000000  0.833333
  83   322  59.565000  0.833333
  84   313  2009.462000  0.833333
  85   304  0.000000  0.833333
  85   849  481.430000  0.833333
  85   322  276.616351  0.833333
  85   313  1181.526649  0.833333
  86   849  9.948612  0.833333
  86   322  7.975263  0.833333
  86   313  27.658125  0.833333
  87   322  651.637044  0.833333
  87   849  319.469956  0.833333
  88   322  194.571287  0.833333
  88   313  158.255713  0.833333
  89   313  135.210000  0.833333
  90   304  66.575753  0.833333
  90   322  14.060000  0.833333
  90   321  323.749142  0.833333
  90   313  436.654105  0.833333
  91  1010  1148.257181  0.833333
  91   954  175.900000  0.833333
  91  1005  3235.259819  0.833333
  92  1006  5472.212091  0.833333
  92  1005  2940.930909  0.833333
  93  1006  543.660773  0.833333
  93  1005  323.521227  0.833333
  94   263  881.603446  0.833333
  94   999  1050.701554  0.833333
  95   988  877.692000  0.833333
  96  1005  4.894803  0.833333
  96  1006  27.361197  0.833333
  97   999  454.084000  0.833333
  98  1009  1261.281000  0.833333
  99  1006  121.824304  0.833333
  99  1005  44.982696  0.833333
 100  1006  0.000000  0.833333
 100  1007  0.000000  0.833333
 101   263  0.000000  0.833333
 102  1009  0.000000  0.833333
 103   849  0.000000  0.833333
 104   849  0.000000  0.833333
 105   313  0.000000  0.833333
 106   849  0.000000  0.833333
 107   849  0.000000  0.833333
 107   313  0.000000  0.833333
 108   849  0.000000  0.833333
 109   849  0.000000  0.833333
 110   999  0.000000  0.833333
 201   456  15.734000  1.000000
 202   204  1103.170328  0.186679
 203   456  1103.170328  0.186679
 204   203  1103.170328  0.173345
 205   206  2185.161724  0.267033
 205   214  0.000000  0.428571
 205   215  141.384259  0.514286
 205    10  58.783000  0.416667
 206   213  452.551000  0.200000
 206    10  10.770000  0.416667
 206    11  1990.091836  0.666667
 206   486  288.799888  0.266667
 207   201  15.734000  0.780000
 207   209  220.932259  0.240000
 207   215  11.579000  0.411429
 207    11  79.236164  0.666667
 208   209  61.813164  1.062857
 208   211  570.221336  0.960003
 208   273  3488.480277  0.229157
 208   277  0.000000  0.685714
 208    13  740.859798  0.666667
 209   207  94.969164  0.240000
 209   208  220.932259  1.062858
 210   211  2504.771404  0.604809
 210   212  33.156000  0.560000
 210    12  750.076967  0.833333
 210   469  543.016340  0.666708
 211   208  3095.411980  0.966198
 211   210  385.910029  0.573341
 211   233  710.076423  0.480099
 211   237  74.565202  0.291429
 211    13  526.424934  0.666667
 212   209  33.156000  0.560000
 213   214  3807.118421  0.201202
 213   454  609.545320  0.320001
 214   205  861.274222  0.428704
 214    10  2381.697000  0.416667
 214   468  1878.424459  0.293410
 214   475  114.361130  0.325714
 215   205  11.579000  0.514286
 215   207  141.384259  0.411429
 216   217  360.340672  0.171429
 216   221  0.000000  0.280000
 216   224  1045.133268  0.531853
 217   216  1045.133268  0.171566
 217   220  371.343501  0.154286
 217   222  360.340672  0.120001
 217   223  0.000000  0.188571
 217    12  0.000000  0.833333
 218   210  0.000000  0.420000
 219   222  1440.740963  0.267919
 219   223  1719.279209  0.188809
 220   221  1229.156465  0.171470
 221   218  0.000000  0.400000
 221   230  1229.156465  0.600145
 222   217  555.010524  0.120004
 222   225  1403.604285  0.154813
 222    12  729.350033  0.833333
 223   217  861.466244  0.190338
 223   220  857.812964  0.222866
 224   216  360.340672  0.531431
 224   228  0.000000  2.348571
 224   230  0.000000  0.257143
 224    13  1045.133268  0.666667
 225   222  652.053818  0.154298
 225   228  947.174862  0.617184
 225   234  456.429423  0.360010
 226   235  2882.675626  0.346298
 226   238  1253.559588  0.721821
 226   539  505.492544  0.533357
 227   229  41.703581  1.200000
 227   236  19.040000  0.308571
 227   603  1077.315022  0.720860
 228   225  652.053818  0.617149
 228   227  906.240103  0.514288
 228   235  173.205202  0.342857
 228    15  220.223536  0.833333
 229   227  19.040000  1.200000
 229   232  393.860901  1.426688
 229   597  244.512453  0.933335
 230   224  230.406286  0.257143
 230   231  1229.156465  0.274352
 231   230  230.406286  0.274286
 231   237  1229.156465  0.154323
 232   229  263.552453  1.426670
 232   231  155.841084  0.325714
 232   233  861.007901  0.120057
 233   211  783.044535  0.480155
 233   232  191.655537  0.120000
 233   243  1036.578000  0.428616
 234   533  1699.931862  0.228888
 235   226  0.000000  0.342857
 235   228  872.277354  0.342867
 235   236  3244.137859  0.290724
 236   226  0.000000  0.222857
 236   227  171.074919  0.308571
 236   602  3092.102940  0.800135
 237   211  788.962717  0.291430
 237   231  74.565202  0.154286
 237   233  440.193748  0.257143
 238   234  1243.502439  0.120293
 238   235  1060.534385  0.926510
 238   242  10.057148  0.333333
 239   240  0.000000  0.240000
 239   576  375.374379  0.173333
 240   241  0.000000  0.300000
 240   242  0.000000  0.340000
 241   538  0.000000  0.213333
 241   574  0.000000  0.093333
 242   238  1060.534385  0.333734
 242   239  10.057148  0.173333
 242   240  0.000000  0.340000
 242   533  0.000000  0.257143
 243   232  694.885000  0.428578
 243   244  1036.578000  0.400435
 244   243  694.885000  0.400073
 244   245  0.000000  0.480000
 244   246  0.000000  1.133333
 244    14  1036.578000  0.583333
 245   244  0.000000  0.480000
 246   244  0.000000  1.133333
 247    81  0.000000  0.833333
 247    82  0.000000  0.833333
 247    83  0.000000  0.833333
 247   248  1.204504  2.238806
 248   247  0.000000  2.238806
 248   249  528.388000  0.447927
 248  1009  2317.388012  2.826833
 249   248  2316.183508  0.523325
 249   831  528.388000  2.866735
 250   255  1079.032272  0.720674
 250   853  1764.559002  1.018235
 250  1009  3672.742492  9.575179
 251   268  1074.232441  0.413414
 251   891  718.374261  0.120631
 251    55  0.000000  0.633333
 252   257  0.000000  0.942857
 252   263  976.768296  1.029161
 252   268  412.410554  1.600654
 253   255  2882.855714  0.613398
 253   262  2266.161690  1.154539
 253   266  93.478626  1.200007
 254   256  52.835218  1.200000
 254   267  118.800000  2.000004
 254   887  54.907000  1.800000
 254    39  142.796961  0.833333
 255   250  3404.479600  0.912974
 255   253  2359.640316  0.572753
 255   881  379.009917  3.086222
 255    33  540.934725  1.083333
 255    38  143.800000  0.783333
 256   254  28.220000  1.200000
 256   264  146.313844  1.200012
 256   266  266.524268  2.401085
 257   252  0.000000  0.942857
 257   269  241.972257  0.800046
 257   979  32.811206  0.685714
 258   259  0.000000  0.300000
 258   887  0.000000  0.900000
 259   258  0.000000  0.300000
 259   260  155.534000  1.400010
 259   265  1003.454600  0.600093
 259  1019  3813.029874  0.880097
 260   259  892.643807  1.432513
 260   646  0.000000  3.000000
 260   898  155.534000  0.900004
 261   887  69.312226  2.100002
 261    48  52.427000  0.750000
 262   253  2882.855714  1.245965
 262   263  2214.180125  1.681051
 262    38  689.015906  0.783333
 262    46  274.015224  1.083333
 263    94  348.074234  0.833333
 263   101  3478.189000  0.833333
 263   252  412.410554  1.028580
 263   262  2517.844620  1.727387
 263    46  483.295776  1.083333
 263   979  904.725030  1.208969
 264   256  294.744268  1.200292
 264   265  2920.386067  0.407164
 264   891  1320.861129  1.242506
 264    47  394.539789  0.666667
 265   258  0.000000  1.650000
 265   259  2920.386067  0.610746
 265   264  1003.454600  0.400062
 266   255  266.524268  1.350610
 266   256  93.478626  2.400015
 267   254  62.859961  2.000000
 267   871  1121.429908  0.533192
 267   879  521.515269  2.003914
 267    38  2156.379094  0.783333
 268   251  718.374261  0.402105
 268   252  976.768296  1.634631
 268   269  97.464145  1.200003
 269   257  32.811206  0.800000
 269   268  305.963707  1.200641
 269   889  64.652939  1.800000
 270   271  3303.527002  0.306795
 270   288  433.308496  0.600001
 270   299  79.496000  0.685714
 271   290  3303.527002  0.480002
 271   327  0.000000  0.857143
 272   202  413.208731  0.240000
 272     8  54.871000  0.666667
 272   281  187.065838  0.280000
 272   285  1301.544730  0.266798
 273   208  1352.949298  0.226704
 273   277  704.181087  0.400013
 273   278  3049.306755  1.446397
 274     7  691.275000  0.666667
 274   280  628.059232  0.200004
 274   282  319.654407  0.266667
 274   360  1006.545149  0.240000
 274   433  48.955000  0.257143
 275   284  0.000000  0.514286
 275   295  0.000000  1.000000
 276   290  5969.744466  0.261189
 276   314  3042.623416  0.360000
 277   273  1135.013322  0.400107
 277   285  610.467495  0.400007
 277     9  875.865000  0.500000
 278   273  482.943541  1.251451
 278   292  0.655074  0.666667
 278   310  3049.306755  1.896623
 279   282  351.148772  0.346667
 279   288  754.556861  0.266678
 279   428  0.000000  0.377143
 280   274  188.213185  0.200000
 280   283  717.510364  0.266676
 281   202  689.961597  0.308603
 281     7  228.508000  0.666667
 281   272  1224.801730  0.280105
 281   284  150.726154  0.280000
 282   274  1203.941201  0.266760
 282   279  289.368861  0.346667
 282   298  443.835000  0.257143
 282   360  0.000000  0.200000
 283     7  0.000000  0.666667
 283   280  125.890154  0.266667
 283   284  717.510364  0.266676
 283   437  24.836000  0.200000
 284   281  717.510364  0.280010
 284   283  150.726154  0.266667
 285   272  611.122569  0.266671
 285   277  1301.544730  0.400197
 286   270  3355.890460  0.302426
 286   326  80.340000  0.857143
 286    30  145.622000  0.666667
 287   286  3277.007002  0.453300
 287   354  1300.658885  0.360000
 287    32  42.309725  0.666667
 288   279  351.148772  0.266667
 288   287  860.835586  0.450013
 289   270  460.441039  0.120000
 289   354  5583.827335  0.493761
 290     1  3520.433616  1.083333
 290   276  2327.406384  0.240000
 290   289  6044.268373  0.532217
 291   292  0.000000  0.857143
 291   296  0.000000  1.885714
 292   291  0.000000  0.857143
 292   293  0.000000  0.266667
 292   294  0.655074  0.342857
 293   275  0.000000  0.800000
 293   292  0.000000  0.266667
 293   294  0.000000  0.171429
 294   283  0.000000  1.028571
 294   285  0.655074  0.600000
 295   275  0.000000  1.000000
 295   296  0.000000  1.200000
 295   297  0.000000  0.857143
 296   291  0.000000  1.885714
 296   295  0.000000  1.200000
 296   300  0.000000  2.571429
 297   295  0.000000  0.857143
 297   298  0.000000  0.257143
 297   299  0.000000  0.533333
 298     5  443.835000  0.500000
 298   274  593.426000  0.342858
 298   297  0.000000  0.257143
 299     5  79.496000  0.500000
 299   288  24.119000  0.685714
 299   297  0.000000  0.533333
 299   300  0.000000  1.000000
 300   296  0.000000  2.571429
 300   299  0.000000  1.000000
 300   316  0.000000  2.800000
 301     3  0.000000  1.083333
 301     4  0.000000  1.083333
 301   302  0.000000  1.260000
 301   306  0.000000  1.272000
 302     2  0.000000  1.666667
 302   301  0.000000  1.260000
 302   303  0.000000  3.480000
 302   304  0.000000  3.240000
 303   302  0.000000  3.480000
 303   304  0.000000  1.200000
 304     2  0.000000  1.666667
 304    76  17.117624  0.833333
 304    79  0.000000  0.833333
 304    80  0.000000  0.833333
 304    85  0.000000  0.833333
 304    90  0.000000  0.833333
 304   302  0.000000  3.240000
 304   303  0.000000  1.200000
 304  1020  539.371248  2.000005
 305   312  2470.797644  0.181855
 305   313  2162.342376  0.274282
 305   321  1616.034730  0.363647
 306     3  8599.022000  1.083333
 306     4  0.000000  1.083333
 306   301  0.000000  1.272000
 306   308  97.976318  1.080000
 306   310  575.478615  0.733336
 306  1020  258.272506  1.000000
 307     1  1738.065384  1.083333
 307   308  2977.924031  0.268436
 307   311  0.000000  0.133333
 307   312  835.158567  0.533555
 308   306  2977.924031  1.207962
 308   307  97.976318  0.240000
 308   309  0.000000  0.514286
 309   308  0.000000  0.514286
 309   310  0.000000  2.005714
 309   311  0.000000  1.542857
 310     5  91.880000  1.083333
 310   278  483.598615  2.059862
 310   306  3150.244755  0.740951
 310   309  0.000000  2.005714
 311   307  242.547102  0.133338
 311   309  0.000000  1.542857
 311   316  0.000000  0.428571
 312   305  834.159641  0.181818
 312   307  4046.987175  0.780473
 312   315  232.731848  0.266667
 313    74  1285.916021  0.833333
 313    79  93.510000  0.833333
 313    80  212.680000  0.833333
 313    84  1342.574000  0.833333
 313    85  258.358647  0.833333
 313    86  6.898197  0.833333
 313    88  187.012000  0.833333
 313    89  50.447000  0.833333
 313    90  100.651711  0.833333
 313   105  1208.793000  0.833333
 313   107  46.298144  0.833333
 313   305  1169.113089  0.267161
 313   312  1638.642483  0.268886
 313   315  5737.012618  0.250850
 314   276  5969.744466  0.391783
 314   315  2800.076314  0.540000
 314   316  242.547102  1.028590
 315   305  0.000000  0.200000
 315   312  169.279969  0.266667
 315   313  2630.796344  0.240000
 315   314  5969.744466  0.587674
 316     1  0.000000  1.083333
 316   300  0.000000  2.800000
 316   311  242.547102  0.428579
 316   314  0.000000  1.028571
 317   319  7282.146253  0.310184
 317   333  2116.135313  0.200855
 317   841  3566.018507  0.226929
 317    27  357.628000  0.666667
 318   332  3494.339882  0.267153
 318   334  1036.015000  1.029359
 319   317  5698.821160  0.303191
 319   321  8094.921168  0.572220
 319   334  309.129343  0.171429
 320   329  2745.047467  0.347153
 320   340  3395.818616  0.538210
 321    74  4079.137097  0.833333
 321    90  236.834289  0.833333
 321   305  4245.902020  0.364538
 321   319  5429.198512  0.549671
 321   335  543.247000  0.301016
 322    74  376.900000  0.833333
 322    76  221.112891  0.833333
 322    77  152.798383  0.833333
 322    81  91.886582  0.833333
 322    82  33.150453  0.833333
 322    83  19.386634  0.833333
 322    85  13.230000  0.833333
 322    86  0.000000  0.833333
 322    87  119.440530  0.833333
 322    88  14.890000  0.833333
 322    90  14.890000  0.833333
 322   318  4530.354882  0.159847
 322   335  0.000000  2.057143
 322   844  0.000000  0.500000
 322    26  283.065000  0.666667
 323   320  5435.640587  0.754793
 323   324  0.000000  0.133333
 323   833  0.000000  0.840000
 324   323  5435.640587  0.171143
 324   333  0.000000  0.266667
 325   323  0.000000  1.380000
 325   326  20.090458  0.908571
 325   334  854.274518  1.028876
 325    29  1730.156000  0.750000
 325   340  950.379018  1.200146
 326   286  20.090458  0.857143
 326   325  80.340000  0.908571
 326   327  1867.184941  0.515258
 327   276  715.217032  0.413348
 327   290  1536.365292  0.335416
 327   331  0.000000  0.942857
 328   320  705.225495  0.360071
 328   330  219.337000  0.514286
 328    28  0.000000  0.666667
 328  1014  0.000000  0.737143
 329   328  219.337000  0.720000
 329   339  2745.047467  0.200281
 330   323  0.000000  0.900000
 330   833  219.337000  0.257143
 331   327  384.397383  0.943023
 331   335  551.329239  0.686428
 331    29  491.930000  0.750000
 332   333  3494.339882  0.831815
 332   851  475.543865  0.514287
 333   317  120.013660  0.200000
 333   324  5435.640587  0.342285
 333   332  149.864000  0.800000
 333    27  144.422000  0.666667
 334   319  1391.526906  0.171990
 334   325  482.212089  1.028590
 334   332  325.679865  0.685716
 335   321  466.952239  0.300545
 335   322  135.694000  2.057145
 335   331  491.930000  0.686121
 336   758  5472.909310  0.692066
 336   834  2104.779646  0.600496
 336  1016  5506.590700  0.288961
 336  1017  2596.042328  0.240791
 337   336  3423.394506  0.350169
 337  1015  1293.839536  0.567008
 338   337  4717.234042  0.180617
 338   364  950.626717  0.188575
 338   448  0.000000  0.600000
 339   329  207.677000  0.200004
 339   350  588.512818  0.360001
 339   367  4328.978536  0.397103
 339   448  689.893000  0.428573
 339    28  1675.490737  0.666667
 339  1014  1941.982150  0.324000
 340   325  1685.862526  1.068327
 340   351  816.141246  0.308574
 340   352  1522.335788  0.400110
 340    30  1364.564000  0.666667
 340   399  2083.931439  0.240189
 341   346  3159.563889  0.147704
 342   382  1083.978074  0.084000
 342   408  912.160392  0.186670
 343   404  2900.486866  0.189910
 343   785  1066.186035  0.168000
 344   378  492.787809  0.186667
 344   383  1646.416836  0.173378
 345   354  0.000000  0.222857
 345   355  6065.611487  0.168000
 345   387  492.787809  0.200000
 346   326  1867.184941  0.720330
 346   353  1292.378948  0.200027
 347   371  1732.748814  0.186758
 347   399  1738.643780  0.466753
 347    32  1656.368756  0.666667
 347   446  1730.031342  0.200036
 348   389  2398.545218  0.174627
 348   444  968.619446  0.173340
 349   392  2091.277524  0.173461
 349   395  51.496409  0.173333
 349    37  58.207820  0.700000
 350   329  11.660000  0.200000
 350   339  593.334071  0.360001
 350   351  588.512818  0.291429
 351   340  559.215586  0.308572
 351   350  604.994071  0.291429
 351   398  240.444407  0.373333
 352   341  1522.335788  0.186718
 352   377  0.000000  0.373333
 353   287  3247.461089  0.201598
 354   345  5560.265146  0.156000
 354   425  1338.168010  0.200031
 355   345  0.000000  0.240000
 355   356  5836.209514  0.156000
 355   358  172.418881  0.200000
 355    32  229.401972  0.666667
 356   355  0.000000  0.222857
 356   417  238.480191  0.200000
 356   423  6639.191506  0.168001
 356    32  552.908547  0.666667
 357   345  998.134149  0.200008
 357   425  377.500553  0.173334
 358   357  326.009553  0.186667
 358   429  151.774163  0.173333
 359   356  151.748044  0.200000
 359   358  305.364835  0.173333
 360   357  1049.625149  0.160008
 360   428  0.000000  0.240000
 360   435  0.000000  0.257143
 361   359  24.836000  0.173333
 361   430  48.955000  0.186667
 362   432  0.000000  0.257143
 362   434  0.000000  0.240000
 362   438  0.000000  0.173333
 363   440  466.658682  0.240000
 364   338  137.867349  0.188571
 364   758  950.626717  0.291433
 364   779  0.000000  0.333333
 365   338  703.474191  0.253336
 365   368  285.799819  0.173333
 365   448  1638.174814  0.267032
 366   338  4826.519218  0.306981
 366   365  1923.974632  0.213931
 366   369  0.000000  0.222857
 366    31  583.464344  0.616667
 367   365  703.474191  0.266675
 367   368  3807.809695  0.197543
 368   369  3306.878687  0.178728
 368   400  786.730826  0.360005
 369   768  3306.878687  0.192476
 370   367  182.305350  0.360000
 370   400  578.444940  0.186669
 371   398  1732.748814  0.173418
 371   399  0.000000  0.480000
 372   371  0.000000  0.240000
 372   374  29.297232  0.186667
 373   370  122.505191  0.173333
 373   372  0.000000  0.222857
 374   347  2174.243929  0.187567
 374   446  561.450193  0.066667
 375   373  122.505191  0.186667
 375   374  2706.396890  0.175547
 376   375  2706.396890  0.189050
 376   381  447.670757  0.173334
 377   378  0.000000  0.173333
 377   383  0.000000  0.186667
 378   347  492.787809  0.173334
 378   379  0.000000  0.186667
 379   380  0.000000  0.173333
 379   384  561.450193  0.186667
 380   381  115.975000  0.186667
 380   447  122.505191  0.066667
 381   405  1348.017137  0.187319
 381   407  945.659961  0.186673
 381   447  629.453596  0.200000
 382   405  1139.863502  0.200006
 382   406  1065.406956  0.084000
 383   341  1637.228101  0.373426
 383   409  9.188734  0.173333
 384   344  1646.416836  0.186714
 384   411  84.493121  0.173333
 385   380  238.480191  0.186667
 385   384  1169.459763  0.173343
 386   353  1955.082140  0.374456
 386   354  13.946936  0.200000
 387   386  1959.840342  0.173860
 387   410  492.787809  0.186667
 388   343  2901.265944  0.176348
 388   442  792.179721  0.173343
 389   388  2398.545218  0.188060
 389   801  21.044621  0.186667
 390   382  1121.292384  0.186672
 390   391  1365.517278  0.053366
 391   342  912.160392  0.173337
 391   393  1423.342027  0.173460
 392   390  1121.292384  0.200005
 392   391  969.985141  0.186671
 392   443  21.044621  0.186667
 393   394  0.000000  0.186667
 393   421  1162.665404  0.186722
 393    37  1831.325152  0.700000
 394   392  21.044621  0.173333
 394   395  0.000000  0.173333
 395   396  51.496409  0.186667
 395   493  0.000000  0.186667
 396   422  2577.536223  0.175115
 396   464  51.496409  0.200000
 397   370  638.245099  0.173337
 397   372  29.297232  0.173333
 398   397  667.542331  0.186671
 398   445  1305.650890  0.200028
 399   340  1738.643780  0.240077
 399   347  2083.931439  0.600157
 399   351  0.000000  0.186667
 400   401  693.715843  0.173339
 400   402  671.459923  0.173335
 401   403  0.000000  0.222857
 401   808  693.715843  0.186672
 402   373  0.000000  0.240000
 402   376  671.459923  0.186668
 403   402  0.000000  0.222857
 403   404  0.000000  0.240000
 404   376  2482.607724  0.174841
 404   405  417.879142  0.274286
 405   381  629.453596  0.186689
 405   406  2329.700137  0.200365
 405   408  385.713000  0.188571
 405    31  1188.184047  0.616667
 406   343  1065.406956  0.156000
 406   442  2329.700137  0.173650
 407   385  1169.459763  0.186677
 407   413  959.053590  0.173339
 408   407  1182.853392  0.173344
 408   414  115.020000  0.222857
 409   386  9.188734  0.186667
 409   410  0.000000  0.173333
 410   344  492.787809  0.173334
 410   411  0.000000  0.186667
 411   412  0.000000  0.173333
 411   416  84.493121  0.186667
 412   385  238.480191  0.173333
 412   413  0.000000  0.186667
 413   414  565.487013  0.173335
 413   418  393.566577  0.186667
 414   415  565.487013  0.186669
 414   419  115.020000  0.240000
 415   342  1083.978074  0.156000
 415   393  1332.325453  0.173428
 416   355  79.734919  0.200000
 416   387  1959.840342  0.187234
 417   412  238.480191  0.186667
 417   416  1955.082140  0.173855
 418   417  1955.082140  0.187228
 418   423  750.639503  0.200002
 419   418  2312.155067  0.174432
 419   424  860.556789  0.257147
 420   415  1850.816514  0.168000
 420   419  3057.691856  0.190767
 421   420  2906.998856  0.176375
 421   474  833.202772  0.200014
 422   394  21.044621  0.186667
 422   421  2577.536223  0.188585
 423   356  401.160504  0.240002
 423   424  7014.001737  0.156002
 423   426  27.038769  0.200000
 424     6  936.754723  0.833333
 424   423  52.370000  0.222857
 424   427  106.402768  0.257143
 424   452  8778.555436  0.168084
 425     6  508.396680  0.833333
 425   279  465.188000  0.266668
 425   428  1309.421883  0.080011
 426   359  432.276879  0.186667
 427   426  405.238109  0.173333
 427   431  126.215981  0.222857
 428   279  0.000000  0.377143
 428   282  1266.341883  0.146684
 428   360  43.080000  0.240000
 429   361  0.000000  0.173333
 429   435  151.774163  0.066667
 430   362  0.000000  0.186667
 430   426  0.000000  0.173333
 430   431  48.955000  0.173333
 431   436  126.215981  0.240000
 431   449  48.955000  0.186667
 432   361  73.791000  0.120000
 432   435  0.000000  0.257143
 433   280  151.774163  0.200000
 433   434  48.955000  0.222857
 434   362  0.000000  0.240000
 434   432  73.791000  0.066667
 435   360  0.000000  0.257143
 435   432  0.000000  0.257143
 435   433  151.774163  0.133333
 436   362  0.000000  0.222857
 436   363  466.658682  0.222857
 437   434  24.836000  0.173333
 438   439  0.000000  0.186667
 439   284  0.000000  0.200000
 440   441  466.658682  0.222857
 441   281  466.658682  0.257143
 442   390  1365.517278  0.133415
 442   443  1756.362580  0.186764
 443   389  21.044621  0.173333
 443   444  1756.362580  0.173423
 444   349  968.619446  0.186674
 444   504  1756.362580  0.186764
 445   339  1305.650890  0.160022
 445   350  0.000000  0.200000
 446   347  629.453596  0.200000
 446   379  561.450193  0.093334
 446   447  1730.031342  0.160029
 447   375  122.505191  0.093333
 447   381  1730.031342  0.200036
 447   446  629.453596  0.160000
 448   338  0.000000  0.600000
 448   339  1970.351814  0.428828
 448    31  689.893000  0.616667
 449   477  168.838271  0.156000
 449   519  48.955000  0.173333
 450   492  0.000000  17.000000
 450   497  51.612791  0.173333
 450   507  595.964667  0.186667
 450    44  2645.533595  0.666667
 451   491  0.000000  13.000000
 451   495  3557.900247  0.156000
 452   420  2001.509514  0.180000
 452   424  18.330000  0.240000
 452   474  7343.053532  0.156001
 453   459  63.420432  0.462857
 453   468  2096.658806  0.132000
 453   475  9665.215997  0.240122
 454   213  701.633756  0.321337
 454   455  8740.303607  0.228021
 454   475  34.473109  0.257143
 454   513  437.302450  0.200000
 455   454  34.473109  0.325714
 455   471  4825.940743  0.168000
 455   520  6462.036815  0.180476
 455    44  1498.773286  0.666667
 456     6  144.476597  0.833333
 456     8  43.410000  0.666667
 456   488  264.805870  0.156000
 456   489  899.609983  0.240139
 457   490  4141.078529  0.260306
 457   507  739.296138  0.174247
 457   806  541.250169  0.186667
 458   460  2941.384357  0.353076
 458   505  4373.218229  0.175262
 458    37  2782.819550  0.700000
 459   453  8447.664512  0.324017
 459   464  0.000000  0.222857
 459   499  2220.674501  0.180000
 459    37  403.630478  0.700000
 460   348  2941.172926  0.190117
 460   803  1322.691929  0.168000
 461   457  4086.364031  0.244744
 461   508  3159.881884  0.156000
 462   450  0.000000  18.000000
 462   498  3076.198115  0.156000
 463   213  3262.478985  0.268842
 463   486  6379.004201  0.092861
 464   459  7584.244992  0.156001
 464   479  51.496409  0.200000
 464   517  0.000000  0.222857
 465   480  948.564983  0.120088
 465   484  302.805105  0.186668
 466   459  2929.964300  0.108000
 466   480  1299.344228  0.160475
 466   487  338.346888  0.173335
 467   349  985.597655  0.186672
 467   504  1227.311035  0.168000
 468   483  1165.857873  0.156000
 468   487  2809.225393  0.186957
 469   210  3056.097071  0.755301
 469   545  515.646340  0.377144
 469   547  27.370000  0.400000
 470   463  977.976117  0.186674
 470   481  454.981435  0.186667
 471   455  449.946395  0.240002
 471   476  4661.902924  0.156000
 471   515  283.456968  0.200000
 472   462  0.000000  13.000000
 472   509  283.456968  0.186667
 473   461  4294.193475  0.190568
 473   819  512.974009  0.186667
 473    44  1796.892417  0.666667
 474     8  544.811000  0.666667
 474   452  415.499338  0.222858
 474   478  47.200311  0.200000
 474   517  7605.289614  0.168002
 475   214  1211.516390  0.326620
 475   453  34.473109  0.342857
 475   454  8568.060737  0.180012
 475   512  0.000000  0.257143
 476   471  114.384109  0.222857
 476   482  48.969130  0.200000
 476   568  4661.902924  0.168000
 477   427  425.051322  0.186667
 477   452  168.838271  0.180000
 478   477  425.051322  0.173334
 478   519  19.070521  0.173333
 479   465  48.388325  0.080000
 479   518  396.921532  0.173334
 480     8  651.114000  0.666667
 480   465  254.416780  0.120000
 480   466  1758.430023  0.161822
 480   479  393.813448  0.093334
 481   471  454.981435  0.200000
 481   482  0.000000  0.222857
 482   485  48.969130  0.186667
 482   569  0.000000  0.240000
 483   205  1504.204761  0.306696
 484   465  948.564983  0.186803
 484   489  302.805105  0.266668
 484   518  0.000000  0.200000
 485   470  977.976117  0.186674
 485   546  48.969130  0.133333
 486   469  3056.097071  0.264000
 486   545  3611.707018  0.148547
 487   466  2809.225393  0.175946
 487   483  338.346888  0.280000
 488   436  340.442701  0.240000
 488   449  168.838271  0.168000
 489   215  0.000000  1.600000
 489   456  77.400523  0.240000
 489   484  899.609983  0.266821
 489   488  244.475102  0.222857
 490   458  4141.078529  0.274768
 490   506  0.000000  0.222857
 490   805  0.000000  0.240000
 491   467  0.000000  13.000000
 491   494  0.000000  0.222857
 492   451  0.000000  20.000000
 492   496  0.000000  0.222857
 492   506  0.000000  0.240000
 493   467  2212.908690  0.156000
 493   494  0.000000  0.173333
 494   495  0.000000  0.173333
 495   496  765.951915  0.266679
 495   511  2791.948332  0.168000
 496   492  0.000000  0.222857
 496   497  765.951915  0.213343
 496   512  0.000000  0.240000
 497   450  1203.254365  0.173334
 497   498  0.000000  0.240000
 497   513  51.612791  0.186667
 498   500  0.000000  0.173333
 498   514  3076.198115  0.168000
 499   396  2577.536223  0.188585
 499   493  2212.908690  0.168000
 500   472  283.456968  0.173333
 500   503  73.255800  0.173333
 501   473  6007.402124  0.250008
 501   510  715.660604  0.173339
 502   472  0.000000  13.000000
 502   503  715.660604  0.173339
 503   516  99.775702  0.186667
 503   566  70.679925  0.186667
 503    44  689.140702  0.666667
 504   460  1322.480499  0.156000
 504   505  1661.193116  0.346807
 505   451  3557.900247  0.168000
 505   506  2476.511098  0.253940
 506   490  0.000000  0.222857
 506   492  0.000000  0.240000
 506   507  2476.511098  0.227209
 507   450  1879.581680  0.248977
 507   457  595.964667  0.173333
 507   508  1336.225556  0.226702
 508   462  3076.198115  0.168000
 508   509  1419.909324  0.173368
 509   473  367.140736  0.173333
 509   510  1336.225556  0.173360
 510   502  715.660604  0.186673
 510   564  1336.225556  0.186695
 511   453  3343.157615  0.180000
 511   499  2569.770412  0.350183
 512   475  0.000000  0.257143
 512   496  0.000000  0.240000
 512   511  3120.979694  0.273084
 513   454  701.633756  0.200835
 513   497  437.302450  0.186667
 513   512  3120.979694  0.218467
 514   455  3490.783924  0.180000
 514   513  3771.000660  0.267470
 515   500  356.712767  0.186667
 515   514  4185.586468  0.188713
 516   476  48.969130  0.200000
 516   515  4258.842268  0.189947
 517   422  21.044621  0.200000
 517   464  7584.244992  0.156001
 517   474  0.000000  0.240000
 518   478  396.921532  0.186667
 518   517  0.000000  0.200000
 519   484  48.955000  0.186667
 519   489  19.070521  0.186667
 520   463  6462.036815  0.168444
 520   481  0.000000  0.240000
 521   527  5581.667934  0.217758
 521   528  4905.986460  0.220222
 521   551  0.000000  0.240000
 521   555  4578.450392  0.221183
 521   682  0.000000  0.222857
 522   529  0.000000  14.000000
 522   551  0.000000  0.222857
 522   552  0.000000  0.222857
 522    45  0.000000  0.666667
 523   530  0.000000  0.240000
 523   542  0.000000  0.257143
 523   553  0.000000  0.257143
 523   581  4340.761536  0.156000
 524   536  5963.985220  0.238764
 524   657  28.328564  0.171429
 524   673  3248.532855  0.201600
 525   537  1024.913408  0.240109
 525   586  492.041859  0.200000
 525   595  4462.430707  0.168000
 525    53  312.037063  0.500000
 526   463  2201.470255  0.160816
 526   470  454.981435  0.066667
 527   521  4578.450392  0.207359
 527   528  1370.914171  0.066708
 527   716  5581.667934  0.217758
 528   548  844.229587  0.173346
 528   563  5432.671044  0.222366
 529   549  299.030066  0.173333
 529   565  0.000000  13.000000
 530   523  4340.761536  0.168000
 530   541  237.203706  0.200000
 530   568  259.388718  0.222857
 530    45  648.056184  0.666667
 531   570  977.976117  0.173340
 531   572  106.413752  0.173333
 532   533  3666.504148  0.202741
 532   571  21.542000  0.106667
 533   219  3160.020171  0.369155
 533   242  1060.534385  0.257150
 533   571  2529.665879  0.401053
 533   573  365.317231  0.188572
 533    15  1915.907267  0.833333
 534   531  847.186163  0.186670
 534   542  0.000000  0.240000
 534   573  2024.083924  0.223484
 535   555  6722.737759  0.240603
 535   559  1021.251851  0.186675
 535   589  4152.940316  0.204770
 535   721  2129.902896  0.173546
 536   524  3248.532855  0.215041
 536   561  2917.224043  0.162852
 536   588  0.000000  13.000000
 536   589  5724.543422  0.219870
 537   525  4155.480983  0.168000
 537   540  0.000000  0.240000
 537   544  4715.339307  0.230144
 538   539  2542.873582  0.197626
 538   574  971.470838  0.186674
 538    15  1808.780197  0.833333
 539   226  2010.398272  0.544349
 539   579  1037.967853  0.186670
 540   537  4199.154909  0.168000
 540   580  0.000000  0.222857
 540   584  272.293339  0.200000
 541   531  237.203706  0.186667
 541   542  0.000000  0.240000
 542   523  0.000000  0.257143
 542   534  0.000000  0.240000
 542   577  0.000000  0.222857
 543   540  47.348617  0.200000
 543   544  0.000000  0.240000
 544   538  4715.339307  0.214801
 544   579  0.000000  0.240000
 545   526  515.646340  0.066667
 545   547  3611.707018  0.297094
 546   526  2140.805349  0.213601
 546   547  48.969130  0.133333
 547   532  3688.046148  0.112059
 548   529  299.030066  0.173333
 548   551  1881.425076  0.186798
 549   550  299.030066  0.186667
 549   552  70.679925  0.186667
 550   530  42.225745  0.200000
 550   567  4063.031088  0.186810
 551   521  274.338180  0.240000
 551   522  0.000000  0.222857
 551    45  671.566044  0.666667
 551   556  1209.859033  0.173351
 552   522  0.000000  0.222857
 552   553  0.000000  0.240000
 552   558  70.679925  0.173333
 553   523  0.000000  0.257143
 553   550  3806.226766  0.197523
 553   552  0.000000  0.240000
 554   521  4621.199993  0.212388
 554   726  751.970330  0.173341
 555   521  5592.116221  0.232434
 555   535  4338.692040  0.205794
 555   554  637.206342  0.106669
 555    45  1609.740772  0.666667
 556   535  1481.053361  0.173376
 556   555  213.563629  0.080000
 557   522  0.000000  13.000000
 557   556  484.757957  0.173334
 558   557  484.757957  0.173334
 558   560  64.890925  0.186667
 559   557  0.000000  14.000000
 559   560  1021.251851  0.173341
 560   583  1021.251851  0.186675
 560   587  64.890925  0.173333
 561   562  279.910647  0.186667
 561   585  2927.149043  0.190044
 562   524  277.765014  0.068571
 562   673  494.187492  0.200001
 563   501  5432.671044  0.239471
 563   716  271.558279  0.160000
 564   548  1336.225556  0.186695
 564   563  271.558279  0.173333
 565   502  0.000000  14.000000
 565   564  271.558279  0.173333
 566   549  70.679925  0.173333
 566   565  271.558279  0.173333
 567   516  4208.035697  0.203628
 567   566  271.558279  0.186667
 568   476  114.384109  0.240000
 568   530  4800.747175  0.156000
 568   567  416.562888  0.200000
 569   541  0.000000  0.222857
 569   568  410.402530  0.200000
 570   485  977.976117  0.186674
 570   569  410.402530  0.186667
 571   546  2140.805349  0.200251
 571   570  410.402530  0.173333
 571   572  0.000000  0.222857
 572   573  106.413752  0.240000
 573   239  365.317231  0.222857
 573   533  2130.497676  0.189254
 573   534  0.000000  0.222857
 574   543  47.348617  0.186667
 574   575  924.122221  0.173339
 575   240  0.000000  0.186667
 575   576  2899.231470  0.187567
 576   534  2871.270086  0.174135
 576   577  403.335762  0.186667
 577   578  0.000000  0.240000
 577   581  403.335762  0.200001
 578   543  0.000000  0.222857
 578   575  1975.109248  0.186830
 579   525  1037.967853  0.200004
 579   538  0.000000  0.180000
 579   595  0.000000  0.514286
 580   540  4424.099631  0.156000
 580   578  1975.109248  0.200175
 580   581  0.000000  0.240000
 581   523  0.000000  0.222857
 581   580  4424.099631  0.168000
 581   582  319.997668  0.200000
 582   553  3806.226766  0.183414
 582   558  478.968957  0.186668
 583   580  1975.109248  0.200175
 583   582  3965.198056  0.188011
 584   583  4919.055453  0.204863
 584   587  686.064811  0.186672
 585   537  3646.751973  0.209616
 585   584  5332.826924  0.218485
 585    53  448.657055  0.500000
 586   562  492.041859  0.240000
 586   585  5220.769600  0.230910
 587   561  289.835647  0.173333
 587   588  461.120089  0.173334
 588   559  0.000000  0.173333
 588   589  461.120089  0.066667
 589   535  5960.860732  0.223785
 589   536  4152.940316  0.204770
 589   721  224.802779  0.133333
 590   535  2246.226690  0.186956
 590   554  4735.963981  0.215352
 591   594  2070.860114  0.341188
 591   595  0.000000  0.685714
 591   945  5227.884780  1.568714
 592   611  2893.181664  0.267139
 592   946  137.618267  1.200000
 593   600  101.397437  0.300000
 593   606  0.000000  0.300000
 593   607  0.000000  0.222857
 594   640  2355.655280  0.666805
 595   525  1024.913408  0.240109
 595   591  5931.153026  0.480007
 596   597  0.000000  0.771429
 596   599  592.008910  0.173336
 597   229  352.157320  0.933342
 597   598  101.181092  0.173333
 597    17  143.331361  0.666667
 598   597  331.549975  0.173335
 598   599  21.406652  0.737143
 598   619  79.774440  0.880000
 599   608  0.000000  0.222857
 599   610  613.415562  0.186670
 600   601  86.343768  0.171429
 600   609  0.000000  0.500000
 600   612  128.710324  0.560000
 601   604  2631.329485  0.347070
 601    16  1915.477301  1.000000
 602   603  821.582822  0.137147
 602   605  95.237000  0.222857
 602    16  2361.254699  1.000000
 603   227  41.703581  0.720000
 603   606  6.160437  0.280000
 603   621  1851.033826  0.343478
 604   226  2631.329485  0.769213
 605   593  95.237000  0.222857
 605   604  0.000000  0.240000
 606   593  6.160437  0.300000
 606   603  0.000000  0.280000
 606   605  0.000000  0.085714
 607   596  0.000000  0.222857
 607   606  0.000000  0.377143
 608   600  113.656655  0.257143
 608   607  0.000000  0.222857
 608    17  1144.830724  0.666667
 609   608  1144.830724  0.240041
 609   610  0.000000  0.222857
 610   614  613.415562  0.173336
 610   618  0.000000  0.908571
 611   601  3999.834600  0.362694
 612   592  137.618267  0.420000
 612   611  1106.652936  0.102872
 613   609  1144.830724  0.240041
 613   612  1115.560879  0.377199
 614   613  675.753737  0.222860
 614   616  604.507620  0.186670
 615   613  1584.637865  0.240202
 615   616  200.222351  0.222859
 616   615  0.000000  0.222857
 616   617  747.656512  0.241119
 616   919  57.073458  1.066667
 617   614  666.845795  0.462863
 617   616  0.000000  0.240000
 617   618  331.549975  0.222876
 617    19  627.208602  0.833333
 618   617  79.774440  0.222857
 618   619  331.549975  0.137155
 619   598  331.549975  0.880015
 619   618  79.774440  0.137143
 619   918  0.000000  1.600000
 620   621  0.000000  0.771429
 621   596  592.008910  0.333338
 621   620  0.000000  0.771429
 621    17  1269.776915  0.666667
 622   623  1360.075029  0.481404
 622   883  704.302145  0.857241
 623   622  671.097340  0.480043
 623   636  2354.114473  0.347222
 623   646  1226.688576  1.030381
 623    50  371.858785  0.500000
 624   627  1323.383676  0.066881
 624   641  2447.024751  0.531742
 624   646  1426.715554  1.032378
 624    61  358.697123  0.583333
 625   629  1186.469488  0.600896
 625   641  390.165812  0.426673
 625   653  2577.548563  0.860582
 625    49  850.116618  0.750000
 626   638  4215.325576  0.147002
 626   640  5847.692381  0.572163
 626   658  0.000000  55.000000
 627   624  3890.325346  0.092586
 627   892  715.989080  0.666806
 627   899  337.008503  0.600002
 627    58  512.059868  0.533333
 628   630  1442.234842  0.514651
 628   642  265.267820  0.533363
 628   643  0.000000  1.000000
 629   625  489.435314  0.600011
 629   628  0.000000  1.100000
 629   632  1012.373716  0.685778
 629   653  4411.557494  0.518978
 629    62  281.108944  0.666667
 630   628  265.267820  0.466692
 630   629  4907.857980  0.629370
 630   632  6304.478307  0.410360
 630   902  6754.483880  0.669880
 630    61  556.589001  0.583333
 630  1013  2539.225221  0.776113
 631   646  0.000000  0.300000
 631   899  219.593000  1.000002
 632   630  6343.450373  0.410667
 632   637  7769.119409  0.235318
 632   924  284.675261  0.411429
 632    64  710.331677  0.750000
 633   634  2427.092454  0.569605
 633   644  2369.610777  0.180003
 633    40  1245.327840  1.083333
 634   635  137.436000  0.257143
 634   649  976.207800  1.080617
 634   667  1939.350281  0.560452
 634   885  1101.233884  0.686423
 635   634  859.901100  0.257222
 635   644  33.204805  0.428571
 635  1019  2393.170456  0.267215
 636   623  432.940776  0.333341
 636   645  2354.114473  0.240733
 636   650  0.000000  0.506667
 637   632  5956.353928  0.224355
 637   638  6160.760371  0.215729
 637   713  4860.692293  0.609701
 637    62  612.520175  0.666667
 638   626  5847.692381  0.197703
 638   637  5904.348671  0.200709
 638   923  1929.839068  0.427004
 639   947  45.131907  1.200000
 640   626  4215.325576  0.133465
 640   659  5661.753465  0.471431
 640    52  204.168916  0.533333
 641   624  410.505044  0.506676
 641   625  2158.542395  0.438756
 641   642  313.693640  0.600039
 642   628  1442.234842  0.588172
 642   641  45.550515  0.600000
 642   893  265.758589  0.733374
 642    61  10.042876  0.583333
 643   896  0.000000  0.600000
 644   622  1393.279835  0.401618
 644   635  1009.535748  0.343088
 645   636  47.160000  0.205714
 645   700  1206.384744  0.426817
 645  1018  2354.114473  0.267481
 646   260  0.000000  3.000000
 646   623  2431.097614  1.081086
 646   624  848.911194  1.028867
 646   631  219.593000  0.300011
 646    49  371.084382  0.750000
 647   656  256.450616  0.173333
 647   753  28.686865  0.222857
 648   647  0.000000  0.222857
 648   710  0.000000  0.222857
 649   634  137.436000  1.080000
 649   665  0.000000  0.274286
 649   679  1050.737800  0.342895
 649   683  91.530010  0.171429
 649   885  372.890005  1.000017
 650   636  385.780776  0.506673
 651   740  0.000000  0.222857
 652   650  385.780776  0.080000
 652   701  3815.093060  0.183519
 652    50  234.277808  0.500000
 653   625  315.548833  0.805716
 653   706  3504.719470  0.804497
 653   712  4400.789968  0.222176
 653    62  342.449882  0.666667
 654   704  385.432788  0.173333
 654   751  3969.333138  0.185481
 655   629  0.000000  1.140000
 655   708  3850.940487  0.566003
 655   712  135.498627  0.253333
 655    51  549.849482  0.583333
 656   654  503.825439  0.186667
 656   709  0.000000  0.173333
 657   536  0.000000  14.000000
 657   671  28.328564  0.222857
 658   672  0.000000  0.173333
 658   756  0.000000  13.000000
 659   673  11205.140695  0.807161
 659    52  90.065906  0.533333
 660   666  4139.122870  0.202427
 660   680  4.135000  0.222857
 660   681  0.000000  0.240000
 661   647  285.137481  0.173333
 661   754  5039.017280  0.208428
 662   668  4357.639901  0.221226
 662   693  0.000000  0.222857
 663   669  5231.765071  0.231326
 663   695  0.000000  0.222857
 664   591  1367.591868  0.468405
 664   594  284.795166  0.200000
 664    53  503.267882  0.500000
 665   649  166.060010  0.274286
 665   677  606.495828  0.306672
 666   678  1857.383548  0.187114
 666   717  6470.680426  0.280017
 666    42  0.000000  0.666667
 667   651  0.000000  0.274286
 667   688  1985.141601  0.160143
 668   690  1175.671217  0.186683
 668   730  4677.623640  0.198542
 668    43  0.000000  0.583333
 669   670  1877.254141  0.186797
 669   722  4634.061504  0.197515
 670   536  1773.374784  0.200390
 670   671  1772.709573  0.186768
 671   663  0.000000  0.240000
 671   698  1801.038137  0.186775
 672   661  17.845837  0.186667
 672   711  2486.403675  0.173756
 673   524  5714.548771  0.207311
 673   664  1718.095017  0.466748
 673   720  7714.405328  0.256533
 673   750  2520.062467  0.174945
 674   675  870.166401  0.186682
 674   778  5600.514025  0.317726
 675   676  870.166401  0.133344
 675   718  752.344727  0.186675
 676   715  1776.733552  0.053438
 676   716  4568.057795  0.207285
 676   777  6924.268151  0.246301
 676    42  1155.443239  0.666667
 677   741  4239.844814  0.160448
 678   681  752.344727  0.186675
 678   719  1857.383548  0.173748
 679   649  510.326005  0.342858
 679   677  3633.348987  0.195496
 679   680  0.000000  0.342857
 679    42  944.247436  0.666667
 680   660  0.000000  0.222857
 680   679  4.135000  0.342857
 680   685  50.903710  0.173333
 681   660  4.135000  0.240000
 681   682  0.000000  0.222857
 681   687  748.209727  0.173341
 682   521  0.000000  0.222857
 682   681  0.000000  0.222857
 682   719  72.167234  0.240000
 683   738  91.530010  0.205714
 684   679  3802.683627  0.183373
 684   683  0.000000  0.200000
 685   684  127.737340  0.173333
 685   732  69.963710  0.186667
 686   660  4139.122870  0.187968
 686   685  146.797340  0.173333
 687   686  146.797340  0.186667
 687   727  1471.169460  0.186825
 687    42  520.963326  0.666667
 688   689  1000.543159  0.173341
 688   736  4057.104690  0.186723
 688    43  498.538965  0.583333
 689   668  1000.543159  0.173341
 689   693  96.642400  0.200000
 689    43  19.060000  0.583333
 690   691  1279.550574  0.173355
 690   694  1000.312813  0.200031
 691   669  1279.550574  0.173355
 691   724  28.686865  0.222857
 692   651  0.000000  0.171429
 692   688  3363.705214  0.206714
 693   692  0.000000  0.222857
 693   734  96.642400  0.186667
 694   662  0.000000  0.240000
 694   696  1000.312813  0.173360
 695   691  28.686865  0.257143
 695   694  0.000000  0.222857
 696   723  1785.518279  0.173430
 696   745  1706.407197  0.173618
 696    43  230.545898  0.583333
 697   663  5231.765071  0.231326
 697   698  1862.925912  0.186793
 698   699  2152.629838  0.173556
 698   748  1511.334211  0.173380
 699   657  0.000000  14.000000
 699   673  2719.250540  0.173962
 699    52  566.169801  0.533333
 700   650  0.000000  0.240000
 700   701  1896.742379  0.093402
 700    50  350.942407  0.500000
 701   702  1441.717546  0.173371
 701   743  4270.117893  0.190143
 702   704  288.150938  0.173333
 702   751  1878.388862  0.173455
 702    51  976.753683  0.583333
 703   729  4673.478715  0.198442
 703   744  2232.364476  0.173595
 704   652  151.083639  0.173333
 704   707  522.500087  0.173335
 705   640  1657.902924  0.534104
 705   658  0.000000  0.173333
 706   652  4284.068004  0.190389
 706   707  0.000000  0.222857
 706    51  0.000000  0.583333
 707   708  0.000000  0.222857
 707   712  522.500087  0.693339
 708   654  3850.940487  0.183951
 708   709  0.000000  0.240000
 709   648  0.000000  0.222857
 709   655  0.000000  0.860000
 710   661  5306.308924  0.217495
 710   711  653.272373  0.240001
 710    51  341.481835  0.583333
 711   714  3139.676047  0.456451
 712   653  657.998714  0.200005
 712   655  4400.789968  0.281423
 713   710  4641.711916  0.456214
 713   714  218.980377  0.257143
 714   638  3305.794173  0.295870
 714   640  0.000000  0.514286
 714   658  0.000000  1.000000
 714    52  243.060377  0.533333
 715   501  1290.391685  0.186755
 715   819  486.341867  0.240000
 716   527  4568.057795  0.207285
 716   676  6401.470226  0.232659
 716   718  0.000000  0.213333
 717   674  6470.680426  0.280017
 718   678  752.344727  0.173379
 718   717  0.000000  0.186667
 719   527  1381.306768  0.120077
 719   716  548.244013  0.240000
 720   586  5220.769600  0.230910
 720   595  2493.635727  0.200494
 721   670  1668.830216  0.173405
 721   722  685.875459  0.186672
 722   590  5667.090581  0.232496
 722   724  113.573332  0.173333
 722    43  741.943137  0.583333
 723   695  28.686865  0.240000
 723   697  1785.518279  0.173430
 724   725  124.362532  0.222857
 724   728  17.897665  0.173333
 725   590  1315.100090  0.173358
 725   726  114.796569  0.240000
 726   682  72.167234  0.222857
 726   687  794.599666  0.173343
 727   725  1305.534127  0.173357
 727   728  1104.192170  0.173374
 728   690  1104.192170  0.173374
 728   730  17.897665  0.186667
 729   662  4357.639901  0.206478
 729   696  1708.636443  0.186753
 730   731  4677.623640  0.198542
 730   733  17.897665  0.173333
 731   686  4139.122870  0.202427
 731   727  938.556838  0.186673
 732   731  400.056068  0.173333
 732   733  115.702400  0.173333
 733   689  115.702400  0.173333
 733   736  17.897665  0.173333
 734   729  1392.797629  0.173365
 734   744  96.642400  0.173333
 735   692  3363.705214  0.192934
 735   734  1392.797629  0.173365
 736   737  4075.002355  0.186987
 736   739  0.000000  0.173333
 737   684  3674.946287  0.195955
 737   732  445.794758  0.173334
 738   737  45.738690  0.186667
 738   739  45.791320  0.222857
 739   667  45.791320  0.222857
 740   735  2982.049738  0.120656
 740   742  0.000000  0.240000
 741   666  4188.941105  0.188768
 741   680  50.903710  0.186667
 742   700  325.432797  0.222857
 742  1018  3730.400553  0.541227
 743   735  1774.453105  0.173672
 743   742  4055.833349  0.108957
 744   702  768.838314  0.173342
 744   743  1560.168561  0.173387
 745   703  2150.171727  0.186905
 745   752  400.549176  0.173334
 746   723  28.686865  0.222857
 746   745  844.313706  0.173337
 747   697  5309.172704  0.217601
 747   746  844.313706  0.173337
 748   747  844.313706  0.186670
 748   755  1529.180047  0.173382
 749   699  0.000000  13.000000
 749   748  862.159542  0.173337
 750   749  862.159542  0.173337
 750   757  1657.902924  0.173584
 751   703  4755.671464  0.200466
 751   752  1092.050535  0.186678
 752   656  247.374824  0.173333
 752   753  1245.224887  0.173353
 753   746  28.686865  0.222857
 753   754  1245.224887  0.173353
 754   747  5309.172704  0.217601
 754   755  975.069464  0.186674
 755   672  2504.249511  0.173770
 755   756  0.000000  0.173333
 756   749  0.000000  13.000000
 756   757  0.000000  0.173333
 757   705  1657.902924  0.173584
 758   336  5031.132523  0.675813
 758   364  137.867349  0.291429
 758   779  1761.362397  0.192000
 758   786  5251.332942  0.213540
 758    35  2270.449621  0.750000
 759   765  751.458602  0.240000
 759   772  2972.307624  0.241294
 760   761  634.343927  0.257143
 760   782  3930.290610  0.420000
 760    35  148.813468  0.750000
 761   781  2883.934007  0.367579
 761   868  49.713719  0.102857
 761   869  2376.922499  0.222611
 761    41  1428.939787  0.916667
 762   766  5975.156771  0.268848
 762   775  1950.405556  0.120068
 762   793  5675.460223  0.394423
 762   813  4431.305179  0.343941
 762   817  739.296138  0.174247
 762   865  545.668016  0.666674
 763   764  4934.688388  0.140179
 763   781  2506.696663  0.211017
 763   793  6714.452909  0.160254
 763    36  1855.607388  0.616667
 764   763  4151.089995  0.136507
 764   780  6194.112990  0.072002
 764   791  4640.415596  0.207813
 764    36  230.837612  0.616667
 765   760  546.096731  0.462857
 765   975  1710.231937  0.204000
 766   762  6486.552378  0.281561
 766   777  4477.865916  0.206667
 766   818  2465.710572  0.053459
 767   765  1504.870066  0.288000
 767   772  4794.043197  0.222965
 767   791  5433.152366  0.201368
 767    36  264.919578  0.616667
 768   366  4086.039848  0.245325
 768   790  4252.486288  0.189836
 769   771  1236.897117  0.186740
 769   772  4056.226931  0.204295
 769   786  4881.637674  0.209787
 770   773  3751.632368  0.182787
 770   789  182.483136  0.222857
 771   758  0.000000  0.480000
 771   759  751.458602  0.205715
 771   974  485.438515  0.994286
 772   767  5698.071943  0.234096
 772   769  4768.215579  0.208816
 772   810  1356.290231  0.160026
 773   774  3052.171368  0.190735
 773   796  945.498318  0.173339
 774   792  3341.494441  0.178983
 774   811  1329.550923  0.156000
 775   868  1950.405556  0.906811
 776   762  5575.036426  0.298602
 776   766  968.419717  0.133338
 777   675  752.344727  0.200009
 777   676  5669.453842  0.219034
 777   766  6486.552378  0.234634
 777   778  708.629913  0.200002
 778   776  6543.456143  0.241540
 779   783  589.246788  0.168000
 779   787  949.164390  0.173339
 779    31  1172.115609  0.616667
 780   763  2698.364363  0.121512
 780   812  6837.243068  0.156025
 781   761  2506.696663  0.351695
 781   763  2378.103303  0.208717
 781   782  505.830704  0.240005
 782   764  4436.121314  0.120000
 783   366  2307.664736  0.161006
 783   768  272.413213  0.156000
 784   768  4759.234236  0.156000
 785   403  0.000000  0.240000
 785   808  1066.186035  0.156000
 786   758  5078.210586  0.211665
 786   769  4393.598617  0.206127
 786   787  1210.147531  0.133381
 787   769  830.464390  0.186670
 787   788  1328.847531  0.186768
 788   783  1990.831161  0.173898
 788   790  392.849294  0.173334
 788    36  784.650422  0.616667
 789   769  182.483136  0.186667
 789   788  1110.252912  0.186712
 790   770  3913.070883  0.198945
 790   794  732.264699  0.173340
 791   764  5433.152366  0.215752
 791   767  4640.415596  0.193958
 791   792  0.000000  0.205714
 792   780  3341.494441  0.165215
 793   762  6714.452909  0.432686
 793   763  6172.489991  0.151851
 793   813  0.000000  0.154286
 794   784  3114.603260  0.177467
 794   809  1179.629544  0.173388
 795   770  21.044621  0.173333
 795   794  3561.968105  0.194751
 796   795  3561.968105  0.180840
 796   815  425.991738  0.173333
 796    36  984.070000  0.616667
 797   774  1618.873996  0.156000
 797   796  4008.337524  0.200331
 798   799  1701.872784  0.253448
 798   804  5702.767202  0.156001
 799   805  0.000000  0.222857
 799   813  0.000000  0.222857
 799   817  1701.872784  0.253448
 800   388  1294.900447  0.186757
 800   785  0.000000  0.222857
 801   800  0.000000  0.240000
 801   814  21.044621  0.186667
 802   348  425.991738  0.186667
 802   801  0.000000  0.222857
 803   802  0.000000  0.240000
 803   816  2260.333028  0.156000
 803    37  0.000000  0.700000
 804   458  5702.767202  0.193428
 804   803  0.000000  0.445714
 805   490  0.000000  0.240000
 805   799  0.000000  0.222857
 805   804  0.000000  0.325714
 806   457  739.296138  0.187650
 806   805  0.000000  0.325714
 806   817  541.250169  0.173333
 807   461  2952.052439  0.168000
 807   806  0.000000  0.291429
 808   784  1644.630975  0.156000
 808   809  115.270903  0.173334
 809   800  1294.900447  0.173417
 809   808  0.000000  0.173333
 810   773  246.037318  0.173333
 810   789  1110.252912  0.173375
 811   767  1329.550923  0.060000
 811   810  0.000000  0.186667
 812   797  3562.542229  0.361690
 812   798  7208.976250  0.156061
 813   793  497.029768  0.154291
 813   799  0.000000  0.222857
 813   812  3934.275411  0.256170
 814   795  21.044621  0.173333
 814   815  0.000000  0.173333
 815   802  425.991738  0.173333
 815   816  0.000000  0.186667
 816   797  2064.669292  0.156000
 816   798  195.663737  0.346667
 817   762  541.250169  0.173333
 817   806  739.296138  0.174247
 817   818  1701.872784  0.213430
 818   777  1701.872784  0.186751
 818   807  2465.710572  0.173740
 819   777  512.974009  0.146667
 819   807  486.341867  0.222857
 820   826  776.641025  0.171460
 820   827  438.080428  0.548577
 820   831  2871.370508  4.916492
 821   824  3953.240093  0.540000
 821   830  2770.190215  0.135222
 821   832  0.000000  1.100000
 821   840  4804.194607  0.456000
 821    25  1617.547000  1.250000
 822   828  104.532110  0.514286
 822   837  926.328457  0.260588
 822   838  1787.195646  1.079384
 823   829  3989.303843  0.956488
 823   830  4198.378237  0.581302
 823   836  1042.943568  0.160179
 823    23  1778.342018  1.083333
 824   821  5601.299502  0.540003
 824   825  912.939025  0.533663
 824    27  961.928000  0.666667
 824  1016  6529.773995  0.628458
 825   328  465.811495  0.360011
 825   833  2082.573536  0.550347
 825    28  859.095263  0.666667
 826   820  1222.799690  0.171725
 826   838  447.273795  0.500297
 826   839  922.239025  1.457772
 827   820  1509.766123  0.551254
 827   828  379.200013  1.100013
 827   854  877.202640  0.600202
 827    24  683.972574  1.166667
 828   822  926.328457  0.514513
 828   852  154.721665  0.685714
 829   823  4161.207962  1.016285
 829   834  1551.452483  0.709260
 829   852  3028.640362  0.451088
 830   821  1836.928743  0.133637
 830   823  4157.163982  0.579243
 830   847  4302.249324  0.540192
 831   249  2316.183508  3.349279
 831   826  317.739233  1.400172
 831   827  338.011767  1.800012
 831    22  920.413000  1.166667
 832   324  0.000000  0.533333
 832   833  411.967733  0.171430
 832   846  2211.760536  0.343219
 832    27  90.150000  0.666667
 833   825  411.967733  0.548576
 833   832  2301.910536  0.171649
 834   758  1551.452483  0.514676
 834   856  2104.779646  0.774059
 835   821  988.527326  0.668585
 835   845  871.193168  0.942899
 835    23  278.467998  1.083333
 836   822  1891.727756  0.944758
 836   823  537.127273  0.160009
 836   824  1537.082584  0.603757
 836   835  0.000000  0.514286
 836    23  2049.897886  1.083333
 837   835  1819.981194  0.600243
 838   820  1353.526148  0.548583
 838   837  893.652737  0.866764
 838    24  836.894123  1.166667
 839    78  747.572000  0.833333
 839   826  1497.932252  1.463997
 839   845  547.748033  1.371474
 839   848  464.818729  1.714289
 839    23  539.573098  1.083333
 840   821  2621.850344  0.456000
 840   843  5190.467187  1.121040
 840   845  538.646320  0.051430
 840   847  385.624000  0.822862
 840   850  0.000000  1.700000
 841   317  6737.046253  0.231991
 841   846  549.504816  0.257152
 841   847  3327.773597  0.266889
 841    25  559.941000  1.250000
 842    74  0.000000  0.833333
 842   322  0.000000  0.548571
 843   840  2459.726311  1.055781
 843   849  5306.579187  0.385532
 843   850  40.563000  1.066667
 844   322  377.179472  0.500001
 844   842  0.000000  0.634286
 844   850  169.837732  0.666667
 844    26  40.563000  0.666667
 845   839  538.646320  1.371470
 845   840  1418.941201  0.051614
 846   832  411.967733  0.342858
 846   841  2264.313835  0.257448
 846   851  738.867607  1.200006
 847   830  3327.773597  0.540003
 847   841  4687.873324  0.267792
 848    76  121.001839  0.833333
 848    78  58.870000  0.833333
 848    81  114.122418  0.833333
 848    82  41.491547  0.833333
 848    83  24.444366  0.833333
 848   839  1174.118124  1.714616
 848   849  322.334253  0.857206
 849    75  2464.078000  0.833333
 849    76  559.759646  0.833333
 849    77  623.054617  0.833333
 849    85  603.489353  0.833333
 849    86  11.295803  0.833333
 849    87  420.136470  0.833333
 849   103  198.625000  0.833333
 849   104  158.886000  0.833333
 849   106  268.268000  0.833333
 849   107  110.143856  0.833333
 849   108  128.320000  0.833333
 849   109  148.913000  0.833333
 849   843  2500.289311  0.360900
 849   848  880.543640  0.866089
 849    25  167.923000  1.250000
 850   840  53.725732  1.700000
 850   843  116.112000  1.066667
 850   844  40.563000  0.666667
 851   844  377.179472  0.342857
 851   846  653.883823  1.200095
 851    26  837.232000  0.666667
 852   828  597.317998  0.685749
 852   829  4751.996965  0.778519
 852   855  2808.228021  0.297747
 852   856  425.823104  0.377146
 853   250  2377.756661  1.843277
 853   860  1785.444034  0.589366
 854   827  2315.828219  0.624118
 854   852  0.000000  1.560000
 854   857  877.202640  0.377270
 855   852  4806.299408  0.341464
 855   857  347.750349  1.165715
 855   859  4177.528657  0.377163
 855    24  4118.144303  1.166667
 856   852  593.704653  0.377161
 856   855  2896.476298  0.348489
 856   962  734.171791  0.634375
 857   854  2315.828219  0.392302
 857   858  1224.952989  0.257592
 858   857  2315.828219  0.267479
 858   859  0.000000  1.080000
 858   961  414.798271  0.325717
 858    33  810.154717  1.083333
 859   855  4883.490901  0.407724
 859   858  0.000000  1.080000
 859   964  4177.528657  0.348151
 860   872  2326.581796  0.339108
 860   963  1593.305750  0.310539
 861   863  2218.376256  0.101679
 861   870  4325.247025  0.488983
 862   873  3364.679780  0.564000
 863   876  3007.048690  0.204876
 864   869  2869.343724  0.156056
 864   870  2381.721352  0.420007
 864   875  39.699834  0.394286
 864   967  661.831014  0.466667
 864   977  266.570271  0.377143
 865   866  49.713719  0.560000
 865   875  545.668016  0.426670
 866   665  772.555837  0.900272
 866   778  234.312205  0.940001
 866    41  0.000000  0.916667
 867   861  0.000000  0.420000
 867   882  1721.076666  0.533483
 868   865  49.713719  0.380000
 868   869  1950.405556  0.240000
 869   761  1790.910108  0.215969
 869   864  2785.512464  0.156034
 869    35  3057.922296  0.750000
 870   861  2218.376256  0.360002
 870   864  3175.613829  0.420830
 870   967  599.573867  0.548600
 870    34  1770.039874  0.916667
 871   267  1266.528164  0.558112
 871   872  1091.703934  0.529753
 871   880  1352.772039  1.024369
 872   853  2398.641693  0.490015
 872   871  1019.644037  0.525337
 873   879  7214.866926  0.527770
 873   886  3833.456165  0.300000
 873    39  1329.721122  0.833333
 874   965  4391.770866  0.517943
 875   863  788.672433  0.666702
 875    41  85.672633  0.916667
 876   862  1853.084925  0.203395
 876   866  44.736659  2.000000
 876   878  3031.384841  0.493430
 877   861  4325.247025  0.264521
 877   876  1712.675924  0.202362
 878   879  168.666083  0.171429
 878   881  2862.718757  0.420198
 879   267  780.243930  2.024999
 879   874  3458.168406  0.805008
 879   877  3666.635943  0.475264
 880   871  183.692291  0.942862
 880   874  933.602461  0.686029
 880   877  2371.287006  0.344960
 880    39  97.971917  0.833333
 881   255  1572.163943  3.644871
 881   871  1386.237902  0.940715
 881   880  408.257989  0.257145
 881    39  56.510000  0.833333
 882   862  1511.594855  0.156000
 882   876  209.481811  0.137143
 883   622  0.000000  0.857143
 883   633  0.000000  0.205714
 883   873  2065.142089  1.398014
 883   887  0.000000  3.000000
 883    40  797.043160  1.083333
 884   633  2282.325161  0.552697
 884   883  0.000000  0.666667
 885   665  0.000000  1.340000
 885   884  424.866114  0.580018
 885    41  1312.279580  0.916667
 886   634  729.798411  0.857149
 886   635  1246.198707  0.800144
 886   884  1857.459047  0.205574
 887   254  202.960000  1.800046
 887   261  52.427000  1.400000
 887   265  0.000000  4.000000
 887   883  92.741015  3.000001
 887    47  47.431211  0.666667
 888   892  809.434585  0.093367
 888    58  293.994132  0.533333
 889   269  63.991450  1.800000
 889   892  4024.457745  1.923350
 889   980  1044.756728  0.686634
 889    56  201.889000  0.500000
 889    57  231.855975  0.533333
 889    59  161.684429  0.500000
 890   891  628.831742  0.617183
 890   898  1951.316735  0.261590
 890    48  616.280000  0.750000
 891   251  1074.232441  0.124024
 891   264  1562.206809  1.525043
 891   890  769.585200  0.617252
 891    55  319.794000  0.633333
 892   627  2427.235778  0.698491
 892   888  293.994132  0.093334
 892   889  1118.165864  1.201991
 892   893  2387.483711  0.524481
 893   642  1163.795362  0.762387
 893   892  475.408471  0.266864
 893   894  1111.731049  0.686457
 893    60  168.041461  0.416667
 894   896  1111.731049  0.257421
 895   892  201.589603  0.874286
 895   894  0.000000  0.291429
 896   902  1539.085781  0.258525
 896    60  0.000000  0.416667
 897   895  201.589603  0.257143
 897   896  0.000000  0.291429
 898   260  892.643807  0.912869
 898   890  712.135503  0.257174
 898   899  1058.672928  0.943660
 899   627  656.676674  0.600049
 899   888  401.996254  0.900022
 899   898  556.601503  0.942891
 900   897  66.000655  0.102857
 900   902  6956.107038  0.265746
 900   909  4394.406207  0.438537
 900   990  2973.847630  0.951680
 900    60  338.785539  0.416667
 901   905  0.000000  0.857143
 901   906  1062.628012  0.577863
 901   909  0.000000  0.500000
 902   630  8648.290569  0.721461
 902   900  6898.101059  0.260341
 902   903  0.000000  1.000000
 902   908  0.000000  0.340000
 902    63  786.017695  0.533333
 903   639  45.131907  0.260000
 904   903  45.131907  0.300000
 904   905  1803.733588  0.502980
 904    70  18.959127  0.833333
 905   908  1803.733588  0.242818
 906   901  0.000000  0.560000
 906   904  1.251496  0.880000
 906   910  0.000000  0.480000
 906   959  1100.603682  0.502900
 907   897  135.588948  0.188571
 907   900  5317.963879  0.113358
 908   900  1954.242906  0.191857
 908   909  0.000000  1.340000
 908    63  41.291496  0.533333
 909   901  1062.628012  0.515949
 909   983  3331.778195  0.280763
 910   906  37.975670  0.480000
 910   950  0.000000  1.380000
 910   960  0.000000  0.257143
 911   925  2919.212146  0.571911
 911   926  2348.065316  0.187019
 912   914  4371.780986  0.944753
 912   937  4125.971591  0.272650
 912   942  283.837580  0.171429
 913   920  638.544146  0.188574
 913   943  544.273663  0.772182
 913  1008  0.000000  0.514286
 914    18  80.300000  0.916667
 914   912  429.537693  0.840001
 914   917  0.000000  0.771429
 914   931  3157.988488  0.808397
 914   946  2496.808619  0.259760
 915    21  12.806443  0.500000
 915   916  921.215960  0.333548
 915   943  46.319000  0.942857
 916    20  728.350000  0.750000
 916   915  59.125443  0.333333
 916   932  975.507238  1.067551
 916   934  144.158617  0.942858
 917   914  1172.636121  0.771619
 917   935  0.000000  0.685714
 917   937  0.000000  0.600000
 918   619  0.000000  1.600000
 918   919  0.000000  0.514286
 919    19  0.000000  0.833333
 919   918  0.000000  0.514286
 919   931  0.000000  0.222857
 919   932  110.287458  0.360000
 920   913  544.273663  0.188572
 920   929  127.110899  0.274286
 920   933  511.433246  0.274287
 921   922  1267.143476  0.592387
 921   936  1294.640123  0.212725
 921   938  5949.618878  0.406825
 921    65  325.658000  0.866667
 922   921  1504.949849  0.629577
 922   927  1663.444591  0.573567
 922   939  2697.800049  0.535202
 922   948  505.025520  0.467118
 923   911  2348.065316  0.806246
 923   925  0.000000  0.600000
 923    64  302.092245  0.750000
 924   637  2561.151069  0.309731
 924   923  284.675261  0.240000
 925   923  0.000000  0.600000
 925   924  2561.151069  0.546289
 925    64  358.061077  0.750000
 925  1013  0.000000  0.480000
 926   911  2919.212146  0.187595
 926   939  870.438868  0.533346
 926   942  3541.229217  0.626514
 926    65  884.601728  0.866667
 926  1013  3533.359690  0.668503
 927   922  3977.898670  0.584624
 927   928  1116.035587  0.613376
 927   940  1809.000244  0.607147
 928   927  5234.561234  0.654268
 928   940  0.000000  1.950000
 928    73  715.716096  0.583333
 928  1005  801.969491  0.788577
 929   920  544.273663  0.274295
 929   930  1709.158234  0.325040
 929  1008  0.000000  0.242424
 930  1007  4228.417229  1.036059
 931   615  1784.860216  1.373505
 931    19  2225.338398  0.833333
 931   914  509.837693  0.788574
 931   919  23.230000  0.222857
 932   916  110.287458  1.066667
 932   931  975.507238  0.686105
 933   920  0.000000  0.274286
 933   934  258.710879  1.028597
 933   935  655.591863  0.514293
 934   916  258.710879  0.942881
 934   933  144.158617  1.028573
 934   943  0.000000  0.500000
 935   917  1172.636121  0.685883
 935   933  258.710879  0.514286
 935   936  655.591863  0.267490
 936   921  1289.615936  0.212507
 936   929  2126.320998  0.243831
 936   935  1431.347000  0.293177
 936    65  271.613272  0.866667
 937    18  1762.123345  0.916667
 937   917  0.000000  0.600000
 937   936  2548.244314  0.245675
 937   938  0.000000  0.240000
 938    18  767.501191  0.916667
 938   937  0.000000  0.240000
 938   939  122.309701  0.700001
 938   942  5523.098874  0.358950
 939   922  870.438868  0.533346
 939   926  2820.109750  0.535609
 939   938  0.000000  0.700000
 940   921  5140.305387  0.326001
 940   927  4.928676  0.600000
 940    73  553.731904  0.583333
 941   940  3314.200723  0.235518
 941   944  2857.180542  1.084757
 942   912  5544.182876  0.240298
 942   926  1027.710200  0.600060
 942   944  2776.272594  0.638769
 943    21  187.022557  0.500000
 943   913  638.544146  0.773083
 943   915  357.251105  0.942973
 943   934  0.000000  0.500000
 944   659  5633.453136  2.131860
 945   912  2708.625785  0.169107
 945   930  2519.258995  1.074096
 946    18  38.374463  0.916667
 946   912  99.243803  0.857143
 946   914  0.000000  0.257143
 946   592  2893.181664  1.344330
 947   948  176.742099  1.400012
 947    63  251.496810  0.533333
 947  1011  38.620070  1.457143
 947  1013  106.376372  1.160000
 948   922  255.738995  0.466689
 948   947  214.732138  1.400028
 948   955  290.293382  2.314388
 949   953  1002.169406  1.003768
 949   959  548.691715  0.500118
 949    71  1008.608219  0.833333
 950   958  2198.356795  0.833276
 950   983  262.063000  0.760004
 950   990  434.287835  0.200169
 951   952  1039.005285  1.544055
 951   956  0.000000  0.600000
 951    72  1602.677999  0.916667
 951  1010  242.722392  0.428572
 952   951  1319.090391  1.546738
 952   958  0.000000  0.600000
 952   982  961.808327  0.342859
 952   985  606.053031  0.325732
 953   949  889.362219  1.002175
 953   956  0.000000  2.420000
 953   957  1002.169406  0.602261
 954    91  84.227117  0.833333
 954   957  175.900000  0.800001
 955   948  78.996897  2.314286
 955   957  1326.209601  1.162746
 955  1005  206.856670  1.400004
 956   951  0.000000  0.600000
 956   953  0.000000  2.420000
 956   957  0.000000  2.300000
 957   953  889.362219  0.601305
 957   954  84.227117  0.800000
 957   955  285.853566  1.100054
 957   956  0.000000  2.300000
 957    72  1469.613001  0.916667
 958   952  990.591199  0.600004
 958   960  37.975670  1.200000
 958    71  1181.335042  0.833333
 959   906  1.251496  0.500000
 959   949  1512.734625  0.512537
 959   960  6.520219  0.514286
 959    70  540.920000  0.833333
 960   910  37.975670  0.257143
 960   958  11.545115  1.200000
 960    70  0.000000  0.833333
 961   858  1045.365754  0.325975
 961   963  207.805930  0.925715
 961   964  3215.807682  0.685671
 961    33  1502.437283  1.083333
 962   786  548.986118  1.375622
 962   856  1693.749993  0.639749
 962   974  235.800000  0.306667
 962    34  1032.782207  0.916667
 963   860  2134.443511  0.316872
 963   961  738.257207  0.925848
 963   965  2306.287371  1.010351
 963    33  1106.855275  1.083333
 964   859  4883.490901  0.376361
 964   961  2228.329501  0.684003
 964   965  2313.815115  0.415434
 964   969  3086.640822  0.144000
 964    34  844.773275  0.916667
 965   867  1721.076666  0.667804
 965   963  2965.037978  1.086451
 965   964  4087.851948  0.593824
 965   970  1213.317461  0.293975
 966   971  122.760925  0.240000
 966   973  2705.737353  0.384000
 966   974  1538.052482  0.134171
 966    35  909.958615  0.750000
 967   970  975.410701  0.560464
 967   971  571.802960  0.333359
 967   978  2727.583876  0.384000
 967    34  484.389644  0.916667
 968   859  0.000000  0.342857
 968   969  692.182965  0.171976
 969   964  692.182965  0.144000
 969   966  3086.640822  0.600000
 970   867  0.000000  0.514286
 970   965  975.410701  0.293577
 970   967  1213.317461  0.561225
 971   966  1070.238776  0.240301
 971   967  1076.517144  0.333762
 972   759  2972.307624  0.268104
 973   972  2705.737353  0.120000
 973   976  0.000000  0.257143
 974   962  1331.308032  0.307680
 974   966  235.800000  0.133334
 974   968  692.182965  0.685717
 975   972  266.570271  0.257150
 975   976  1710.231937  0.120000
 976   971  1452.192035  0.360000
 976   978  258.039902  0.514298
 977   760  2727.583876  0.204000
 977   975  266.570271  0.514301
 978   864  258.039902  0.257143
 978   977  2727.583876  0.120000
 979   257  241.972257  0.685727
 979   263  3592.833347  1.212992
 979   987  537.269131  0.686343
 979   992  860.100296  0.514443
 979    54  204.169000  0.833333
 979    55  261.979000  0.633333
 980   889  1333.647165  0.778564
 980   986  882.541050  0.548762
 980   992  2168.442983  1.234892
 980  1002  58.207827  0.700000
 980  1003  348.137817  0.300056
 981   991  1594.646576  0.603317
 981   995  200.308646  0.900013
 981  1004  0.000000  2.100000
 982   984  37.240000  1.320000
 982   985  714.060501  0.600126
 982   991  1273.015327  0.429305
 982    69  137.156969  0.583333
 983   950  1138.446756  0.761370
 983   986  2746.340799  1.086817
 983  1004  0.000000  1.800000
 983    70  1704.377873  0.833333
 984   982  116.668670  1.320000
 984   988  1861.012922  1.121273
 985   950  288.567000  0.600047
 985   952  857.355266  0.325812
 985    69  112.986031  0.583333
 985    71  773.577739  0.833333
 986   980  1680.112316  0.553112
 986   983  1415.286130  0.997823
 986  1004  0.000000  1.200000
 986    59  388.283571  0.500000
 986    68  1006.187000  0.950000
 987   979  730.149579  0.688560
 987   992  0.000000  0.600000
 987   993  380.327948  0.857286
 987  1003  156.941183  1.300006
 988   989  0.000000  0.671642
 988   996  3135.280710  0.901633
 988   997  1852.300766  0.898917
 989   988  2248.876554  0.671770
 990   950  1467.693874  0.245816
 990   984  1940.441591  0.606071
 991   981  200.308646  0.500007
 991   982  734.548801  0.402332
 991   996  2221.502430  1.039112
 992   979  2590.795534  0.550203
 992   980  817.519271  1.200286
 992   987  0.000000  0.600000
 992    57  42.581025  0.533333
 993   987  259.956646  0.857165
 993   994  0.000000  1.200000
 993  1000  423.366517  0.342954
 993  1003  0.827000  0.900000
 994   993  0.000000  1.200000
 994    67  0.000000  0.833333
 995   981  1594.646576  1.085971
 995    67  59.489305  0.833333
 995  1000  260.783646  0.771449
 995  1001  14.094645  0.700000
 996   907  5453.552827  0.145184
 996   991  288.697973  1.000003
 996    67  95.402695  0.833333
 997   999  1852.300766  0.494404
 998   989  2248.876554  1.654382
 998    66  87.123000  0.583333
 999    94  258.727766  0.833333
 999    95  1005.162000  0.833333
 999    97  492.248000  0.833333
 999   110  18.233000  0.833333
 999   998  1582.715554  0.278024
1000   993  260.783646  0.342866
1000   995  423.366517  0.771647
1000  1002  0.000000  1.000000
1001   995  1230.769364  0.771308
1001  1002  14.094645  0.500000
1001  1004  0.000000  1.050000
1002   980  0.824645  0.700000
1002    68  13.270000  0.950000
1002  1000  0.000000  1.000000
1002  1001  1230.769364  0.550935
1003   980  1247.763882  0.320043
1003   987  470.192932  1.300972
1003   993  43.038569  0.900000
1003    57  77.341000  0.533333
1003    68  500.745000  0.950000
1004   981  0.000000  2.100000
1004   983  0.000000  1.800000
1004   986  0.000000  1.200000
1004  1001  0.000000  1.050000
1005    91  676.974491  0.833333
1005    92  160.369995  0.833333
1005    93  121.788043  0.833333
1005    96  6.684632  0.833333
1005    99  0.000000  0.833333
1005   928  5556.682234  0.866266
1005   955  1035.916219  1.406144
1006   941  6171.381265  1.530048
1007    92  1850.055005  0.833333
1007    93  1200.345957  0.833333
1007    96  83.880368  0.833333
1007    99  20.828000  0.833333
1007   100  1066.985000  0.833333
1007  1006  6.322899  0.242424
1009    98  965.027000  0.833333
1009   102  5023.899000  0.833333
1009   248  528.388000  2.418808
1009   250  734.097504  4.484096
1010    91  242.722392  0.833333
1010   951  1148.257181  0.429116
1011   959  19.660943  1.200000
1011  1012  18.959127  0.120000
1012   904  18.959127  0.120000
1013   630  3457.974948  0.902198
1013   925  0.000000  0.480000
1013   926  2645.601594  0.570674
1013   947  75.384742  1.160000
1014   448  0.000000  0.377143
1014  1015  1941.982150  0.324000
1015   825  1293.839536  0.703075
1015  1016  1941.982150  0.324000
1016   336  7225.794956  0.341283
1016   824  6046.402897  0.600909
1016  1017  706.148993  0.168000
1017   836  3302.191321  0.565589
1018   259  1158.988600  0.800285
1018   645  1253.544744  0.266778
1018  1019  5436.420496  0.215794
1019   635  893.105905  0.266816
1019   740  2982.049738  0.536250
1019   873  6003.026368  0.908024
1019  1018  1764.438814  0.200106
1020    74  241.154882  0.833333
1020   304  17.117624  2.000000
1020   306  3397.542653  1.014855
