<METADATA>
<File Name> ./Barcelona/Barcelona_MLT_0.1_0.9_0.8_0.2_flow.txt
<Number of Links> 2522
<Total Flows> 184679.561000
<System Cost> 1381562.233827
<Optimal Objective> 6031153.008408

<LINKS>
~ Init node | Term node | Flow | Cost
   1   290  1020.632853  1.083333
   1   307  1225.476147  1.083333
   1   316  0.000000  1.083333
   2   302  0.000000  1.666667
   2   304  0.000000  1.666667
   3   301  0.000000  1.083333
   3   306  5.038000  1.083333
   4   301  0.000000  1.083333
   4   306  0.000000  1.083333
   5   298  593.426000  0.500000
   5   299  24.119000  0.500000
   5   310  100.938000  1.083333
   6   424  1981.146660  0.833333
   6   425  567.338000  0.833333
   6   456  139.425340  0.833333
   7   274  704.930571  0.666667
   7   281  926.740429  0.666667
   7   283  0.000000  0.666667
   8   272  120.766000  0.666667
   8   456  16.620000  0.666667
   8   474  434.869723  0.666667
   8   480  811.539277  0.666667
   9   277  615.620000  0.500000
  10   205  8.271000  0.416667
  10   206  37.427000  0.416667
  10   214  217.122000  0.416667
  11   206  519.624000  0.666667
  11   207  91.128000  0.666667
  12   210  388.947036  0.833333
  12   217  0.000000  0.833333
  12   222  234.895964  0.833333
  13   208  191.975551  0.666667
  13   211  145.360797  0.666667
  13   224  130.067653  0.666667
  14   244  694.885000  0.583333
  15   228  131.907000  0.833333
  15   533  1526.203000  0.833333
  15   538  616.457000  0.833333
  16   601  460.409227  1.000000
  16   602  186.190773  1.000000
  17   597  20.636284  0.666667
  17   608  113.627716  0.666667
  17   621  10.752000  0.666667
  18   914  110.380000  0.916667
  18   937  183.077698  0.916667
  18   938  478.890107  0.916667
  18   946  382.092195  0.916667
  19   617  787.920720  0.833333
  19   919  29.984000  0.833333
  19   931  420.023280  0.833333
  20   916  616.927000  0.750000
  21   915  567.779335  0.500000
  21   943  588.410665  0.500000
  22   831  492.589000  1.166667
  23   823  2241.162163  1.083333
  23   835  317.824136  1.083333
  23   836  1628.495110  1.083333
  23   839  368.206591  1.083333
  24   827  340.831609  1.166667
  24   838  787.000089  1.166667
  24   855  2941.520302  1.166667
  25   821  2144.697742  1.250000
  25   841  607.928258  1.250000
  25   849  280.194000  1.250000
  26   322  2356.651277  0.666667
  26   844  157.352291  0.666667
  26   851  717.093432  0.666667
  27   317  766.047000  0.666667
  27   333  239.166026  0.666667
  27   824  2469.513974  0.666667
  27   832  0.000000  0.666667
  28   328  239.414000  0.666667
  28   339  2818.150000  0.666667
  28   825  788.734000  0.666667
  29   325  1295.126070  0.750000
  29   331  947.085930  0.750000
  30   286  284.755000  0.666667
  30   340  828.778000  0.666667
  31   366  921.868195  0.616667
  31   405  1627.291000  0.616667
  31   448  332.177000  0.616667
  31   779  967.549805  0.616667
  32   287  511.678966  0.666667
  32   347  1473.143025  0.666667
  32   355  92.643091  0.666667
  32   356  1045.735918  0.666667
  33   255  798.337429  1.083333
  33   858  1195.887136  1.083333
  33   961  2728.272480  1.083333
  33   963  1398.312955  1.083333
  34   870  1184.757007  0.916667
  34   962  1437.744653  0.916667
  34   964  1134.561892  0.916667
  34   967  1137.036447  0.916667
  35   758  1434.874872  0.750000
  35   760  1448.326090  0.750000
  35   869  417.299974  0.750000
  35   966  859.715064  0.750000
  36   763  792.342290  0.616667
  36   764  230.073175  0.616667
  36   767  334.488368  0.616667
  36   788  725.165168  0.616667
  36   796  18.194000  0.616667
  37   349  235.840034  0.700000
  37   393  239.376192  0.700000
  37   458  239.902099  0.700000
  37   459  517.280182  0.700000
  37   803  938.246494  0.700000
  38   255  242.216641  0.783333
  38   262  222.291861  0.783333
  38   267  1740.803498  0.783333
  39   254  75.440250  0.833333
  39   873  949.281128  0.833333
  39   880  1772.700675  0.833333
  39   881  230.037948  0.833333
  40   633  3798.578061  1.083333
  40   883  2026.269939  1.083333
  41   761  1756.275509  0.916667
  41   866  987.194377  0.916667
  41   875  266.723262  0.916667
  41   885  261.782852  0.916667
  42   666  0.000000  0.666667
  42   676  1483.428294  0.666667
  42   679  230.366000  0.666667
  42   687  596.104706  0.666667
  43   668  561.932972  0.583333
  43   688  207.340000  0.583333
  43   689  0.000000  0.583333
  43   696  1023.252382  0.583333
  43   722  1126.118646  0.583333
  44   450  177.993346  0.666667
  44   455  140.563476  0.666667
  44   473  261.792236  0.666667
  44   503  70.312942  0.666667
  45   522  0.000000  0.666667
  45   530  630.909752  0.666667
  45   551  274.005376  0.666667
  45   555  674.863872  0.666667
  46   262  1054.027000  1.083333
  46   263  479.154000  1.083333
  47   264  2218.556000  0.666667
  47   887  271.340000  0.666667
  48   261  68.736205  0.750000
  48   890  1715.283795  0.750000
  49   625  2064.514843  0.750000
  49   646  1193.541157  0.750000
  50   623  395.194361  0.500000
  50   652  0.000000  0.500000
  50   700  720.318639  0.500000
  51   655  135.483263  0.583333
  51   702  949.742720  0.583333
  51   706  826.837060  0.583333
  51   710  1594.872956  0.583333
  52   640  401.025117  0.533333
  52   659  0.000000  0.533333
  52   699  1141.960883  0.533333
  52   714  0.000000  0.533333
  53   525  71.324025  0.500000
  53   585  1281.843436  0.500000
  53   664  437.770539  0.500000
  54   979  977.527000  0.833333
  55   251  0.000000  0.633333
  55   891  1054.961023  0.633333
  55   979  465.104977  0.633333
  56   889  1160.642000  0.500000
  57   889  1213.912526  0.533333
  57   992  425.014180  0.533333
  57  1003  274.449294  0.533333
  58   627  1066.596972  0.533333
  58   888  388.928028  0.533333
  59   889  778.405276  0.500000
  59   986  377.591724  0.500000
  60   893  257.024096  0.416667
  60   896  464.682963  0.416667
  60   900  530.220941  0.416667
  61   624  405.811914  0.583333
  61   630  1436.219086  0.583333
  61   642  20.830000  0.583333
  62   629  100.148000  0.666667
  62   637  1341.333759  0.666667
  62   653  930.777241  0.666667
  63   902  1100.488928  0.533333
  63   908  175.267469  0.533333
  63   947  236.763603  0.533333
  64   632  1840.792012  0.750000
  64   923  429.221988  0.750000
  64   925  0.000000  0.750000
  65   921  1104.368732  0.866667
  65   926  2961.842268  0.866667
  65   936  363.754000  0.866667
  66   998  753.284000  0.583333
  67   994  0.000000  0.833333
  67   995  74.567775  0.833333
  67   996  480.872225  0.833333
  68   986  442.566037  0.950000
  68  1002  1121.446824  0.950000
  68  1003  1707.218139  0.950000
  69   982  348.772231  0.583333
  69   985  114.158769  0.583333
  70   904  1847.614000  0.833333
  70   959  392.470000  0.833333
  70   960  4.794994  0.833333
  70   983  580.268006  0.833333
  71   949  157.366749  0.833333
  71   958  0.000000  0.833333
  71   985  597.894251  0.833333
  72   951  422.505753  0.916667
  72   957  219.329247  0.916667
  73   928  79.529000  0.583333
  73   940  575.765000  0.583333
  74   313  2874.685894  0.833333
  74   322  200.300000  0.833333
  74   842  0.000000  0.833333
  74   321  4496.541454  0.833333
  74  1020  2847.852652  0.833333
  75   848  387.300528  0.833333
  75   849  1663.788472  0.833333
  76   304  411.049324  0.833333
  76   849  511.573570  0.833333
  76   322  911.298107  0.833333
  77   849  401.401751  0.833333
  77   322  150.331249  0.833333
  78   848  28.273000  0.833333
  78   839  749.329000  0.833333
  79   304  0.000000  0.833333
  79   313  837.759000  0.833333
  80   304  0.000000  0.833333
  80   313  489.285000  0.833333
  81   848  62.337864  0.833333
  81   322  321.576000  0.833333
  81   247  1.188136  0.833333
  82   848  21.753000  0.833333
  82   247  0.000000  0.833333
  82   322  112.953000  0.833333
  83   848  10.808000  0.833333
  83   247  0.000000  0.833333
  83   322  59.565000  0.833333
  84   313  2009.462000  0.833333
  85   304  0.000000  0.833333
  85   849  480.763138  0.833333
  85   322  288.339749  0.833333
  85   313  1170.470113  0.833333
  86   849  9.740388  0.833333
  86   322  11.717615  0.833333
  86   313  24.123997  0.833333
  87   322  630.728762  0.833333
  87   849  340.378238  0.833333
  88   322  220.637412  0.833333
  88   313  132.189588  0.833333
  89   313  135.210000  0.833333
  90   304  0.000000  0.833333
  90   322  14.060000  0.833333
  90   321  389.548395  0.833333
  90   313  437.430605  0.833333
  91  1010  1150.940745  0.833333
  91   954  175.900000  0.833333
  91  1005  3232.576255  0.833333
  92  1006  5442.430830  0.833333
  92  1005  2970.712170  0.833333
  93  1006  545.968082  0.833333
  93  1005  321.213918  0.833333
  94   263  936.835059  0.833333
  94   999  995.469941  0.833333
  95   988  877.692000  0.833333
  96  1005  5.485133  0.833333
  96  1006  26.770867  0.833333
  97   999  454.084000  0.833333
  98  1009  1261.281000  0.833333
  99  1006  120.334556  0.833333
  99  1005  46.472444  0.833333
 100  1006  0.000000  0.833333
 100  1007  0.000000  0.833333
 101   263  0.000000  0.833333
 102  1009  0.000000  0.833333
 103   849  0.000000  0.833333
 104   849  0.000000  0.833333
 105   313  0.000000  0.833333
 106   849  0.000000  0.833333
 107   849  0.000000  0.833333
 107   313  0.000000  0.833333
 108   849  0.000000  0.833333
 109   849  0.000000  0.833333
 110   999  0.000000  0.833333
 201   456  15.734000  1.000000
 202   204  1108.964382  0.186679
 203   456  1108.964382  0.186679
 204   203  1108.964382  0.173345
 205   206  2180.523316  0.267029
 205   214  0.000000  0.428571
 205   215  126.045778  0.514286
 205    10  58.783000  0.416667
 206   213  452.551000  0.200000
 206    10  10.770000  0.416667
 206    11  1985.394774  0.666667
 206   486  288.858541  0.266667
 207   201  15.734000  0.780000
 207   209  205.593778  0.240000
 207   215  11.579000  0.411429
 207    11  83.933226  0.666667
 208   209  66.510226  1.062857
 208   211  583.754060  0.960004
 208   273  3514.919761  0.229242
 208   277  0.000000  0.685714
 208    13  739.657096  0.666667
 209   207  99.666226  0.240000
 209   208  205.593778  1.062858
 210   211  2553.014843  0.607594
 210   212  33.156000  0.560000
 210    12  746.572836  0.833333
 210   469  542.389839  0.666707
 211   208  3137.295432  0.966580
 211   210  401.923623  0.573343
 211   233  697.969805  0.480091
 211   237  85.140280  0.291429
 211    13  522.990144  0.666667
 212   209  33.156000  0.560000
 213   214  3780.542912  0.201165
 213   454  476.259944  0.320000
 214   205  860.515761  0.428703
 214    10  2381.697000  0.416667
 214   468  1854.425749  0.293405
 214   475  114.196577  0.325714
 215   205  11.579000  0.514286
 215   207  126.045778  0.411429
 216   217  372.591932  0.171429
 216   221  0.000000  0.280000
 216   224  1049.770759  0.531863
 217   216  1049.770759  0.171569
 217   220  407.269859  0.154287
 217   222  372.591932  0.120001
 217   223  0.000000  0.188571
 217    12  0.000000  0.833333
 218   210  0.000000  0.420000
 219   222  1429.944304  0.267878
 219   223  1665.753432  0.188775
 220   221  1231.130688  0.171470
 221   218  0.000000  0.400000
 221   230  1231.130688  0.600146
 222   217  615.148015  0.120007
 222   225  1417.913066  0.154840
 222    12  732.854164  0.833333
 223   217  841.892604  0.190149
 223   220  823.860828  0.222865
 224   216  372.591932  0.531431
 224   228  0.000000  2.348571
 224   230  0.000000  0.257143
 224    13  1049.770759  0.666667
 225   222  728.483046  0.154307
 225   228  959.789235  0.617187
 225   234  458.123830  0.360010
 226   235  2957.440092  0.346760
 226   238  1251.627609  0.721809
 226   539  458.573744  0.533349
 227   229  41.922773  1.200000
 227   236  19.040000  0.308571
 227   603  1016.871938  0.720647
 228   225  728.483046  0.617154
 228   227  907.915956  0.514288
 228   235  183.780280  0.342857
 228    15  185.481398  0.833333
 229   227  19.040000  1.200000
 229   232  381.785890  1.426685
 229   597  229.579799  0.933335
 230   224  242.524280  0.257143
 230   231  1231.130688  0.274352
 231   230  242.524280  0.274286
 231   237  1231.130688  0.154323
 232   229  248.619799  1.426669
 232   231  157.384000  0.325714
 232   233  848.932890  0.120054
 233   211  780.320868  0.480152
 233   232  178.265799  0.120000
 233   243  1036.578000  0.428616
 234   533  1694.990003  0.228859
 235   226  0.000000  0.342857
 235   228  913.964443  0.342869
 235   236  3249.599454  0.291146
 236   226  0.000000  0.222857
 236   227  108.955982  0.308571
 236   602  3159.683472  0.812988
 237   211  782.868715  0.291430
 237   231  85.140280  0.154286
 237   233  448.261973  0.257143
 238   234  1236.866172  0.120286
 238   235  1022.343525  0.926378
 238   242  14.761437  0.333333
 239   240  0.000000  0.240000
 239   576  381.765400  0.173333
 240   241  0.000000  0.300000
 240   242  0.000000  0.340000
 241   538  0.000000  0.213333
 241   574  0.000000  0.093333
 242   238  1022.343525  0.333674
 242   239  14.761437  0.173333
 242   240  0.000000  0.340000
 242   533  0.000000  0.257143
 243   232  694.885000  0.428578
 243   244  1036.578000  0.400435
 244   243  694.885000  0.400073
 244   245  0.000000  0.480000
 244   246  0.000000  1.133333
 244    14  1036.578000  0.583333
 245   244  0.000000  0.480000
 246   244  0.000000  1.133333
 247    81  0.000000  0.833333
 247    82  0.000000  0.833333
 247    83  0.000000  0.833333
 247   248  1.188136  2.238806
 248   247  0.000000  2.238806
 248   249  528.388000  0.447927
 248  1009  2313.576568  2.824018
 249   248  2312.388432  0.522807
 249   831  528.388000  2.866735
 250   255  1119.623287  0.720808
 250   853  1754.464540  1.011360
 250  1009  3676.537568  9.597321
 251   268  1085.226447  0.414057
 251   891  785.708781  0.120954
 251    55  0.000000  0.633333
 252   257  0.000000  0.942857
 252   263  990.539059  1.029203
 252   268  470.815476  1.601204
 253   255  2866.213878  0.611576
 253   262  2271.174882  1.154979
 253   266  94.417967  1.200008
 254   256  52.976250  1.200000
 254   267  118.800000  2.000004
 254   887  54.907000  1.800000
 254    39  162.037576  0.833333
 255   250  3562.280038  0.961209
 255   253  2365.592849  0.573054
 255   881  348.613077  3.086050
 255    33  533.595119  1.083333
 255    38  143.800000  0.783333
 256   254  45.654506  1.200000
 256   264  147.394217  1.200012
 256   266  254.325741  2.400895
 257   252  0.000000  0.942857
 257   269  260.846893  0.800065
 257   979  33.240867  0.685714
 258   259  0.000000  0.300000
 258   887  0.000000  0.900000
 259   258  0.000000  0.300000
 259   260  155.534000  1.400010
 259   265  1018.566854  0.600099
 259  1019  3920.618776  0.891374
 260   259  893.425264  1.432645
 260   646  0.000000  3.000000
 260   898  155.534000  0.900004
 261   887  68.736205  2.100002
 261    48  52.427000  0.750000
 262   253  2866.213878  1.242264
 262   263  2219.651360  1.681692
 262    38  689.008341  0.783333
 262    46  273.815384  1.083333
 263    94  342.184666  0.833333
 263   101  3478.189000  0.833333
 263   252  470.815476  1.028588
 263   262  2501.195219  1.724211
 263    46  483.495616  1.083333
 263   979  902.780853  1.208968
 264   256  299.980247  1.200317
 264   265  3027.193512  0.408404
 264   891  1287.753695  1.215763
 264    47  394.406806  0.666667
 265   258  0.000000  1.650000
 265   259  3027.193512  0.612606
 265   264  1018.566854  0.400066
 266   255  254.325741  1.350503
 266   256  94.417967  2.400015
 267   254  64.666070  2.000000
 267   871  1099.922078  0.530361
 267   879  585.408351  2.006662
 267    38  2156.386659  0.783333
 268   251  785.708781  0.403179
 268   252  990.539059  1.636937
 268   269  94.687388  1.200003
 269   257  33.240867  0.800000
 269   268  314.893305  1.200732
 269   889  75.144466  1.800000
 270   271  3351.571678  0.307927
 270   288  380.729814  0.600001
 270   299  74.022242  0.685714
 271   290  3351.571678  0.480003
 271   327  0.000000  0.857143
 272   202  415.024953  0.240000
 272     8  54.871000  0.666667
 272   281  186.388981  0.280000
 272   285  1260.430097  0.266781
 273   208  1369.976381  0.226706
 273   277  704.175711  0.400013
 273   278  3076.229471  1.455021
 274     7  687.749485  0.666667
 274   280  586.937699  0.200003
 274   282  319.449306  0.266667
 274   360  1002.399790  0.240000
 274   433  48.955000  0.257143
 275   284  0.000000  0.514286
 275   295  0.000000  1.000000
 276   290  4866.140297  0.240679
 276   314  2893.267356  0.360000
 277   273  1092.820518  0.400091
 277   285  611.540290  0.400007
 277     9  875.865000  0.500000
 278   273  542.641285  1.251468
 278   292  0.721645  0.666667
 278   310  3076.229471  1.912059
 279   282  294.318096  0.346667
 279   288  754.353328  0.266678
 279   428  0.000000  0.377143
 280   274  187.632010  0.200000
 280   283  676.447367  0.266674
 281   202  693.939429  0.308604
 281     7  232.033515  0.666667
 281   272  1183.687097  0.280090
 281   284  150.353525  0.280000
 282   274  1159.502699  0.266745
 282   279  289.165328  0.346667
 282   298  440.053766  0.257143
 282   360  0.000000  0.200000
 283     7  0.000000  0.666667
 283   280  125.517525  0.266667
 283   284  676.447367  0.266674
 283   437  24.836000  0.200000
 284   281  676.447367  0.280008
 284   283  150.353525  0.266667
 285   272  612.261935  0.266671
 285   277  1260.430097  0.400171
 286   270  3403.998569  0.302573
 286   326  80.340000  0.857143
 286    30  168.128598  0.666667
 287   286  3347.558276  0.453603
 287   354  1747.796185  0.360000
 287    32  24.055119  0.666667
 288   279  294.318096  0.266667
 288   287  864.884046  0.450014
 289   270  402.325166  0.120000
 289   354  4828.692735  0.481193
 290     1  3159.814472  1.083333
 290   276  2270.299589  0.240000
 290   289  5231.017900  0.484588
 291   292  0.000000  0.857143
 291   296  0.000000  1.885714
 292   291  0.000000  0.857143
 292   293  0.000000  0.266667
 292   294  0.721645  0.342857
 293   275  0.000000  0.800000
 293   292  0.000000  0.266667
 293   294  0.000000  0.171429
 294   283  0.000000  1.028571
 294   285  0.721645  0.600000
 295   275  0.000000  1.000000
 295   296  0.000000  1.200000
 295   297  0.000000  0.857143
 296   291  0.000000  1.885714
 296   295  0.000000  1.200000
 296   300  0.000000  2.571429
 297   295  0.000000  0.857143
 297   298  0.000000  0.257143
 297   299  0.000000  0.533333
 298     5  440.053766  0.500000
 298   274  593.426000  0.342858
 298   297  0.000000  0.257143
 299     5  74.022242  0.500000
 299   288  24.119000  0.685714
 299   297  0.000000  0.533333
 299   300  0.000000  1.000000
 300   296  0.000000  2.571429
 300   299  0.000000  1.000000
 300   316  0.000000  2.800000
 301     3  0.000000  1.083333
 301     4  0.000000  1.083333
 301   302  0.000000  1.260000
 301   306  0.000000  1.272000
 302     2  0.000000  1.666667
 302   301  0.000000  1.260000
 302   303  0.000000  3.480000
 302   304  0.000000  3.240000
 303   302  0.000000  3.480000
 303   304  0.000000  1.200000
 304     2  0.000000  1.666667
 304    76  17.249622  0.833333
 304    79  0.000000  0.833333
 304    80  0.000000  0.833333
 304    85  0.000000  0.833333
 304    90  0.000000  0.833333
 304   302  0.000000  3.240000
 304   303  0.000000  1.200000
 304  1020  411.049324  2.000001
 305   312  2561.132261  0.181862
 305   313  2180.061880  0.274563
 305   321  1802.781296  0.363653
 306     3  8599.022000  1.083333
 306     4  0.000000  1.083333
 306   301  0.000000  1.272000
 306   308  98.544350  1.080000
 306   310  644.497921  0.733337
 306  1020  255.824128  1.000000
 307     1  2098.684528  1.083333
 307   308  3156.780952  0.276854
 307   311  0.000000  0.133333
 307   312  897.361825  0.533638
 308   306  3156.780952  1.245845
 308   307  98.544350  0.240000
 308   309  0.000000  0.514286
 309   308  0.000000  0.514286
 309   310  0.000000  2.005714
 309   311  0.000000  1.542857
 310     5  101.134991  1.083333
 310   278  543.362929  2.059962
 310   306  3177.167471  0.741264
 310   309  0.000000  2.005714
 311   307  162.615907  0.133334
 311   309  0.000000  1.542857
 311   316  0.000000  0.428571
 312   305  896.429470  0.181819
 312   307  4666.190902  0.998751
 312   315  4.713589  0.266667
 313    74  1248.389062  0.833333
 313    79  93.510000  0.833333
 313    80  212.680000  0.833333
 313    84  1342.574000  0.833333
 313    85  261.677112  0.833333
 313    86  6.932722  0.833333
 313    88  187.012000  0.833333
 313    89  50.447000  0.833333
 313    90  98.871137  0.833333
 313   105  1208.793000  0.833333
 313   107  46.323543  0.833333
 313   305  1293.853368  0.267443
 313   312  1955.336120  0.271535
 313   315  4861.426708  0.240668
 314   276  4866.140297  0.361019
 314   315  2730.651449  0.540000
 314   316  162.615907  1.028574
 315   305  0.000000  0.200000
 315   312  153.503754  0.266667
 315   313  2577.147695  0.240000
 315   314  4866.140297  0.541529
 316     1  0.000000  1.083333
 316   300  0.000000  2.800000
 316   311  162.615907  0.428573
 316   314  0.000000  1.028571
 317   319  7200.228182  0.309653
 317   333  2517.296003  0.201851
 317   841  3760.466966  0.227004
 317    27  357.628000  0.666667
 318   332  3414.266170  0.267106
 318   334  1036.015000  1.029359
 319   317  6345.576274  0.305308
 319   321  8185.691895  0.573638
 319   334  404.529700  0.171430
 320   329  2993.913939  0.347382
 320   340  3510.925989  0.541119
 321    74  4119.244432  0.833333
 321    90  238.614863  0.833333
 321   305  4353.692599  0.364648
 321   319  6145.624145  0.552936
 321   335  543.247000  0.301016
 322    74  376.900000  0.833333
 322    76  221.215248  0.833333
 322    77  152.922435  0.833333
 322    81  98.295764  0.833333
 322    82  35.394570  0.833333
 322    83  20.864126  0.833333
 322    85  13.230000  0.833333
 322    86  0.000000  0.833333
 322    87  119.536944  0.833333
 322    88  14.890000  0.833333
 322    90  14.890000  0.833333
 322   318  4450.281170  0.159380
 322   335  0.000000  2.057143
 322   844  0.000000  0.500000
 322    26  283.065000  0.666667
 323   320  5755.661528  0.761008
 323   324  0.000000  0.133333
 323   833  0.000000  0.840000
 324   323  5755.661528  0.182093
 324   333  0.000000  0.266667
 325   323  0.000000  1.380000
 325   326  20.153891  0.908571
 325   334  1051.566371  1.029419
 325    29  1730.156000  0.750000
 325   340  1008.459269  1.200190
 326   286  20.153891  0.857143
 326   325  80.340000  0.908571
 326   327  1708.905970  0.514914
 327   276  622.967766  0.413341
 327   290  1422.787133  0.334814
 327   331  0.000000  0.942857
 328   320  749.178400  0.360092
 328   330  219.337000  0.514286
 328    28  0.000000  0.666667
 328  1014  0.000000  0.737143
 329   328  219.337000  0.720000
 329   339  2993.913939  0.200413
 330   323  0.000000  0.900000
 330   833  219.337000  0.257143
 331   327  336.848930  0.942944
 331   335  610.237000  0.686891
 331    29  491.930000  0.750000
 332   333  3414.266170  0.828699
 332   851  474.584611  0.514287
 333   317  120.780672  0.200000
 333   324  5755.661528  0.364185
 333   332  149.864000  0.800000
 333    27  144.422000  0.666667
 334   319  1589.945542  0.172510
 334   325  577.444919  1.028616
 334   332  324.720611  0.685716
 335   321  525.860000  0.300888
 335   322  135.694000  2.057145
 335   331  491.930000  0.686121
 336   758  5783.216051  0.706534
 336   834  1973.837935  0.600362
 336  1016  5712.591109  0.292915
 336  1017  2580.460667  0.240770
 337   336  3203.305251  0.349273
 337  1015  1234.383878  0.566741
 338   337  4437.689129  0.178885
 338   364  936.109711  0.188574
 338   448  0.000000  0.600000
 339   329  207.677000  0.200004
 339   350  557.356807  0.360000
 339   367  4600.564358  0.408629
 339   448  660.473535  0.428573
 339    28  1667.551578  0.666667
 339  1014  1877.155084  0.324000
 340   325  1857.424543  1.069221
 340   351  781.559969  0.308573
 340   352  1941.282502  0.400324
 340    30  1342.057402  0.666667
 340   399  1867.069670  0.240110
 341   346  3448.422188  0.148197
 342   382  1084.335826  0.084000
 342   408  724.373480  0.186668
 343   404  3284.733825  0.192305
 343   785  1142.597558  0.168000
 344   378  485.440514  0.186667
 344   383  1517.911604  0.173364
 345   354  0.000000  0.222857
 345   355  5752.229917  0.168000
 345   387  485.440514  0.200000
 346   326  1708.905970  0.720213
 346   353  1739.516219  0.200100
 347   371  1719.835587  0.186755
 347   399  1913.270629  0.466798
 347    32  1653.198972  0.666667
 347   446  1482.960804  0.200018
 348   389  2709.885950  0.175559
 348   444  795.163010  0.173336
 349   392  1830.674276  0.173404
 349   395  53.769507  0.173333
 349    37  56.382593  0.700000
 350   329  11.660000  0.200000
 350   339  536.821586  0.360000
 350   351  557.356807  0.291429
 351   340  527.960197  0.308572
 351   350  548.481586  0.291429
 351   398  262.474992  0.373333
 352   341  1941.282502  0.186818
 352   377  0.000000  0.373333
 353   287  3742.846568  0.203004
 354   345  5243.681641  0.156000
 354   425  1348.333161  0.200032
 355   345  0.000000  0.240000
 355   356  5530.419173  0.156000
 355   358  168.522838  0.200000
 355    32  221.810744  0.666667
 356   355  0.000000  0.222857
 356   417  264.969136  0.200000
 356   423  6311.185955  0.168000
 356    32  581.924165  0.666667
 357   345  993.988790  0.200008
 357   425  375.801731  0.173334
 358   357  324.310731  0.186667
 358   429  151.624152  0.173333
 359   356  145.415182  0.200000
 359   358  307.412046  0.173333
 360   357  1045.479790  0.160008
 360   428  0.000000  0.240000
 360   435  0.000000  0.257143
 361   359  24.836000  0.173333
 361   430  48.955000  0.186667
 362   432  0.000000  0.257143
 362   434  0.000000  0.240000
 362   438  0.000000  0.173333
 363   440  470.436789  0.240000
 364   338  138.526286  0.188571
 364   758  900.619574  0.291432
 364   779  35.490137  0.333333
 365   338  688.778659  0.253335
 365   368  282.882471  0.173333
 365   448  1605.330046  0.267001
 366   338  4546.493895  0.303796
 366   365  1888.212517  0.213883
 366   369  0.000000  0.222857
 366    31  593.179226  0.616667
 367   365  688.778659  0.266674
 367   368  4090.985174  0.201629
 368   369  3621.017766  0.181409
 368   400  752.849879  0.360004
 369   768  3621.017766  0.195364
 370   367  179.199474  0.360000
 370   400  608.903376  0.186670
 371   398  1719.835587  0.173415
 371   399  0.000000  0.480000
 372   371  0.000000  0.240000
 372   374  29.396610  0.186667
 373   370  119.574671  0.173333
 373   372  0.000000  0.222857
 374   347  2406.183149  0.188080
 374   446  616.870085  0.066667
 375   373  119.574671  0.186667
 375   374  2993.656623  0.176799
 376   375  2993.656623  0.190399
 376   381  420.226305  0.173333
 377   378  0.000000  0.173333
 377   383  0.000000  0.186667
 378   347  485.440514  0.173334
 378   379  0.000000  0.186667
 379   380  0.000000  0.173333
 379   384  616.870085  0.186668
 380   381  145.394465  0.186667
 380   447  119.574671  0.066667
 381   405  1053.744756  0.186885
 381   407  994.836819  0.186674
 381   447  537.429636  0.200000
 382   405  987.914011  0.200003
 382   406  1141.928712  0.084000
 383   341  1507.139687  0.373398
 383   409  10.771917  0.173333
 384   344  1517.911604  0.186700
 384   411  80.633712  0.173333
 385   380  264.969136  0.186667
 385   384  981.675232  0.173338
 386   353  2003.330350  0.374585
 386   354  15.525883  0.200000
 387   386  2008.084315  0.173921
 387   410  485.440514  0.186667
 388   343  3285.402671  0.178574
 388   442  784.538407  0.173342
 389   388  2709.885950  0.189064
 389   801  20.873559  0.186667
 390   382  1045.506897  0.186670
 390   391  1358.568127  0.053365
 391   342  724.373480  0.173334
 391   393  1419.362026  0.173459
 392   390  1045.506897  0.200004
 392   391  785.167379  0.186668
 392   443  20.873559  0.186667
 393   394  0.000000  0.186667
 393   421  1162.175231  0.186722
 393    37  1828.873963  0.700000
 394   392  20.873559  0.173333
 394   395  0.000000  0.173333
 395   396  53.769507  0.186667
 395   493  0.000000  0.186667
 396   422  2666.993496  0.175407
 396   464  53.769507  0.200000
 397   370  668.528179  0.173338
 397   372  29.396610  0.173333
 398   397  697.924789  0.186672
 398   445  1284.385790  0.200026
 399   340  1913.270629  0.240124
 399   347  1867.069670  0.600092
 399   351  0.000000  0.186667
 400   401  725.737464  0.173340
 400   402  636.015791  0.173334
 401   403  0.000000  0.222857
 401   808  725.737464  0.186674
 402   373  0.000000  0.240000
 402   376  636.015791  0.186668
 403   402  0.000000  0.222857
 403   404  0.000000  0.240000
 404   376  2777.867138  0.175819
 404   405  506.866687  0.274286
 405   381  537.429636  0.186678
 405   406  2006.008291  0.200188
 405   408  385.713000  0.188571
 405    31  1246.665527  0.616667
 406   343  1141.928712  0.156000
 406   442  2006.008291  0.173496
 407   385  981.675232  0.186671
 407   413  1008.228068  0.173341
 408   407  995.066480  0.173338
 408   414  115.020000  0.222857
 409   386  10.771917  0.186667
 409   410  0.000000  0.173333
 410   344  485.440514  0.173334
 410   411  0.000000  0.186667
 411   412  0.000000  0.173333
 411   416  80.633712  0.186667
 412   385  264.969136  0.173333
 412   413  0.000000  0.186667
 413   414  642.098560  0.173337
 413   418  366.129508  0.186667
 414   415  642.098560  0.186671
 414   419  115.020000  0.240000
 415   342  1084.335826  0.156000
 415   393  1332.310977  0.173428
 416   355  75.879746  0.200000
 416   387  2008.084315  0.187299
 417   412  264.969136  0.186667
 417   416  2003.330350  0.173914
 418   417  2003.330350  0.187292
 418   423  758.557894  0.200002
 419   418  2395.758736  0.174620
 419   424  861.368722  0.257147
 420   415  1774.548243  0.168000
 420   419  3142.107457  0.191295
 421   420  2991.414457  0.176788
 421   474  837.754269  0.200014
 422   394  20.873559  0.186667
 422   421  2666.993496  0.188900
 423   356  436.508982  0.240003
 423   424  6658.553070  0.156001
 423   426  27.051797  0.200000
 424     6  942.640563  0.833333
 424   423  52.370000  0.222857
 424   427  106.303390  0.257143
 424   452  8418.084498  0.168041
 425     6  508.250502  0.833333
 425   279  465.188000  0.266668
 425   428  1318.034391  0.080012
 426   359  427.991228  0.186667
 427   426  400.939432  0.173333
 427   431  123.989952  0.222857
 428   279  0.000000  0.377143
 428   282  1274.954391  0.146685
 428   360  43.080000  0.240000
 429   361  0.000000  0.173333
 429   435  151.624152  0.066667
 430   362  0.000000  0.186667
 430   426  0.000000  0.173333
 430   431  48.955000  0.173333
 431   436  123.989952  0.240000
 431   449  48.955000  0.186667
 432   361  73.791000  0.120000
 432   435  0.000000  0.257143
 433   280  151.624152  0.200000
 433   434  48.955000  0.222857
 434   362  0.000000  0.240000
 434   432  73.791000  0.066667
 435   360  0.000000  0.257143
 435   432  0.000000  0.257143
 435   433  151.624152  0.133333
 436   362  0.000000  0.222857
 436   363  470.436789  0.222857
 437   434  24.836000  0.173333
 438   439  0.000000  0.186667
 439   284  0.000000  0.200000
 440   441  470.436789  0.222857
 441   281  470.436789  0.257143
 442   390  1358.568127  0.133413
 442   443  1431.978571  0.186706
 443   389  20.873559  0.173333
 443   444  1431.978571  0.173370
 444   349  795.163010  0.186670
 444   504  1431.978571  0.186706
 445   339  1284.385790  0.160021
 445   350  0.000000  0.200000
 446   347  537.429636  0.200000
 446   379  616.870085  0.093334
 446   447  1482.960804  0.160015
 447   375  119.574671  0.093333
 447   381  1482.960804  0.200018
 447   446  537.429636  0.160000
 448   338  0.000000  0.600000
 448   339  1937.507046  0.428807
 448    31  660.473535  0.616667
 449   477  167.641397  0.156000
 449   519  48.955000  0.173333
 450   492  0.000000  17.000000
 450   497  51.746617  0.173333
 450   507  436.889880  0.186667
 450    44  2775.173351  0.666667
 451   491  0.000000  13.000000
 451   495  4087.302890  0.156000
 452   420  1925.241243  0.180000
 452   424  18.330000  0.240000
 452   474  7056.150817  0.156000
 453   459  46.959809  0.462857
 453   468  2080.828388  0.132000
 453   475  9719.592549  0.240134
 454   213  693.278125  0.321267
 454   455  8786.235742  0.228023
 454   475  27.853141  0.257143
 454   513  310.643152  0.200000
 455   454  27.853141  0.325714
 455   471  4569.432484  0.168000
 455   520  6048.344730  0.180156
 455    44  1350.979536  0.666667
 456     6  138.736935  0.833333
 456     8  43.410000  0.666667
 456   488  263.656737  0.156000
 456   489  906.534341  0.240144
 457   490  4375.378815  0.265936
 457   507  682.384636  0.173973
 457   806  344.424560  0.186667
 458   460  3074.538266  0.354471
 458   505  4765.490505  0.176159
 458    37  2806.860622  0.700000
 459   453  8207.523864  0.324010
 459   464  0.000000  0.222857
 459   499  2201.244539  0.180000
 459    37  383.865822  0.700000
 460   348  3031.854992  0.190616
 460   803  1197.152703  0.168000
 461   457  4282.913494  0.248943
 461   508  1931.501784  0.156000
 462   450  0.000000  18.000000
 462   498  1817.125655  0.156000
 463   213  3110.973731  0.268427
 463   486  6370.599767  0.092786
 464   459  7299.597625  0.156001
 464   479  53.769507  0.200000
 464   517  0.000000  0.222857
 465   480  955.489341  0.120091
 465   484  298.525484  0.186667
 466   459  2928.796609  0.108000
 466   480  1288.499813  0.160457
 466   487  338.405541  0.173335
 467   349  909.823332  0.186670
 467   504  1107.598781  0.168000
 468   483  1146.580791  0.156000
 468   487  2788.673346  0.186948
 469   210  3084.262859  0.758990
 469   545  515.019839  0.377144
 469   547  27.370000  0.400000
 470   463  1433.775624  0.186706
 470   481  649.023286  0.186668
 471   455  463.346139  0.240002
 471   476  4368.648955  0.156000
 471   515  517.871835  0.200000
 472   462  0.000000  13.000000
 472   509  517.871835  0.186667
 473   461  4231.487545  0.189477
 473   819  812.135247  0.186670
 473    44  2368.801578  0.666667
 474     8  544.811000  0.666667
 474   452  413.996165  0.222858
 474   478  49.496461  0.200000
 474   517  7320.471184  0.168001
 475   214  1213.170175  0.326626
 475   453  27.853141  0.342857
 475   454  8620.618950  0.180013
 475   512  0.000000  0.257143
 476   471  131.411159  0.222857
 476   482  49.010983  0.200000
 476   568  4368.648955  0.168000
 477   427  418.625994  0.186667
 477   452  167.641397  0.180000
 478   477  418.625994  0.173334
 478   519  23.500302  0.173333
 479   465  49.622454  0.080000
 479   518  392.629835  0.173334
 480     8  651.114000  0.666667
 480   465  248.903031  0.120000
 480   466  1767.028617  0.161862
 480   479  388.482782  0.093334
 481   471  649.023286  0.200001
 481   482  0.000000  0.222857
 482   485  49.010983  0.186667
 482   569  0.000000  0.240000
 483   205  1484.986333  0.306695
 484   465  955.489341  0.186808
 484   489  298.525484  0.266668
 484   518  0.000000  0.200000
 485   470  1433.775624  0.186706
 485   546  49.010983  0.133333
 486   469  3084.262859  0.264000
 486   545  3575.195449  0.148464
 487   466  2788.673346  0.175862
 487   483  338.405541  0.280000
 488   436  346.446837  0.240000
 488   449  167.641397  0.168000
 489   215  0.000000  1.600000
 489   456  71.594290  0.240000
 489   484  906.534341  0.266826
 489   488  250.431496  0.222857
 490   458  4375.378815  0.280710
 490   506  0.000000  0.222857
 490   805  0.000000  0.240000
 491   467  0.000000  13.000000
 491   494  0.000000  0.222857
 492   451  0.000000  20.000000
 492   496  0.000000  0.222857
 492   506  0.000000  0.240000
 493   467  2017.422114  0.156000
 493   494  0.000000  0.173333
 494   495  0.000000  0.173333
 495   496  917.180476  0.266694
 495   511  3170.122414  0.168000
 496   492  0.000000  0.222857
 496   497  917.180476  0.213356
 496   512  0.000000  0.240000
 497   450  1227.823628  0.173334
 497   498  0.000000  0.240000
 497   513  51.746617  0.186667
 498   500  0.000000  0.173333
 498   514  1817.125655  0.168000
 499   396  2666.993496  0.188900
 499   493  2017.422114  0.168000
 500   472  517.871835  0.173334
 500   503  135.385534  0.173333
 501   473  6485.912994  0.281139
 501   510  49.010983  0.173333
 502   472  0.000000  13.000000
 502   503  49.010983  0.173333
 503   516  49.010983  0.186667
 503   566  70.312942  0.186667
 503    44  135.385534  0.666667
 504   460  1154.469429  0.156000
 504   505  1385.107922  0.346729
 505   451  4087.302890  0.168000
 505   506  2063.295538  0.253603
 506   490  0.000000  0.222857
 506   492  0.000000  0.240000
 506   507  2063.295538  0.226908
 507   450  1857.992875  0.245857
 507   457  436.889880  0.173333
 507   508  887.687298  0.226672
 508   462  1817.125655  0.168000
 508   509  1002.063427  0.173341
 509   473  664.719140  0.173335
 509   510  855.216123  0.173337
 510   502  49.010983  0.186667
 510   564  855.216123  0.186671
 511   453  3612.003740  0.180000
 511   499  2483.171071  0.349686
 512   475  0.000000  0.257143
 512   496  0.000000  0.240000
 512   511  2925.052397  0.271477
 513   454  693.278125  0.200792
 513   497  310.643152  0.186667
 513   512  2925.052397  0.217181
 514   455  2606.464534  0.180000
 514   513  3566.583905  0.264368
 515   500  653.257369  0.186668
 515   514  4355.922784  0.191697
 516   476  49.010983  0.200000
 516   515  4491.308319  0.194374
 517   422  20.873559  0.200000
 517   464  7299.597625  0.156001
 517   474  0.000000  0.240000
 518   478  392.629835  0.186667
 518   517  0.000000  0.200000
 519   484  48.955000  0.186667
 519   489  23.500302  0.186667
 520   463  6048.344730  0.168146
 520   481  0.000000  0.240000
 521   527  5790.761253  0.220913
 521   528  4517.459249  0.209919
 521   551  0.000000  0.240000
 521   555  5527.554676  0.231473
 521   682  0.000000  0.222857
 522   529  0.000000  14.000000
 522   551  0.000000  0.222857
 522   552  0.000000  0.222857
 522    45  0.000000  0.666667
 523   530  37.739897  0.240000
 523   542  0.000000  0.257143
 523   553  0.000000  0.257143
 523   581  4124.560353  0.156000
 524   536  6075.241442  0.240941
 524   657  180.350529  0.171429
 524   673  3137.398833  0.201371
 525   537  1174.204978  0.240213
 525   586  435.131739  0.200000
 525   595  4222.792904  0.168000
 525    53  288.175513  0.500000
 526   463  1999.453144  0.160532
 526   470  649.023286  0.066667
 527   521  5256.041373  0.213594
 527   528  2273.368600  0.067059
 527   716  5790.761253  0.220913
 528   548  1508.676368  0.173498
 528   563  5282.151481  0.216608
 529   549  791.670613  0.173343
 529   565  0.000000  13.000000
 530   523  4124.560353  0.168000
 530   541  235.217194  0.200000
 530   568  263.613816  0.222857
 530    45  564.707400  0.666667
 531   570  1433.775624  0.173370
 531   572  106.664671  0.173333
 532   533  3630.034432  0.202622
 532   571  21.542000  0.106667
 533   219  3095.697736  0.368355
 533   242  1022.343525  0.257149
 533   571  2514.729039  0.401025
 533   573  367.003964  0.188572
 533    15  1915.923294  0.833333
 534   531  1305.223101  0.186693
 534   542  0.000000  0.240000
 534   573  1957.805452  0.223389
 535   555  6334.160156  0.231160
 535   559  1258.122598  0.186689
 535   589  4112.375403  0.204566
 535   721  2485.548046  0.173755
 536   524  3137.398833  0.214796
 536   561  3221.168898  0.164431
 536   588  0.000000  13.000000
 536   589  5516.124587  0.216850
 537   525  3883.504646  0.168000
 537   540  46.189156  0.240000
 537   544  4882.062822  0.235180
 538   539  2584.622649  0.198449
 538   574  1070.390865  0.186677
 538    15  1843.506308  0.833333
 539   226  2043.475649  0.545178
 539   579  999.720744  0.186670
 540   537  3927.081771  0.168000
 540   580  37.739897  0.222857
 540   584  350.980705  0.200000
 541   531  235.217194  0.186667
 541   542  0.000000  0.240000
 542   523  0.000000  0.257143
 542   534  0.000000  0.240000
 542   577  0.000000  0.222857
 543   540  52.575585  0.200000
 543   544  0.000000  0.240000
 544   538  4882.062822  0.219501
 544   579  0.000000  0.240000
 545   526  515.019839  0.066667
 545   547  3575.195449  0.296927
 546   526  2133.456591  0.213597
 546   547  49.010983  0.133333
 547   532  3651.576432  0.111825
 548   529  791.670613  0.173343
 548   551  1572.221878  0.186726
 549   550  791.670613  0.186677
 549   552  70.312942  0.186667
 550   530  12.198269  0.200000
 550   567  4359.105662  0.191757
 551   521  274.005376  0.240000
 551   522  0.000000  0.222857
 551    45  838.248166  0.666667
 551   556  733.973712  0.173335
 552   522  0.000000  0.222857
 552   553  0.000000  0.240000
 552   558  70.312942  0.173333
 553   523  0.000000  0.257143
 553   550  3579.633318  0.194930
 553   552  0.000000  0.240000
 554   521  4970.197668  0.222221
 554   726  782.697316  0.173342
 555   521  5335.530761  0.228834
 555   535  5109.339689  0.211986
 555   554  619.362804  0.106669
 555    45  1526.407434  0.666667
 556   535  997.723262  0.173341
 556   555  54.061985  0.080000
 557   522  0.000000  13.000000
 557   556  317.811535  0.173333
 558   557  317.811535  0.173333
 558   560  64.523942  0.186667
 559   557  0.000000  14.000000
 559   560  1258.122598  0.173354
 560   583  1258.122598  0.186689
 560   587  64.523942  0.173333
 561   562  344.554804  0.186667
 561   585  3231.093898  0.191907
 562   524  240.189481  0.068571
 562   673  539.497063  0.200002
 563   501  5282.151481  0.233271
 563   716  264.212559  0.160000
 564   548  855.216123  0.186671
 564   563  264.212559  0.173333
 565   502  0.000000  14.000000
 565   564  264.212559  0.173333
 566   549  70.312942  0.173333
 566   565  264.212559  0.173333
 567   516  4491.308319  0.209326
 567   566  264.212559  0.186667
 568   476  131.411159  0.240000
 568   530  4507.250843  0.156000
 568   567  396.415216  0.200000
 569   541  0.000000  0.222857
 569   568  402.814448  0.200000
 570   485  1433.775624  0.186706
 570   569  402.814448  0.186667
 571   546  2133.456591  0.200247
 571   570  402.814448  0.173333
 571   572  0.000000  0.222857
 572   573  106.664671  0.240000
 573   239  367.003964  0.222857
 573   533  2064.470123  0.189156
 573   534  0.000000  0.222857
 574   543  52.575585  0.186667
 574   575  1017.815280  0.173341
 575   240  0.000000  0.186667
 575   576  3285.762968  0.188238
 576   534  3263.028553  0.174748
 576   577  404.499816  0.186667
 577   578  0.000000  0.240000
 577   581  404.499816  0.200001
 578   543  0.000000  0.222857
 578   575  2267.947688  0.186969
 579   525  999.720744  0.200003
 579   538  0.000000  0.180000
 579   595  0.000000  0.514286
 580   540  4217.037633  0.156000
 580   578  2267.947688  0.200324
 580   581  37.739897  0.240000
 581   523  37.739897  0.222857
 581   580  4217.037633  0.168000
 581   582  312.022535  0.200000
 582   553  3579.633318  0.181007
 582   558  312.022535  0.186667
 583   580  2267.947688  0.200324
 583   582  3579.633318  0.187519
 584   583  4589.458408  0.196497
 584   587  939.669879  0.186688
 585   537  3710.469874  0.210386
 585   584  5178.147582  0.212946
 585    53  478.566727  0.500000
 586   562  435.131739  0.240000
 586   585  4854.246848  0.218678
 587   561  354.479804  0.173334
 587   588  649.714017  0.173337
 588   559  0.000000  0.173333
 588   589  649.714017  0.066668
 589   535  5803.509928  0.221118
 589   536  4112.375403  0.204566
 589   721  362.328676  0.133334
 590   535  2279.633324  0.186976
 590   554  5133.532180  0.227717
 591   594  1944.765803  0.339274
 591   595  0.000000  0.685714
 591   945  5310.607933  1.590550
 592   611  2888.388714  0.267136
 592   946  132.502254  1.200000
 593   600  101.445786  0.300000
 593   606  0.000000  0.300000
 593   607  0.000000  0.222857
 594   640  2229.157792  0.666775
 595   525  1165.755720  0.240205
 595   591  5908.974363  0.480007
 596   597  0.000000  0.771429
 596   599  546.303088  0.173335
 597   229  339.863117  0.933340
 597   598  103.493343  0.173333
 597    17  126.086456  0.666667
 598   597  319.226832  0.173334
 598   599  18.603416  0.737143
 598   619  84.889927  0.880000
 599   608  0.000000  0.222857
 599   610  564.906504  0.186669
 600   601  88.380247  0.171429
 600   609  0.000000  0.500000
 600   612  126.693254  0.560000
 601   604  2624.165796  0.347065
 601    16  1891.352685  1.000000
 602   603  865.257930  0.137149
 602   605  95.237000  0.222857
 602    16  2385.379315  1.000000
 603   227  41.922773  0.720000
 603   606  6.208786  0.280000
 603   621  1833.998309  0.343451
 604   226  2624.165796  0.768619
 605   593  95.237000  0.222857
 605   604  0.000000  0.240000
 606   593  6.208786  0.300000
 606   603  0.000000  0.280000
 606   605  0.000000  0.085714
 607   596  0.000000  0.222857
 607   606  0.000000  0.377143
 608   600  113.627716  0.257143
 608   607  0.000000  0.222857
 608    17  1133.405323  0.666667
 609   608  1133.405323  0.240039
 609   610  0.000000  0.222857
 610   614  564.906504  0.173335
 610   618  0.000000  0.908571
 611   601  3966.729007  0.362596
 612   592  132.502254  0.420000
 612   611  1078.340293  0.102870
 613   609  1133.405323  0.240039
 613   612  1084.149293  0.377192
 614   613  662.270098  0.222860
 614   616  559.097504  0.186669
 615   613  1555.284518  0.240184
 615   616  187.767211  0.222858
 616   615  0.000000  0.222857
 616   617  710.393757  0.240870
 616   919  36.470958  1.066667
 617   614  656.461098  0.462862
 617   616  0.000000  0.240000
 617   618  319.226832  0.222873
 617    19  607.516473  0.833333
 618   617  84.889927  0.222857
 618   619  319.226832  0.137153
 619   598  319.226832  0.880013
 619   618  84.889927  0.137143
 619   918  0.000000  1.600000
 620   621  0.000000  0.771429
 621   596  546.303088  0.333337
 621   620  0.000000  0.771429
 621    17  1298.447221  0.666667
 622   623  1384.944291  0.481535
 622   883  704.482842  0.857241
 623   622  674.180177  0.480044
 623   636  2307.440460  0.346039
 623   646  1248.374729  1.030544
 623    50  362.913686  0.500000
 624   627  1304.414897  0.066868
 624   641  2682.563232  0.544397
 624   646  1371.837771  1.031710
 624    61  340.188504  0.583333
 625   629  1420.041872  0.602170
 625   641  380.946454  0.426672
 625   653  2677.860355  0.871929
 625    49  847.769822  0.750000
 626   638  4102.805061  0.145359
 626   640  5862.233339  0.577355
 626   658  0.000000  55.000000
 627   624  4023.966707  0.096785
 627   892  714.823058  0.666805
 627   899  323.244513  0.600001
 627    58  506.427203  0.533333
 628   630  1340.513088  0.501330
 628   642  267.742246  0.533364
 628   643  0.000000  1.000000
 629   625  512.410278  0.600014
 629   628  0.000000  1.100000
 629   632  1255.173268  0.685898
 629   653  4048.402315  0.502371
 629    62  265.786096  0.666667
 630   628  267.742246  0.466694
 630   629  4561.582085  0.602701
 630   632  6274.470262  0.410129
 630   902  6776.406084  0.670239
 630    61  577.916511  0.583333
 630  1013  2332.621398  0.762668
 631   646  0.000000  0.300000
 631   899  219.593000  1.000002
 632   630  6487.268367  0.411861
 632   637  7679.131659  0.234496
 632   924  617.831424  0.411432
 632    64  667.425793  0.750000
 633   634  2450.294061  0.569792
 633   644  2390.852949  0.180003
 633    40  1245.856147  1.083333
 634   635  137.436000  0.257143
 634   649  1132.082383  1.081280
 634   667  1794.860109  0.560321
 634   885  1094.851351  0.686403
 635   634  852.021316  0.257218
 635   644  30.302665  0.428571
 635  1019  2501.728495  0.267335
 636   623  460.291472  0.333343
 636   645  2307.440460  0.240670
 636   650  0.000000  0.506667
 637   632  6081.221700  0.224804
 637   638  6064.441785  0.209806
 637   713  5217.705159  0.642931
 637    62  653.305904  0.666667
 638   626  5862.233339  0.198464
 638   637  5935.065102  0.202385
 638   923  1815.914109  0.426924
 639   947  43.379563  1.200000
 640   626  4102.805061  0.133449
 640   659  5731.769116  0.479705
 640    52  207.418322  0.533333
 641   624  400.975232  0.506675
 641   625  2467.810806  0.448592
 641   642  239.141980  0.600010
 642   628  1340.513088  0.572948
 642   641  44.418331  0.600000
 642   893  326.322005  0.733435
 642    61  7.223985  0.583333
 643   896  0.000000  0.600000
 644   622  1415.246956  0.401735
 644   635  1005.908658  0.343084
 645   636  47.160000  0.205714
 645   700  1252.188555  0.426844
 645  1018  2307.440460  0.267412
 646   260  0.000000  3.000000
 646   623  2352.478928  1.073238
 646   624  868.250552  1.028901
 646   631  219.593000  0.300011
 646    49  373.431178  0.750000
 647   656  228.705805  0.173333
 647   753  30.585937  0.222857
 648   647  0.000000  0.222857
 648   710  0.000000  0.222857
 649   634  137.436000  1.080000
 649   665  0.000000  0.274286
 649   679  1206.612383  0.342933
 649   683  91.751813  0.171429
 649   885  368.305141  1.000016
 650   636  413.131472  0.506676
 651   740  0.000000  0.222857
 652   650  413.131472  0.080000
 652   701  3740.323755  0.182661
 652    50  245.752084  0.500000
 653   625  281.882575  0.805715
 653   706  3431.805461  0.801715
 653   712  4225.234449  0.218505
 653    62  316.987000  0.666667
 654   704  319.741789  0.173333
 654   751  3763.778557  0.182924
 655   629  0.000000  1.140000
 655   708  3664.936381  0.559549
 655   712  135.483263  0.253333
 655    51  560.298068  0.583333
 656   654  418.583965  0.186667
 656   709  0.000000  0.173333
 657   536  0.000000  14.000000
 657   671  180.350529  0.222857
 658   672  0.000000  0.173333
 658   756  0.000000  13.000000
 659   673  11236.973210  0.811482
 659    52  94.155656  0.533333
 660   666  4170.354933  0.202963
 660   680  4.135000  0.222857
 660   681  0.000000  0.240000
 661   647  259.291742  0.173333
 661   754  5334.290303  0.218541
 662   668  4278.876128  0.219573
 662   693  0.000000  0.222857
 663   669  5552.241561  0.244839
 663   695  0.000000  0.222857
 664   591  1346.399372  0.468288
 664   594  284.391989  0.200000
 664    53  497.219761  0.500000
 665   649  166.281813  0.274286
 665   677  605.511477  0.306672
 666   678  2254.090539  0.187724
 666   717  6017.132646  0.250562
 666    42  0.000000  0.666667
 667   651  0.000000  0.274286
 667   688  1840.902229  0.160102
 668   690  1130.845430  0.186680
 668   730  4669.682807  0.198352
 668    43  0.000000  0.583333
 669   670  1765.999224  0.186766
 669   722  4996.011517  0.207117
 670   536  1687.075473  0.200312
 670   671  2103.649917  0.186883
 671   663  151.219062  0.240000
 671   698  2132.781383  0.186897
 672   661  14.157312  0.186667
 672   711  2816.757968  0.174069
 673   524  6015.402490  0.209184
 673   664  1690.240583  0.466743
 673   720  7706.184027  0.256203
 673   750  2423.419773  0.174688
 674   675  929.530219  0.186687
 674   778  5087.602427  0.290710
 675   676  929.530219  0.133348
 675   718  618.399162  0.186670
 676   715  1585.110174  0.053396
 676   716  5413.232748  0.215497
 676   777  7027.810327  0.249460
 676    42  1149.037419  0.666667
 677   741  4146.565349  0.159149
 678   681  618.399162  0.186670
 678   719  2254.090539  0.174315
 679   649  505.741141  0.342858
 679   677  3541.053872  0.194542
 679   680  0.000000  0.342857
 679    42  906.520262  0.666667
 680   660  0.000000  0.222857
 680   679  4.135000  0.342857
 680   685  45.697097  0.173333
 681   660  4.135000  0.240000
 681   682  0.000000  0.222857
 681   687  614.264162  0.173336
 682   521  0.000000  0.222857
 682   681  0.000000  0.222857
 682   719  61.129728  0.240000
 683   738  91.751813  0.205714
 684   679  3512.201892  0.180385
 684   683  0.000000  0.200000
 685   684  141.050141  0.173333
 685   732  64.757097  0.186667
 686   660  4170.354933  0.188465
 686   685  160.110141  0.173333
 687   686  152.186503  0.186667
 687   727  1337.207868  0.186770
 687    42  565.096319  0.666667
 688   689  959.719137  0.173339
 688   736  3824.769638  0.183634
 688    43  494.612443  0.583333
 689   668  959.719137  0.173339
 689   693  91.406789  0.200000
 689    43  19.060000  0.583333
 690   691  1209.769180  0.173351
 690   694  866.367321  0.200016
 691   669  1209.769180  0.173351
 691   724  30.585937  0.222857
 692   651  0.000000  0.171429
 692   688  3230.858989  0.205613
 693   692  0.000000  0.222857
 693   734  91.406789  0.186667
 694   662  0.000000  0.240000
 694   696  866.367321  0.173347
 695   691  30.585937  0.257143
 695   694  0.000000  0.222857
 696   723  1986.342511  0.173489
 696   745  1573.647585  0.173532
 696    43  199.329720  0.583333
 697   663  5401.022498  0.238118
 697   698  2064.506800  0.186866
 698   699  2347.847179  0.173661
 698   748  1849.441004  0.173447
 699   657  0.000000  14.000000
 699   673  2921.377767  0.174199
 699    52  568.430295  0.533333
 700   650  0.000000  0.240000
 700   701  1946.946858  0.093410
 700    50  348.413231  0.500000
 701   702  1499.667597  0.173378
 701   743  4187.603016  0.188746
 702   704  284.209311  0.173333
 702   751  1934.387080  0.173472
 702    51  996.026111  0.583333
 703   729  4628.181070  0.197378
 703   744  2259.950851  0.173610
 704   652  140.564788  0.173333
 704   707  463.386312  0.173334
 705   640  1490.852153  0.533814
 705   658  0.000000  0.173333
 706   652  4258.642521  0.189943
 706   707  0.000000  0.222857
 706    51  0.000000  0.583333
 707   708  0.000000  0.222857
 707   712  463.386312  0.693337
 708   654  3664.936381  0.181854
 708   709  0.000000  0.240000
 709   648  0.000000  0.222857
 709   655  0.000000  0.860000
 710   661  5579.424732  0.228536
 710   711  653.287737  0.240001
 710    51  311.760821  0.583333
 711   714  3470.045705  0.458197
 712   653  598.869575  0.200003
 712   655  4225.234449  0.276773
 713   710  4949.600334  0.474793
 713   714  268.104826  0.257143
 714   638  3445.965705  0.296385
 714   640  58.724099  0.514286
 714   658  0.000000  1.000000
 714    52  233.460727  0.533333
 715   501  1252.772496  0.186744
 715   819  332.337677  0.240000
 716   527  5413.232748  0.215497
 716   676  6254.016854  0.229445
 716   718  0.000000  0.213333
 717   674  6017.132646  0.250562
 718   678  618.399162  0.173352
 718   717  0.000000  0.186667
 719   527  2116.177226  0.120513
 719   716  199.043041  0.240000
 720   586  4854.246848  0.218678
 720   595  2851.937179  0.200897
 721   670  2024.726167  0.173503
 721   722  823.150556  0.186679
 722   590  6068.302947  0.253527
 722   724  99.891936  0.173333
 722    43  777.085837  0.583333
 723   695  30.585937  0.240000
 723   697  1986.342511  0.173489
 724   725  122.554234  0.222857
 724   728  7.923638  0.173333
 725   590  1344.862558  0.173361
 725   726  122.554234  0.240000
 726   682  61.129728  0.222857
 726   687  844.121823  0.173346
 727   725  1344.862558  0.173361
 727   728  945.291072  0.173354
 728   690  945.291072  0.173354
 728   730  7.923638  0.186667
 729   662  4278.876128  0.204934
 729   696  1869.700112  0.186795
 730   731  4677.606445  0.198541
 730   733  0.000000  0.173333
 731   686  4178.278571  0.203101
 731   727  952.945762  0.186673
 732   731  453.617887  0.173334
 732   733  110.466789  0.173333
 733   689  110.466789  0.173333
 733   736  0.000000  0.173333
 734   729  1520.395170  0.173381
 734   744  91.406789  0.173333
 735   692  3230.858989  0.191905
 735   734  1520.395170  0.173381
 736   737  3824.769638  0.183634
 736   739  0.000000  0.173333
 737   684  3371.151751  0.192995
 737   732  499.327580  0.173334
 738   737  45.709693  0.186667
 738   739  46.042120  0.222857
 739   667  46.042120  0.222857
 740   735  3144.716175  0.120831
 740   742  0.000000  0.240000
 741   666  4100.868252  0.187376
 741   680  45.697097  0.186667
 742   700  322.852895  0.222857
 742  1018  3844.357592  0.542357
 743   735  1606.537984  0.173551
 743   742  4167.210488  0.109250
 744   702  765.212185  0.173341
 744   743  1586.145456  0.173391
 745   703  2189.479315  0.186925
 745   752  334.508202  0.173334
 746   723  30.585937  0.222857
 746   745  950.339932  0.173339
 747   697  5479.186788  0.224261
 747   746  950.339932  0.173339
 748   747  950.339932  0.186673
 748   755  1831.668693  0.173442
 749   699  0.000000  13.000000
 749   748  932.567620  0.173339
 750   749  932.567620  0.173339
 750   757  1490.852153  0.173490
 751   703  4698.652606  0.199049
 751   752  999.513031  0.186675
 752   656  189.878160  0.173333
 752   753  1144.143072  0.173347
 753   746  30.585937  0.222857
 753   754  1144.143072  0.173347
 754   747  5479.186788  0.224261
 754   755  999.246588  0.186675
 755   672  2830.915281  0.174086
 755   756  0.000000  0.173333
 756   749  0.000000  13.000000
 756   757  0.000000  0.173333
 757   705  1490.852153  0.173490
 758   336  5441.640525  0.690757
 758   364  138.526286  0.291429
 758   779  1695.365113  0.192000
 758   786  5650.484918  0.218753
 758    35  2270.278559  0.750000
 759   765  800.197076  0.240001
 759   772  3066.978027  0.241487
 760   761  573.791788  0.257143
 760   782  3623.488360  0.420000
 760    35  148.871535  0.750000
 761   781  2897.648016  0.368309
 761   868  44.728910  0.102857
 761   869  2440.830627  0.223773
 761    41  1474.822560  0.916667
 762   766  6142.589970  0.272620
 762   775  1780.906854  0.120044
 762   793  5074.117643  0.380921
 762   813  5072.355704  0.352675
 762   817  682.384636  0.173973
 762   865  489.804606  0.666671
 763   764  4920.978971  0.140095
 763   781  2587.895343  0.212695
 763   793  6969.781690  0.165113
 763    36  1903.275138  0.616667
 764   763  3877.747178  0.135678
 764   780  6267.577959  0.072003
 764   791  4793.074505  0.209022
 764    36  183.169862  0.616667
 765   760  513.051528  0.462857
 765   975  1729.345950  0.204000
 766   762  6310.644402  0.276779
 766   777  5173.477497  0.212670
 766   818  1772.759938  0.053362
 767   765  1442.200401  0.288000
 767   772  4828.743039  0.223279
 767   791  5599.581335  0.203479
 767    36  263.169455  0.616667
 768   366  4010.742222  0.244902
 768   790  4598.890668  0.196709
 769   771  1367.620492  0.186781
 769   772  4243.944475  0.205252
 769   786  5157.270467  0.212494
 770   773  4057.822847  0.186733
 770   789  228.806838  0.222857
 771   758  0.000000  0.480000
 771   759  800.197076  0.205715
 771   974  567.423415  0.994287
 772   767  5862.750790  0.236900
 772   769  5044.197960  0.211321
 772   810  1232.716792  0.160017
 773   774  3500.361906  0.194147
 773   796  806.469127  0.173336
 774   792  3893.795260  0.184487
 774   811  1143.380568  0.156000
 775   868  1780.906854  0.901260
 776   762  5762.115844  0.309971
 776   766  803.647465  0.133335
 777   675  618.399162  0.200004
 777   676  6508.215300  0.235151
 777   766  6310.644402  0.230649
 777   778  1218.030885  0.200020
 778   776  6565.763309  0.242986
 779   783  562.026401  0.168000
 779   787  1003.039942  0.173341
 779    31  1133.338712  0.616667
 780   763  3177.735133  0.123128
 780   812  6983.638086  0.156036
 781   761  2587.895343  0.354491
 781   763  2150.200353  0.205570
 781   782  747.447664  0.240037
 782   764  4370.936024  0.120000
 783   366  2095.275220  0.160655
 783   768  266.122588  0.156000
 784   768  4722.492537  0.156000
 785   403  0.000000  0.240000
 785   808  1142.597558  0.156000
 786   758  5417.702791  0.215554
 786   769  4611.490694  0.207598
 786   787  1333.584792  0.133407
 787   769  884.339942  0.186671
 787   788  1452.284792  0.186816
 788   783  1799.371407  0.173694
 788   790  415.981160  0.173334
 788    36  945.805999  0.616667
 789   769  228.806838  0.186667
 789   788  983.708606  0.186693
 790   770  4265.756126  0.204687
 790   794  749.115702  0.173341
 791   764  5599.581335  0.218013
 791   767  4793.074505  0.195087
 791   792  0.000000  0.205714
 792   780  3893.795260  0.170296
 793   762  6824.974606  0.438158
 793   763  6383.906189  0.154842
 793   813  144.807084  0.154286
 794   784  2970.991604  0.176684
 794   809  1243.221039  0.173403
 795   770  20.873559  0.173333
 795   794  3465.096941  0.193818
 796   795  3465.096941  0.179974
 796   815  473.193967  0.173334
 796    36  824.664546  0.616667
 797   774  1536.813922  0.156000
 797   796  3938.292328  0.199301
 798   799  1512.663776  0.253401
 798   804  5893.834415  0.156002
 799   805  0.000000  0.222857
 799   813  0.000000  0.222857
 799   817  1657.470860  0.253435
 800   388  1360.055128  0.186779
 800   785  0.000000  0.222857
 801   800  0.000000  0.240000
 801   814  20.873559  0.186667
 802   348  473.193967  0.186667
 802   801  0.000000  0.222857
 803   802  0.000000  0.240000
 803   816  2135.399197  0.156000
 803    37  0.000000  0.700000
 804   458  6031.608480  0.195342
 804   803  0.000000  0.445714
 805   490  0.000000  0.240000
 805   799  0.000000  0.222857
 805   804  137.774064  0.325714
 806   457  682.384636  0.187356
 806   805  137.774064  0.325714
 806   817  344.424560  0.173333
 807   461  1982.927733  0.168000
 807   806  137.774064  0.291429
 808   784  1751.500933  0.156000
 808   809  116.834088  0.173334
 809   800  1360.055128  0.173437
 809   808  0.000000  0.173333
 810   773  249.008186  0.173333
 810   789  983.708606  0.173358
 811   767  1143.380568  0.060000
 811   810  0.000000  0.186667
 812   797  3486.686022  0.360319
 812   798  7259.519222  0.156068
 813   793  1309.788546  0.154915
 813   799  144.807084  0.222857
 813   812  3762.567157  0.253260
 814   795  20.873559  0.173333
 814   815  0.000000  0.173333
 815   802  473.193967  0.173334
 815   816  0.000000  0.186667
 816   797  1988.420228  0.156000
 816   798  146.978970  0.346667
 817   762  344.424560  0.173333
 817   806  682.384636  0.173973
 817   818  1657.470860  0.213419
 818   777  1641.866678  0.186739
 818   807  1788.364120  0.173431
 819   777  812.135247  0.146669
 819   807  332.337677  0.222857
 820   826  742.920955  0.171454
 820   827  263.376541  0.548572
 820   831  2867.575432  4.893633
 821   824  4211.403973  0.540000
 821   830  3322.046226  0.137568
 821   832  0.000000  1.100000
 821   840  4925.964017  0.456000
 821    25  1617.547000  1.250000
 822   828  196.258101  0.514289
 822   837  1176.739828  0.268333
 822   838  1780.919586  1.074877
 823   829  4320.324182  1.079764
 823   830  3844.164748  0.565750
 823   836  1145.039013  0.160271
 823    23  1741.121837  1.083333
 824   821  5825.850164  0.540006
 824   825  963.527613  0.533752
 824    27  961.928000  0.666667
 824  1016  6728.768999  0.642040
 825   328  509.764400  0.360017
 825   833  2023.117878  0.550111
 825    28  867.034422  0.666667
 826   820  1044.413474  0.171565
 826   838  348.838428  0.500095
 826   839  888.518955  1.457667
 827   820  1532.244818  0.551456
 827   828  379.179356  1.100013
 827   854  694.227876  0.600064
 827    24  668.385085  1.166667
 828   822  1176.739828  0.515023
 828   852  254.546337  0.685715
 829   823  3840.007799  0.911285
 829   834  1659.882112  0.749110
 829   852  3353.182606  0.480331
 830   821  1963.610075  0.133742
 830   823  4499.310541  0.598589
 830   847  4287.418546  0.540181
 831   249  2312.388432  3.345962
 831   826  317.911428  1.400173
 831   827  337.839572  1.800012
 831    22  920.413000  1.166667
 832   324  0.000000  0.533333
 832   833  413.271209  0.171430
 832   846  2152.304878  0.343174
 832    27  90.150000  0.666667
 833   825  413.271209  0.548576
 833   832  2242.454878  0.171622
 834   758  1659.882112  0.514830
 834   856  1973.837935  0.773346
 835   821  1220.643497  0.668609
 835   845  750.041624  0.942877
 835    23  372.304659  1.083333
 836   822  1977.177686  0.945220
 836   823  470.169277  0.160005
 836   824  1547.076348  0.603867
 836   835  0.000000  0.514286
 836    23  2020.846203  1.083333
 837   835  2025.165643  0.600410
 838   820  1297.214635  0.539948
 838   837  848.425815  0.864593
 838    24  771.117653  1.166667
 839    78  747.572000  0.833333
 839   826  1220.938474  1.459647
 839   845  548.550488  1.371474
 839   848  436.360290  1.714288
 839    23  512.008301  1.083333
 840   821  2922.159737  0.456000
 840   843  5204.961624  1.121885
 840   845  512.284308  0.051430
 840   847  385.624000  0.822862
 840   850  0.000000  1.700000
 841   317  6603.215206  0.231508
 841   846  549.280975  0.257152
 841   847  3584.128189  0.266982
 841    25  559.941000  1.250000
 842    74  0.000000  0.833333
 842   322  0.000000  0.548571
 843   840  2759.233249  1.057412
 843   849  5321.073624  0.385844
 843   850  40.563000  1.066667
 844   322  387.633087  0.500001
 844   842  0.000000  0.634286
 844   850  157.352291  0.666667
 844    26  40.563000  0.666667
 845   839  512.284308  1.371461
 845   840  1298.592112  0.051548
 846   832  413.271209  0.342858
 846   841  2255.127600  0.257442
 846   851  750.280476  1.200006
 847   830  3584.128189  0.540009
 847   841  4673.042546  0.267775
 848    76  119.571550  0.833333
 848    78  58.870000  0.833333
 848    81  107.713236  0.833333
 848    82  39.247430  0.833333
 848    83  22.966874  0.833333
 848   839  947.090700  1.714400
 848   849  297.834467  0.857186
 849    75  2464.078000  0.833333
 849    76  560.955580  0.833333
 849    77  622.930565  0.833333
 849    85  600.170888  0.833333
 849    86  11.261278  0.833333
 849    87  420.040056  0.833333
 849   103  198.625000  0.833333
 849   104  158.886000  0.833333
 849   106  268.268000  0.833333
 849   107  110.118457  0.833333
 849   108  128.320000  0.833333
 849   109  148.913000  0.833333
 849   843  2799.796249  0.361488
 849   848  646.461575  0.859096
 849    25  167.923000  1.250000
 850   840  41.240291  1.700000
 850   843  116.112000  1.066667
 850   844  40.563000  0.666667
 851   844  387.633087  0.342857
 851   846  717.093432  1.200150
 851    26  837.232000  0.666667
 852   828  855.848709  0.685919
 852   829  4532.748335  0.706819
 852   855  3265.385833  0.301964
 852   856  319.528190  0.377144
 853   250  2254.264221  1.595805
 853   860  1770.810561  0.589108
 854   827  2331.989414  0.624957
 854   852  0.000000  1.560000
 854   857  694.227876  0.377183
 855   852  4823.568090  0.342238
 855   857  447.875182  1.165716
 855   859  4398.860844  0.385032
 855    24  4199.508262  1.166667
 856   852  542.214034  0.377155
 856   855  2991.079428  0.349454
 856   962  576.201216  0.634313
 857   854  2331.989414  0.392830
 857   858  1142.103058  0.257461
 858   857  2331.989414  0.267839
 858   859  0.000000  1.080000
 858   961  288.422279  0.325715
 858    33  853.680779  1.083333
 859   855  4671.826815  0.396807
 859   858  0.000000  1.080000
 859   964  4398.860844  0.355414
 860   872  2316.691912  0.338830
 860   963  1579.912150  0.310458
 861   863  2371.092966  0.102281
 861   870  4605.128682  0.730540
 862   873  3427.159273  0.564000
 863   876  3075.337450  0.205407
 864   869  3016.970782  0.156130
 864   870  2443.157766  0.420010
 864   875  0.000000  0.394286
 864   967  557.555952  0.466667
 864   977  796.118836  0.377222
 865   866  44.728910  0.560000
 865   875  489.804606  0.426668
 866   665  771.793290  0.900271
 866   778  260.129996  0.940002
 866    41  0.000000  0.916667
 867   861  0.000000  0.420000
 867   882  1824.520956  0.533528
 868   865  44.728910  0.380000
 868   869  1780.906854  0.240000
 869   761  1940.067472  0.217095
 869   864  2666.869383  0.156016
 869    35  3049.071381  0.750000
 870   861  2371.092966  0.360005
 870   864  3813.089618  0.438043
 870   967  279.549812  0.548572
 870    34  1769.311060  0.916667
 871   267  1256.390507  0.556002
 871   872  925.906395  0.521160
 871   880  1376.674469  1.031711
 872   853  2270.610241  0.475476
 872   871  971.988066  0.523017
 873   879  7265.056494  0.533683
 873   886  3941.134112  0.300000
 873    39  1270.175494  0.833333
 874   965  4300.660045  0.513380
 875   863  704.244484  0.666688
 875    41  52.283384  0.916667
 876   862  1836.040073  0.203254
 876   866  0.000000  2.000000
 876   878  3038.820078  0.494219
 877   861  4605.128682  0.267190
 877   876  1566.120945  0.201565
 878   879  170.495493  0.171429
 878   881  2868.324585  0.420616
 879   267  790.389152  2.026531
 879   874  3461.748038  0.805031
 879   877  3768.823147  0.494459
 880   871  237.248071  0.942873
 880   874  838.912007  0.685900
 880   877  2402.426481  0.345100
 880    39  138.276930  0.833333
 881   255  1673.164109  3.845486
 881   871  1249.813156  0.907325
 881   880  467.488345  0.257147
 881    39  56.510000  0.833333
 882   862  1591.119199  0.156000
 882   876  233.401757  0.137143
 883   622  0.000000  0.857143
 883   633  0.000000  0.205714
 883   873  2026.269939  1.394831
 883   887  0.000000  3.000000
 883    40  796.514853  1.083333
 884   633  2288.425096  0.552928
 884   883  0.000000  0.666667
 885   665  0.000000  1.340000
 885   884  425.153288  0.580018
 885    41  1299.786056  0.916667
 886   634  719.478467  0.857149
 886   635  1358.383837  0.800212
 886   884  1863.271808  0.205655
 887   254  202.960000  1.800046
 887   261  52.427000  1.400000
 887   265  0.000000  4.000000
 887   883  92.032011  3.000001
 887    47  47.564194  0.666667
 888   892  701.300086  0.093351
 888    58  299.626797  0.533333
 889   269  67.744357  1.800000
 889   892  4049.385801  1.944201
 889   980  1051.862988  0.686665
 889    56  201.889000  0.500000
 889    57  231.722430  0.533333
 889    59  161.348678  0.500000
 890   891  615.447369  0.617179
 890   898  1895.961171  0.261003
 890    48  616.280000  0.750000
 891   251  1085.226447  0.124217
 891   264  1624.817189  1.629143
 891   890  714.033232  0.617218
 891    55  319.794000  0.633333
 892   627  2507.285765  0.703429
 892   888  299.626797  0.093334
 892   889  1129.915177  1.202090
 892   893  2174.217251  0.436739
 893   642  1190.763184  0.765502
 893   892  473.124025  0.266860
 893   894  925.235794  0.686015
 893    60  168.440349  0.416667
 894   896  925.235794  0.257256
 895   892  172.412019  0.874286
 895   894  0.000000  0.291429
 896   902  1389.918757  0.257980
 896    60  0.000000  0.416667
 897   895  172.412019  0.257143
 897   896  0.000000  0.291429
 898   260  893.425264  0.912921
 898   890  698.371513  0.257171
 898   899  1002.535906  0.943471
 899   627  690.163849  0.600062
 899   888  312.372058  0.900007
 899   898  542.837513  0.942887
 900   897  55.777018  0.102857
 900   902  6922.223980  0.262568
 900   909  4324.103984  0.433255
 900   990  3001.689338  0.952508
 900    60  338.386651  0.416667
 901   905  0.000000  0.857143
 901   906  1046.100540  0.576620
 901   909  0.000000  0.500000
 902   630  8522.915390  0.716466
 902   900  6880.101576  0.258697
 902   903  0.000000  1.000000
 902   908  0.000000  0.340000
 902    63  786.020783  0.533333
 903   639  43.379563  0.260000
 904   903  43.379563  0.300000
 904   905  1805.480185  0.503008
 904    70  17.438232  0.833333
 905   908  1805.480185  0.242832
 906   901  0.000000  0.560000
 906   904  1.245749  0.880000
 906   910  0.000000  0.480000
 906   959  1046.100540  0.502295
 907   897  116.635002  0.188571
 907   900  5292.396547  0.112756
 908   900  1939.461906  0.191736
 908   909  0.000000  1.340000
 908    63  41.285749  0.533333
 909   901  1046.100540  0.514839
 909   983  3278.003444  0.279718
 910   906  0.000000  0.480000
 910   950  0.000000  1.380000
 910   960  0.000000  0.257143
 911   925  3417.137028  0.584592
 911   926  2515.901313  0.187146
 912   914  3888.621139  0.898845
 912   937  4258.079539  0.277395
 912   942  291.508959  0.171429
 913   920  634.729665  0.188574
 913   943  572.285180  0.772393
 913  1008  0.000000  0.514286
 914    18  95.940893  0.916667
 914   912  439.274490  0.840001
 914   917  0.000000  0.771429
 914   931  3156.903871  0.808363
 914   946  2506.296519  0.259810
 915    21  12.443000  0.500000
 915   916  952.678516  0.333582
 915   943  46.319000  0.942857
 916    20  728.350000  0.750000
 916   915  58.762000  0.333333
 916   932  969.600487  1.067528
 916   934  153.879848  0.942859
 917   914  1664.199251  0.772494
 917   935  0.000000  0.685714
 917   937  0.000000  0.600000
 918   619  0.000000  1.600000
 918   919  0.000000  0.514286
 919    19  0.000000  0.833333
 919   918  0.000000  0.514286
 919   931  0.000000  0.222857
 919   932  89.684958  0.360000
 920   913  572.285180  0.188573
 920   929  127.757318  0.274286
 920   933  506.972346  0.274287
 921   922  1190.739578  0.584563
 921   936  2041.117815  0.296321
 921   938  5127.416119  0.325034
 921    65  325.658000  0.866667
 922   921  985.122479  0.570575
 922   927  1666.429666  0.573569
 922   939  3061.218956  0.536611
 922   948  497.474142  0.467089
 923   911  2515.901313  0.808583
 923   925  0.000000  0.600000
 923    64  347.066207  0.750000
 924   637  3061.144028  0.313438
 924   923  617.831424  0.240002
 925   923  0.000000  0.600000
 925   924  3061.144028  0.554291
 925    64  355.993000  0.750000
 925  1013  0.000000  0.480000
 926   911  3417.137028  0.188537
 926   939  880.674369  0.533346
 926   942  3711.739170  0.633422
 926    65  835.168864  0.866667
 926  1013  3080.528425  0.606795
 927   922  3890.099537  0.583558
 927   928  1163.154532  0.613384
 927   940  1955.232415  0.610480
 928   927  5262.195413  0.655238
 928   940  0.000000  1.950000
 928    73  759.203548  0.583333
 928  1005  805.600984  0.788577
 929   920  572.285180  0.274297
 929   930  1733.848848  0.330708
 929  1008  0.000000  0.242424
 930  1007  4267.039318  1.041514
 931   615  1743.051728  1.373276
 931    19  2245.030527  0.833333
 931   914  535.215383  0.788575
 931   919  23.230000  0.222857
 932   916  89.684958  1.066667
 932   931  969.600487  0.686093
 933   920  0.000000  0.274286
 933   934  251.301862  1.028594
 933   935  660.852194  0.514293
 934   916  251.301862  0.942878
 934   933  153.879848  1.028573
 934   943  0.000000  0.500000
 935   917  1664.199251  0.686661
 935   933  251.301862  0.514286
 935   936  660.852194  0.267520
 936   921  1278.531542  0.212036
 936   929  2178.376710  0.243998
 936   935  1915.501113  0.363498
 936    65  321.046136  0.866667
 937    18  1813.425745  0.916667
 937   917  0.000000  0.600000
 937   936  2627.731492  0.246172
 937   938  0.000000  0.240000
 938    18  702.065576  0.916667
 938   937  0.000000  0.240000
 938   939  103.177551  0.700000
 938   942  5026.423658  0.317770
 939   922  880.674369  0.533346
 939   926  2939.035948  0.536068
 939   938  225.360558  0.700018
 940   921  5316.908760  0.340139
 940   927  79.861405  0.600000
 940    73  510.244452  0.583333
 941   940  3376.017202  0.240310
 941   944  2766.456452  1.081408
 942   912  5125.882216  0.218230
 942   926  1070.886273  0.600073
 942   944  2832.903298  0.686476
 943    21  187.386000  0.500000
 943   913  634.729665  0.773035
 943   915  384.899180  0.943024
 943   934  0.000000  0.500000
 944   659  5599.359750  2.117694
 945   912  2777.417463  0.171272
 945   930  2533.190470  1.074445
 946    18  36.866786  0.916667
 946   912  95.635469  0.857143
 946   914  0.000000  0.257143
 946   592  2888.388714  1.343154
 947   948  175.182511  1.400011
 947    63  251.499469  0.533333
 947  1011  40.809410  1.457143
 947  1013  104.960655  1.160000
 948   922  248.731758  0.466686
 948   947  215.603108  1.400029
 948   955  281.871034  2.314374
 949   953  1033.783548  1.004347
 949   959  547.922255  0.500117
 949    71  926.201170  0.833333
 950   958  2168.119741  0.806596
 950   983  260.113027  0.760004
 950   990  442.287103  0.200183
 951   952  1047.136498  1.544102
 951   956  0.000000  0.600000
 951    72  1541.818976  0.916667
 951  1010  238.782458  0.428572
 952   951  1254.291434  1.545885
 952   958  0.000000  0.600000
 952   982  971.675626  0.342859
 952   985  591.254338  0.325730
 953   949  888.598506  1.002166
 953   956  0.000000  2.420000
 953   957  1033.783548  0.602608
 954    91  84.535558  0.833333
 954   957  175.900000  0.800001
 955   948  73.549247  2.314286
 955   957  1317.023540  1.160770
 955  1005  168.881000  1.400001
 956   951  0.000000  0.600000
 956   953  0.000000  2.420000
 956   957  0.000000  2.300000
 957   953  888.598506  0.601300
 957   954  84.535558  0.800000
 957   955  242.430247  1.100025
 957   956  0.000000  2.300000
 957    72  1530.472024  0.916667
 958   952  906.513313  0.600003
 958   960  0.000000  1.200000
 958    71  1272.157928  0.833333
 959   906  1.245749  0.500000
 959   949  1461.941718  0.510714
 959   960  5.756506  0.514286
 959    70  540.920000  0.833333
 960   910  0.000000  0.257143
 960   958  10.551500  1.200000
 960    70  0.000000  0.833333
 961   858  1136.102278  0.326107
 961   963  88.912631  0.925714
 961   964  3422.429749  0.688765
 961    33  1458.911221  1.083333
 962   786  555.022892  1.375854
 962   856  1816.128553  0.641989
 962   974  235.800000  0.306667
 962    34  1014.104375  0.916667
 963   860  2125.793501  0.316708
 963   961  749.239490  0.925858
 963   965  2118.419615  0.998705
 963    33  1114.194881  1.083333
 964   859  4671.826815  0.366283
 964   961  2340.421631  0.684008
 964   965  2552.347983  0.423876
 964   969  3172.458602  0.144000
 964    34  905.815649  0.916667
 965   867  1824.520956  0.668141
 965   963  3040.509750  1.099831
 965   964  3994.421873  0.574888
 965   970  1029.260732  0.293642
 966   971  110.465294  0.240000
 966   973  2489.336077  0.384000
 966   974  1732.282857  0.134754
 966    35  918.922525  0.750000
 967   970  917.285669  0.560353
 967   971  437.393468  0.333341
 967   978  2166.297180  0.384000
 967    34  442.753915  0.916667
 968   859  0.000000  0.342857
 968   969  692.596321  0.171977
 969   964  692.596321  0.144000
 969   966  3172.458602  0.600000
 970   867  0.000000  0.514286
 970   965  917.285669  0.293518
 970   967  1029.260732  0.560590
 971   966  983.033087  0.240206
 971   967  960.327289  0.333591
 972   759  3066.978027  0.268319
 973   972  2489.336077  0.120000
 973   976  0.000000  0.257143
 974   962  1607.109951  0.309008
 974   966  235.800000  0.133334
 974   968  692.596321  0.685717
 975   972  577.641950  0.257480
 975   976  1729.345950  0.120000
 976   971  1395.501614  0.360000
 976   978  333.844335  0.514331
 977   760  2384.774065  0.204000
 977   975  577.641950  0.514959
 978   864  333.844335  0.257144
 978   977  2166.297180  0.120000
 979   257  260.846893  0.685732
 979   263  3552.481353  1.212808
 979   987  525.604679  0.686278
 979   992  866.607626  0.514449
 979    54  204.169000  0.833333
 979    55  261.979000  0.633333
 980   889  1405.933809  0.806121
 980   986  913.831264  0.548798
 980   992  2120.089508  1.231225
 980  1002  61.046612  0.700000
 980  1003  347.820242  0.300056
 981   991  1588.828084  0.601595
 981   995  202.701119  0.900014
 981  1004  0.000000  2.100000
 982   984  37.240000  1.320000
 982   985  711.855237  0.600125
 982   991  1283.207858  0.430401
 982    69  150.330921  0.583333
 983   950  1107.496485  0.761207
 983   986  2710.783107  1.081066
 983  1004  0.000000  1.800000
 983    70  1705.898768  0.833333
 984   982  132.497272  1.320000
 984   988  1872.312810  1.121275
 985   950  286.617027  0.600046
 985   952  863.571587  0.325816
 985    69  99.812079  0.583333
 985    71  765.161902  0.833333
 986   980  1644.171926  0.552654
 986   983  1405.793883  0.997707
 986  1004  0.000000  1.200000
 986    59  388.619322  0.500000
 986    68  1006.187000  0.950000
 987   979  747.931167  0.688918
 987   992  0.000000  0.600000
 987   993  368.345921  0.857265
 987  1003  157.258758  1.300006
 988   989  0.000000  0.671642
 988   996  3085.459417  0.901517
 988   997  1858.190334  0.898962
 989   988  2193.644941  0.671757
 990   950  1476.406358  0.247081
 990   984  1967.570082  0.606072
 991   981  202.701119  0.500008
 991   982  729.688886  0.402262
 991   996  2224.698023  1.039372
 992   979  2545.103687  0.547190
 992   980  823.893057  1.200297
 992   987  0.000000  0.600000
 992    57  42.714570  0.533333
 993   987  262.349119  0.857166
 993   994  0.000000  1.200000
 993  1000  464.280618  0.343010
 993  1003  0.827000  0.900000
 994   993  0.000000  1.200000
 994    67  0.000000  0.833333
 995   981  1588.828084  1.082870
 995    67  57.945970  0.833333
 995  1000  263.176119  0.771450
 995  1001  14.092775  0.700000
 996   907  5409.031549  0.144733
 996   991  285.052086  1.000003
 996    67  96.946030  0.833333
 997   999  1858.190334  0.494429
 998   989  2193.644941  1.597655
 998    66  87.123000  0.583333
 999    94  264.617334  0.833333
 999    95  1005.162000  0.833333
 999    97  492.248000  0.833333
 999   110  18.233000  0.833333
 999   998  1527.483941  0.276743
1000   993  263.176119  0.342866
1000   995  464.280618  0.771773
1000  1002  0.000000  1.000000
1001   995  1182.493437  0.759314
1001  1002  14.092775  0.500000
1001  1004  0.000000  1.050000
1002   980  0.822775  0.700000
1002    68  13.270000  0.950000
1002  1000  0.000000  1.000000
1002  1001  1182.493437  0.542367
1003   980  1327.970688  0.326699
1003   987  485.582048  1.301128
1003   993  95.934697  0.900000
1003    57  77.341000  0.533333
1003    68  500.745000  0.950000
1004   981  0.000000  2.100000
1004   983  0.000000  1.800000
1004   986  0.000000  1.200000
1004  1001  0.000000  1.050000
1005    91  680.605984  0.833333
1005    92  138.310000  0.833333
1005    93  106.710000  0.833333
1005    96  5.847000  0.833333
1005    99  0.000000  0.833333
1005   928  5584.316413  0.868188
1005   955  1035.152506  1.406123
1006   941  6142.473654  1.515398
1007    92  1872.115000  0.833333
1007    93  1215.424000  0.833333
1007    96  84.718000  0.833333
1007    99  20.828000  0.833333
1007   100  1066.985000  0.833333
1007  1006  6.969318  0.242424
1009    98  965.027000  0.833333
1009   102  5023.899000  0.833333
1009   248  528.388000  2.418808
1009   250  734.081136  4.484095
1010    91  238.782458  0.833333
1010   951  1150.940745  0.429122
1011   959  23.371178  1.200000
1011  1012  17.438232  0.120000
1012   904  17.438232  0.120000
1013   630  3003.822654  0.823631
1013   925  0.000000  0.480000
1013   926  2437.582053  0.559278
1013   947  76.705770  1.160000
1014   448  0.000000  0.377143
1014  1015  1877.155084  0.324000
1015   825  1234.383878  0.703030
1015  1016  1877.155084  0.324000
1016   336  7405.159986  0.349877
1016   824  6252.080482  0.611745
1016  1017  661.274724  0.168000
1017   836  3241.735391  0.565133
1018   259  1174.100854  0.800303
1018   645  1299.348555  0.266797
1018  1019  5484.846644  0.216429
1019   635  882.323981  0.266808
1019   740  3144.716175  0.537027
1019   873  6073.655759  0.921767
1019  1018  1806.498001  0.200118
1020    74  238.574506  0.833333
1020   304  17.249622  2.000000
1020   306  3258.901976  1.012196
