<METADATA>
<Number of Links> 914
<Total Flows> 104694.400000

<LINKS>
~ Init node | Term node | Flow | Cost
   1   117  7074.900000  1.152920
   2    87  9662.500000  1.307773
   3    74  7669.000000  1.176694
   4   233  12173.800000  1.638023
   5   165  2586.800000  1.091575
   6   213  6576.600000  1.137096
   7   253  7137.100000  1.155146
   8   411  722.100000  1.000048
   9   379  1430.489797  1.000738
   9   395  807.010203  1.000075
  10   338  104.889372  1.000000
  10   362  44.410628  1.000000
  11   309  485.800000  1.000010
  12   275  488.200000  1.000010
  13   262  37.000000  1.000000
  14   257  125.200000  1.000000
  15   254  407.100000  1.000005
  16   263  249.000000  1.000001
  17   276  648.300000  1.000031
  18   322  2218.379210  1.004272
  18   348  650.420790  1.000032
  19   364  723.513345  1.000048
  19   380  314.486655  1.000002
  20   397  503.600000  1.000011
  21   412  1347.000000  1.000581
  21   413  1294.800000  1.000496
  22   414  375.116670  1.000003
  22   415  1149.283330  1.000308
  23   416  1522.500000  1.000948
  24   266  5496.480793  0.149879
  24   267  4202.198154  0.149345
  25   268  6037.741640  0.150249
  25   269  5054.727214  0.149648
  26   273  4485.500586  0.149428
  26   274  1420.719579  0.149072
  27   302  2518.572581  0.149104
  27   303  3062.199246  0.149146
  28   303  3005.403970  0.149141
  28   304  3862.577906  0.149266
  29   308  7383.437942  0.151708
  29   337  8036.193321  0.152753
  30   340  2703.850226  0.149116
  30   341  2968.439132  0.149137
  31   329  3774.526803  0.149248
  31   330  3644.682604  0.149225
  32   332  2762.683841  0.149120
  32   333  1511.042613  0.149073
  33   337  7465.663599  0.151827
  33   361  6509.086817  0.150653
  34   369  3945.016857  0.149283
  34   385  2363.458059  0.149096
  35   373  2580.480649  0.149108
  35   389  1705.176331  0.149076
  36   378  3577.794996  0.149213
  36   394  4145.914429  0.149325
  37   401  6222.150909  0.150397
  37   402  1843.542938  0.149079
  38   406  5735.576872  0.150027
  38   407  3407.650019  0.149188
  39   266  0.000000  1.459848
  39   267  0.000000  1.459848
  40   268  0.000000  1.320076
  40   269  0.000000  1.320076
  41   273  0.000000  1.000000
  41   274  0.000000  1.000000
  42   302  0.000000  1.000000
  42   303  0.000000  1.000000
  43   303  0.000000  1.540152
  43   304  0.000000  1.540152
  44   308  0.000000  1.000000
  44   337  0.000000  3.000000
  45   340  0.000000  1.000000
  45   341  0.000000  1.000000
  46   329  0.000000  1.000000
  46   330  0.000000  1.000000
  47   332  0.000000  0.920076
  47   333  0.000000  0.940152
  48   337  0.000000  1.000000
  48   361  0.000000  1.000000
  49   369  0.000000  1.000000
  49   385  0.000000  1.000000
  50   373  0.000000  1.000000
  50   389  0.000000  1.000000
  51   378  0.000000  1.000000
  51   394  0.000000  1.000000
  52   401  0.000000  1.000000
  52   402  0.000000  1.000000
  53   406  0.000000  1.079924
  53   407  0.000000  1.059848
  54    56  610.468829  0.333334
  54   230  114.775602  0.333333
  55    59  2494.981801  0.333629
  56   102  1995.365387  0.333454
  57    54  725.244431  0.333335
  57   235  1676.183436  0.333393
  58   137  2405.869926  0.333589
  58   145  4669.266167  0.336956
  59   146  2495.073862  0.333629
  60   102  0.162948  0.333333
  60   230  2184.783025  0.333507
  61   136  1892.264237  0.333430
  62     2  13602.200000  1.943887
  63    62  13602.200000  3.174023
  64    63  5866.479798  0.581237
  64   189  37.055503  0.333333
  65    64  5903.535302  0.372668
  66    65  5903.535302  0.244549
  67    66  4577.674679  0.279287
  67   260  0.021589  0.500000
  68    67  4577.696268  1.798650
  69    68  4523.810923  0.278978
  69   258  10.996179  0.500000
  70    69  4534.807101  1.439805
  71    70  4472.006027  0.278692
  71   255  2256.501755  0.685231
  72    71  6728.507782  0.303772
  73    72  1480.704593  0.468940
  73   141  6188.295407  0.360618
  74    73  7669.000000  1.300994
  75     3  5676.600000  1.116346
  76    75  5676.600000  1.153659
  77    76  2169.113621  0.469394
  77   141  1869.183550  0.333562
  78    77  4038.297171  0.276675
  79    78  2298.852307  0.273042
  79   256  567.343356  0.500740
  80    79  2866.195664  1.411973
  81    80  2854.755931  0.273630
  81   259  1.005637  0.500000
  82    81  2855.761569  1.762227
  83    82  2855.740781  0.273631
  83   261  1210.175549  0.515405
  84    83  4065.916330  0.232548
  85    84  4065.916330  0.354379
  86    85  4065.911701  0.553587
  86   189  5596.588299  0.351522
  87    86  9662.500000  1.621011
  88     1  8328.000000  1.210379
  89    88  8328.000000  1.383233
  90    89  5401.870242  0.285571
  90   293  202.602307  0.500012
  91    90  5604.472549  0.241651
  92    91  5604.472549  0.333604
  93    92  2683.143981  0.350047
  93   183  1518.810732  0.333432
  93   195  10.887346  0.333333
  94    93  4212.842059  0.710184
  95    94  1995.528335  0.272856
  95   290  0.000000  0.500000
  96    95  1995.528335  1.244182
  97    96  1995.528335  0.272856
  97   288  0.000000  0.500000
  98    97  1995.528335  0.622194
  99    98  1995.528335  0.272856
  99   283  0.000000  0.500000
 100    99  1995.528335  0.392954
 101   100  1995.528335  0.272856
 101   278  0.000000  0.500000
 102   101  1995.528335  0.774952
 103    59  0.092061  0.333333
 103    61  1892.264237  0.333430
 103   237  1278.161420  0.333354
 104   103  3170.517718  0.778614
 105   104  3170.517718  0.274145
 105   279  0.000000  0.500000
 106   105  3170.517718  0.394811
 107   106  3170.517718  0.274145
 107   284  0.000000  0.500000
 108   107  3170.517718  0.625134
 109   108  3170.517718  0.274145
 109   289  0.002119  0.500000
 110   109  3170.519837  1.250061
 111   110  3170.519837  0.274145
 111   291  895.071086  0.504586
 112   111  4065.590923  0.708456
 113   112  1751.564859  0.349213
 113   183  1.661142  0.333333
 113   195  3533.110752  0.336231
 114   113  5286.336752  0.329983
 115   114  5286.336752  0.239028
 116   115  4409.948233  0.278377
 116   294  2664.951767  0.859627
 117   116  7074.900000  1.242952
 118     5  4644.200000  1.102056
 119   118  4644.200000  1.118773
 120   119  3103.312797  0.274026
 120   400  3246.058695  1.294508
 121   120  6349.371492  0.594731
 122   121  6349.371492  0.678084
 123   122  6211.187297  0.295281
 123   382  2.150312  0.500000
 124   123  6213.337609  0.933142
 125   124  6213.337609  0.295312
 125   366  865.191212  0.504003
 126   125  7078.528821  0.982223
 127   126  6428.221449  0.298618
 127   350  0.000000  0.500000
 128   127  6428.221449  0.680940
 129   128  6428.221449  0.346352
 130   129  5919.728608  0.291317
 130   324  1526.232770  0.538692
 131   130  7445.961378  1.009263
 132   131  7445.945431  0.370458
 132   314  95.432573  0.500001
 133   132  7541.378004  0.553514
 134   133  7541.378004  0.412087
 135   134  7164.294200  0.312732
 135   298  467.992437  0.500343
 136   135  7632.286637  0.181550
 137   136  5740.022400  0.670834
 138    60  2184.945973  0.333507
 138   137  3334.152474  0.131846
 138   236  3745.338580  0.334833
 139   138  9264.437027  1.539796
 140   139  6500.645147  0.299843
 140   265  1556.833810  0.541970
 141   140  8057.478957  1.158840
 142    72  5247.803189  0.347426
 142    76  3507.486379  0.336149
 143   142  8755.289568  1.245193
 144   143  8730.637849  0.360957
 144   264  1991.974003  0.612488
 145   144  10722.611852  1.553676
 146   145  6053.345686  0.128975
 147    57  2401.427867  0.333587
 147   146  3558.271823  0.770138
 148   147  5959.699690  0.245147
 149   148  5488.466284  0.286406
 149   297  250.997195  0.500028
 150   149  5739.463479  0.370145
 151   150  5739.463479  0.242894
 152   151  4352.446898  0.634096
 152   310  119.697707  0.500001
 153   152  4472.144605  0.713433
 154   153  3013.068193  0.273869
 154   323  342.354421  0.500098
 155   154  3355.422614  0.318429
 156   155  3355.422614  0.626042
 157   156  3355.422614  0.274543
 157   349  457.632479  0.500313
 158   157  3813.055092  0.871585
 159   158  3006.060737  0.273857
 159   365  0.000000  0.500000
 160   159  3006.060737  0.865347
 161   160  3006.060737  0.273857
 161   381  253.681566  0.500030
 162   161  3259.742302  0.625562
 163   162  3259.742302  0.548665
 164   163  1787.934455  0.272770
 164   399  798.865545  0.502910
 165   164  2586.800000  1.093184
 166     6  6522.200000  1.135572
 167   166  6522.200000  1.200599
 168   167  5483.056885  0.286368
 168   409  1757.428815  0.566482
 169   168  7240.485699  0.892328
 170   169  5033.832990  0.361430
 171   170  2619.297120  0.065646
 171   216  215.271456  0.333333
 172   171  2834.568576  0.284615
 172   393  0.000000  0.500000
 173   172  2834.568576  0.503517
 174   173  2834.568576  0.229889
 175   174  2834.568576  0.273628
 175   377  224.548523  0.500018
 176   175  3059.117099  0.821959
 177   176  1005.231762  0.272631
 177   360  0.000000  0.500000
 178   177  1005.231762  0.817892
 179   178  920.670942  0.272626
 179   336  1.335397  0.500000
 180   179  922.006339  1.908382
 181   180  922.006339  0.272626
 181   307  3224.857623  1.266155
 182   181  4146.863962  0.155142
 183   182  4146.863962  0.399086
 184    92  2105.589804  0.333695
 184   112  2314.026065  0.333862
 184   183  2626.392088  0.393649
 185   184  7046.007957  0.842842
 186   185  7046.007957  0.446307
 187   186  5464.777526  0.286136
 187   272  168.866276  0.500006
 188   187  5633.643802  0.944362
 189   188  5633.643802  0.817647
 190    63  7735.720202  0.400012
 190    85  0.004629  0.333333
 191   190  7735.724830  0.929149
 192   191  7735.724830  1.073143
 193   192  7288.511440  0.315591
 193   271  1507.893819  0.536706
 194   193  8796.405259  0.523759
 195   194  8796.405259  0.989108
 196    92  815.738764  0.333342
 196   112  0.000000  0.333333
 196   195  5252.407161  0.409279
 197   196  6068.145925  0.422310
 198   197  6068.145925  0.164170
 199   198  3779.158107  0.275710
 199   306  0.000000  0.500000
 200   199  3779.158107  1.929973
 201   200  3537.252890  0.274990
 201   335  169.167157  0.500006
 202   201  3706.420046  0.826436
 203   202  3706.420046  0.275479
 203   359  1956.736596  0.605749
 204   203  5663.156643  0.864873
 205   204  5156.205030  0.283390
 205   376  0.178480  0.500000
 206   205  5156.383510  0.238091
 207   206  5156.383510  0.521483
 208   207  5156.383510  0.294770
 209   208  2264.877920  0.065565
 209   392  2443.668909  0.751858
 210   209  4708.546829  0.358567
 210   250  2139.981028  0.333724
 211   210  6848.527857  0.869078
 212   211  4819.551726  0.280825
 212   408  1757.048274  0.568089
 213   212  6576.600000  1.204320
 214     7  4983.600000  1.105837
 215   214  4983.600000  1.105837
 216   215  2178.318903  0.392809
 217   169  2206.652709  0.333774
 217   216  1963.047447  0.589006
 218   217  4169.700156  0.285520
 218   392  431.042977  0.500247
 219   218  4600.743133  0.782198
 220   219  4272.986814  0.505476
 220   363  0.555107  0.500000
 221   220  4273.541922  1.175771
 222   221  4273.541922  0.318603
 223   222  4157.853384  0.428143
 223   346  1404.603986  0.527807
 224   223  5562.457371  0.991707
 225   224  4168.978937  0.625937
 225   330  998.106290  0.507091
 226   225  5167.085227  0.953119
 227   226  5017.771225  0.398296
 227   311  123.121936  0.500002
 228   227  5140.893161  1.107885
 229   228  5107.832856  0.476116
 229   277  905.493120  0.504781
 230   229  6013.325976  0.123579
 231    56  1384.896558  0.333361
 231   230  3713.767349  0.295787
 232    58  7075.136093  0.352430
 232   231  5098.663907  0.321077
 233   232  12173.800000  1.638023
 234     4  10223.900000  1.362852
 235   234  10223.900000  1.362852
 236   235  8547.716564  0.134636
 237   236  4802.377984  0.253772
 238    55  2494.981801  0.333629
 238    61  0.000000  0.333333
 238   237  3524.216564  0.229845
 239   238  6019.198365  0.235911
 240   239  4786.337326  0.474440
 240   299  350.435146  0.500108
 241   240  5136.772472  0.952764
 242   241  4135.305856  0.625800
 242   317  225.420836  0.500018
 243   242  4360.726692  0.945589
 244   243  4360.716978  0.395852
 244   339  1770.361705  0.570265
 245   244  6131.078683  1.080713
 246   245  4323.489665  0.626612
 246   347  0.000000  0.500000
 247   246  4323.489665  1.176199
 248   247  4322.595412  0.395742
 248   374  234.474263  0.500022
 249   248  4557.069676  0.903080
 250   249  4492.003697  0.363118
 251   250  2352.022669  0.054561
 251   391  1893.571740  0.591858
 252   208  2891.505591  0.334634
 252   251  4245.594409  0.527225
 253   252  7137.100000  1.155146
 254    15  3703.300000  1.033180
 254   255  407.100000  2.000010
 255    70  62.801075  0.500000
 255   254  3703.300000  2.066359
 255   256  344.483816  0.500001
 256    78  1739.444863  0.565406
 256   255  1446.983135  0.500387
 256   266  123.775141  1.920076
 257    14  37.000000  1.000000
 257   258  125.200000  2.000000
 258    68  53.885346  0.500000
 258   257  37.000000  2.000000
 258   259  71.343685  0.500000
 259    80  11.439732  0.500000
 259   258  26.032852  0.500000
 259   267  59.904962  1.920076
 260    66  1325.860622  0.522085
 260   261  0.021589  0.500000
 261    82  0.020788  0.500000
 261   260  1325.860622  0.500273
 261   269  1210.197138  1.860556
 262    13  592.800000  1.000022
 262   273  37.000000  2.000000
 263    16  241.500000  1.000001
 263   264  249.000000  2.000001
 264   143  24.651719  0.500000
 264   263  241.500000  2.000001
 264   265  2055.803928  0.501575
 265   139  2763.791880  0.917837
 265   264  80.981643  0.500000
 265   266  3466.447506  1.025472
 266    24  4259.574651  0.149360
 266    39  0.000000  1.459848
 266   256  2398.375968  1.931283
 266   265  2698.583292  1.009378
 266   277  399.747230  3.579940
 267    24  5710.304296  0.150013
 267    39  0.000000  1.459848
 267   259  25.028223  1.920076
 267   268  4082.688303  1.049018
 267   281  132.783373  1.640152
 268    25  4970.020281  0.149610
 268    40  0.000000  1.320076
 268   267  5497.483584  1.161319
 268   287  540.261089  1.720102
 269    25  5948.948573  0.150181
 269    40  0.000000  1.320076
 269   261  1325.881410  1.860863
 269   270  1331.805307  1.000546
 269   290  2397.193036  2.514692
 270   269  4521.759136  1.073749
 270   271  1331.805307  0.580241
 271   192  447.213390  0.500286
 271   270  4521.759136  0.622693
 271   272  1331.805307  0.500273
 272   186  1581.230431  0.544073
 272   271  3461.078708  0.512692
 272   273  546.272105  2.279960
 273    26  559.520600  0.149068
 273    41  0.000000  1.000000
 273   262  592.800000  2.000044
 273   272  4087.909661  0.293746
 273   292  96.049099  2.000000
 274    26  3052.799565  0.149146
 274    41  0.000000  1.000000
 274   275  501.600000  2.000022
 274   293  1458.731783  1.421210
 275    12  501.600000  1.000011
 275   274  488.200000  2.000020
 276    17  1184.000000  1.000347
 276   296  648.300000  2.000062
 277   228  33.060305  0.500000
 277   266  669.577701  3.580051
 277   299  1272.146668  0.720407
 278   100  0.000000  0.500000
 278   279  0.000000  0.500000
 279   104  0.000000  0.500000
 279   278  0.000000  0.500000
 279   280  0.000000  0.420076
 280   279  0.000000  0.420076
 280   300  0.000000  0.420076
 281   267  191.217495  1.640152
 281   282  132.783373  0.579924
 282   281  191.217495  0.579924
 282   283  132.783373  0.359849
 283    98  0.000000  0.500000
 283   282  191.217495  0.359849
 283   284  132.783373  0.500000
 284   106  0.000000  0.500000
 284   283  191.217495  0.500000
 284   285  132.783373  0.279924
 285   284  191.217495  0.279924
 285   286  132.783373  0.579924
 286   285  191.217495  0.579924
 286   302  132.783373  0.420076
 287   268  887.335011  1.720264
 287   288  540.261089  0.720087
 288    96  0.000000  0.500000
 288   287  887.335011  0.720155
 288   289  540.261089  0.500008
 289   108  0.000000  0.500000
 289   288  887.335011  0.500055
 289   303  540.263209  1.220094
 290    94  2217.313724  0.674372
 290   269  217.144838  2.500001
 290   291  191.422753  0.500000
 291   110  0.000000  0.500000
 291   290  228.688279  0.500000
 291   304  1086.466442  1.280239
 292   273  267.506668  2.000002
 292   305  96.049099  1.859849
 293    89  2926.129758  1.023815
 293   274  3104.211770  1.443408
 293   294  1190.633492  0.500177
 294   115  876.388519  0.504206
 294   293  5559.640931  0.584417
 294   295  3738.526950  0.289558
 295   294  6318.971139  0.358752
 295   308  3738.526950  0.744856
 296   276  1184.000000  2.000693
 296   297  593.748157  0.420085
 296   310  54.561890  1.579924
 297   148  471.233407  0.500352
 297   296  893.996810  0.420123
 297   298  373.511945  0.500002
 298   134  377.083804  0.500144
 298   297  893.996810  0.500056
 298   299  308.372826  1.140153
 299   239  1232.861039  0.516505
 299   277  669.544323  0.720101
 299   298  737.949058  1.140211
 299   300  1050.801867  1.000214
 299   315  529.705476  1.920102
 300   280  0.000000  0.420076
 300   299  1666.392148  1.001360
 300   301  1050.800803  0.500107
 300   316  0.002064  1.920076
 301   300  1666.392974  0.500680
 301   302  1050.800803  0.500107
 302    27  2925.746137  0.149133
 302    42  0.000000  1.000000
 302   286  191.217495  0.420076
 302   301  1666.392974  0.500680
 302   311  691.365309  1.140197
 303    27  2459.025690  0.149101
 303    28  3720.566200  0.149239
 303    42  0.000000  1.000000
 303    43  0.000000  1.540152
 303   289  887.335011  1.220209
 303   319  685.269265  2.140235
 304    28  2343.415677  0.149095
 304    43  0.000000  1.540152
 304   291  228.660883  1.279925
 304   305  3816.762835  0.954567
 304   312  225.675908  0.279924
 305   292  267.506668  1.859850
 305   304  1349.571326  0.920614
 305   306  3549.434833  0.740267
 305   321  0.182744  3.279924
 306   198  2288.987817  0.696797
 306   305  1253.638689  0.720390
 306   307  1335.410109  0.500280
 307   180  0.000000  0.500000
 307   306  1328.601782  0.500275
 307   308  4560.267732  0.537916
 308    29  8483.459702  0.153646
 308    44  0.000000  1.000000
 308   295  6318.971139  0.922851
 308   307  1328.601782  0.500275
 308   309  37.000000  2.000000
 309    11  37.000000  1.000000
 309   308  485.800000  2.000020
 310   151  1387.016581  0.526317
 310   296  290.013236  1.579926
 310   313  54.561890  0.279924
 311   226  149.314001  0.500004
 311   302  1772.565158  1.142148
 311   317  542.055358  0.720087
 312   304  315.899627  0.279925
 312   320  225.675908  2.720077
 313   310  1557.332110  0.280213
 313   314  0.023609  0.779924
 313   325  150.062008  1.720076
 314   131  0.015947  0.500000
 314   313  95.500119  0.279924
 314   315  0.023609  1.640152
 315   299  623.514976  1.920127
 315   314  0.083493  1.720076
 315   316  0.012891  2.579924
 315   327  667.504691  1.079962
 316   300  0.000174  1.920076
 316   315  137.882708  1.000000
 316   317  1343.043057  0.860344
 316   328  325.032721  1.079926
 317   241  1001.466616  0.507187
 317   311  1649.447272  0.721019
 317   316  462.914602  1.000008
 317   318  0.014309  1.140152
 317   329  79.157671  1.079924
 318   317  0.038816  1.140152
 318   319  0.014309  1.000000
 319   303  1144.329741  2.140799
 319   318  0.038816  0.859848
 319   320  27.862625  1.000000
 319   330  657.460045  0.859877
 320   312  315.899627  2.720081
 320   319  0.050467  2.579924
 320   321  0.045238  1.720076
 320   332  253.493294  0.720076
 321   305  0.244949  3.279924
 321   320  0.042229  1.640152
 321   333  0.157382  0.720076
 321   334  0.009582  0.279924
 322    18  1692.550054  1.001448
 322   323  2218.379210  2.008545
 323   153  1459.076412  0.532380
 323   322  1692.550054  2.002895
 323   324  1101.657219  0.500130
 324   129  508.492842  0.500478
 324   323  1692.550054  0.500724
 324   325  1579.165833  0.580559
 325   313  1557.355719  1.721853
 325   324  1152.318740  0.580105
 325   326  0.003658  0.859848
 325   340  1723.408296  0.360409
 326   325  0.003966  0.859848
 326   327  0.003658  1.579924
 327   315  623.504258  1.079953
 327   326  0.003966  1.579924
 327   328  969.032216  1.000161
 327   341  1404.130313  1.000700
 328   316  1343.029102  1.080547
 328   327  736.629588  1.000054
 328   329  1146.468185  1.000315
 328   342  951.155208  1.000147
 329    31  2760.495382  0.149120
 329    46  0.000000  1.000000
 329   317  1082.442403  1.080186
 329   328  1362.752076  1.000628
 329   343  1423.586742  1.000702
 330    31  5367.514025  0.149805
 330    46  0.000000  1.000000
 330   224  1393.478434  0.526938
 330   319  1144.357186  0.860109
 330   331  1309.353825  0.420294
 330   339  0.016227  0.640152
 331   330  2144.091401  0.421640
 331   332  1309.353825  1.921072
 332    32  1698.439296  0.149076
 332    47  0.000000  0.920076
 332   320  315.907866  0.720077
 332   331  2144.091401  1.927227
 332   345  302.684574  0.720077
 333    32  1912.387157  0.149080
 333    47  0.000000  0.940152
 333   321  0.219435  0.720076
 333   334  1511.028156  0.420462
 333   358  0.162327  2.079924
 334   321  0.006725  0.779924
 334   333  1912.364924  0.421066
 334   335  1511.037738  0.280182
 335   200  241.905218  0.500024
 335   334  1912.371649  0.280584
 335   336  1269.132520  0.500229
 336   178  84.560820  0.500000
 336   335  1743.204492  0.500813
 336   337  1184.571700  0.500174
 337    29  7653.271562  0.152116
 337    33  6594.230053  0.150738
 337    44  0.000000  3.000000
 337    48  0.000000  1.000000
 337   336  1741.869095  0.500811
 337   338  801.947281  2.000146
 338    10  801.947281  1.000073
 338   337  104.889372  2.000000
 339   243  0.009714  0.500000
 339   330  1770.379356  0.641262
 339   344  0.016227  0.420076
 340    30  1723.357057  0.149076
 340    45  0.000000  1.000000
 340   325  2703.854607  0.363233
 340   351  0.082755  1.720076
 341    30  3690.432300  0.149233
 341    45  0.000000  1.000000
 341   327  1592.532816  1.001158
 341   342  1138.992336  1.000290
 341   353  913.804129  2.000246
 342   328  1520.465071  1.000950
 342   341  1325.002385  1.000532
 342   343  627.309748  1.000026
 342   354  418.524165  2.000011
 343   329  1629.123944  1.001215
 343   342  792.371341  1.000066
 343   344  0.023422  2.000000
 343   355  631.218883  2.000055
 344   339  0.027365  0.420076
 344   343  0.014188  2.000000
 344   356  0.039649  2.000000
 345   332  135.592177  0.720076
 345   346  302.684574  0.640152
 346   222  115.688537  0.500001
 346   345  135.592177  0.640152
 346   347  1591.600023  1.081147
 347   245  1807.589019  0.576272
 347   346  135.592177  1.079924
 347   357  1591.600023  0.280241
 348    18  457.649946  1.000008
 348   349  650.420790  2.000063
 349   156  0.000000  0.500000
 349   348  457.649946  2.000015
 349   350  650.420790  0.500016
 350   126  650.307371  0.501278
 350   349  0.017467  0.500000
 350   351  0.113419  0.859848
 351   340  0.035898  1.720076
 351   350  0.017467  0.859848
 351   352  0.010593  0.720076
 351   367  0.191922  2.000000
 352   351  0.010362  0.720076
 352   353  0.010593  1.420076
 353   341  1638.189751  2.002542
 353   352  0.010362  1.420076
 353   354  176.402728  1.000000
 353   369  924.699207  2.000258
 354   342  1008.782483  2.000366
 354   353  10.900847  1.000000
 354   355  184.983511  1.000000
 354   370  549.035696  2.000033
 355   343  1001.826912  2.000354
 355   354  141.412378  1.000000
 355   356  0.058557  2.000000
 355   371  489.884447  2.000020
 356   344  0.041553  2.000000
 356   355  0.077942  2.000000
 356   357  0.074303  2.000000
 356   372  0.034016  2.000000
 357   347  1943.181196  0.280628
 357   356  0.089610  2.000000
 357   358  0.087160  2.000000
 357   373  1591.611373  2.002264
 358   333  0.232156  2.079924
 358   357  0.093823  2.000000
 358   359  7.318033  0.720076
 358   363  9.811966  1.720076
 359   202  0.000000  0.500000
 359   358  9.779625  0.720076
 359   360  1964.054629  0.501325
 360   176  2053.885337  0.631008
 360   359  9.779625  0.500000
 360   361  1964.054629  0.501325
 361    33  6633.520362  0.150788
 361    48  0.000000  1.000000
 361   360  2063.664962  0.501648
 361   362  357.452719  2.000006
 361   378  4457.154220  2.136315
 362    10  357.452719  1.000003
 362   361  44.410628  2.000000
 363   358  7.426867  1.720076
 363   375  10.367074  0.279924
 364    19  863.698335  1.000098
 364   365  723.513345  2.000097
 365   158  806.994356  0.503030
 365   364  863.698335  2.000196
 365   366  61.815910  0.500000
 366   124  0.000000  0.500000
 366   365  1008.995256  0.500091
 366   367  133.122796  0.859849
 367   351  0.049344  2.000000
 367   366  215.110929  0.859849
 367   368  133.196233  0.720076
 367   384  0.089559  2.279924
 368   367  215.089402  0.720076
 368   369  133.196233  1.420076
 369    34  1986.757829  0.149082
 369    49  0.000000  1.000000
 369   353  1814.586479  2.003838
 369   368  215.089402  1.420076
 369   370  2046.644973  1.003086
 370   354  1017.363267  2.000379
 370   369  1060.166386  1.000223
 370   371  1029.307674  1.000196
 370   386  0.068398  2.000000
 371   355  816.901959  2.000155
 371   370  511.199087  1.000012
 371   372  389.618560  2.000008
 371   387  143.955691  2.000000
 372   356  0.039997  2.000000
 372   371  165.270331  2.000000
 372   373  389.618560  2.000008
 372   388  0.034016  2.000000
 373    35  1895.555355  0.149080
 373    50  0.000000  1.000000
 373   357  1943.201189  2.005031
 373   372  165.270331  2.000000
 373   374  1026.702640  1.420354
 374   247  0.894252  0.500000
 374   373  469.018933  1.420088
 374   375  1026.702640  0.580038
 375   219  327.756319  0.500082
 375   363  7.426867  0.279924
 375   374  235.438922  0.579925
 375   376  692.249850  0.720105
 375   390  0.071405  2.000000
 376   204  506.951612  0.500472
 376   375  225.720732  0.720076
 376   377  185.559209  0.500000
 377   174  0.000000  0.500000
 377   376  225.803224  0.500000
 377   378  185.829265  0.500000
 378    36  4319.871014  0.149371
 378    51  0.000000  1.000000
 378   361  4994.240189  2.218993
 378   377  1.524757  0.500000
 378   379  335.632318  2.000004
 379     9  335.632318  1.000002
 379   378  1430.489797  2.001475
 380    19  438.501665  1.000007
 380   381  314.486655  2.000003
 381   160  0.000000  0.500000
 381   380  438.501665  2.000013
 381   382  314.486655  0.500001
 382   122  138.184195  0.500003
 382   381  184.820099  0.500000
 382   383  178.676981  0.579924
 383   382  185.044308  0.579924
 383   384  178.676981  0.420076
 384   367  0.041945  2.279924
 384   383  185.044308  0.420076
 384   385  43.099019  2.000000
 384   401  135.803214  2.000000
 385    34  669.417087  0.149069
 385    49  0.000000  1.000000
 385   384  185.173781  2.000000
 385   386  650.427376  1.000032
 385   402  1848.243609  2.004117
 386   370  0.025968  2.000000
 386   385  594.427653  1.000022
 386   387  650.401408  1.000032
 386   403  0.190981  2.000000
 387   371  177.212844  2.000000
 387   386  594.550237  1.000022
 387   388  716.987020  2.000093
 387   404  265.730923  2.000002
 388   372  0.039997  2.000000
 388   387  716.325469  2.000093
 388   389  608.644955  2.000048
 388   405  108.376081  2.000000
 389    35  1551.401625  0.149073
 389    50  0.000000  1.000000
 389   388  641.264490  2.000060
 389   390  0.609712  2.000000
 389   406  1722.798948  2.003108
 390   375  0.152917  2.000000
 390   389  138.046396  2.000000
 390   391  577.379577  0.720090
 390   407  2299.581020  2.592863
 391   249  65.065979  0.500000
 391   390  2437.567485  0.724631
 391   392  1346.125297  0.420322
 392   207  0.000000  0.500000
 392   391  1377.807444  0.420351
 392   393  4220.673376  0.443541
 393   170  2414.535870  0.730167
 393   392  1377.643637  0.420351
 393   394  3576.376250  0.144186
 394    36  3435.738411  0.149192
 394    51  0.000000  1.000000
 394   393  3147.882381  0.142512
 394   395  497.167682  2.000022
 394   396  1768.384006  0.580922
 395     9  497.167682  1.000011
 395   394  807.010203  2.000150
 396   215  2805.281097  0.941800
 396   394  319.871598  0.579925
 396   410  19.755810  2.000000
 397    20  6087.100000  1.242191
 397   398  503.600000  2.000023
 398   397  6087.100000  2.484382
 398   399  503.600000  0.579931
 399   163  1471.807847  0.533525
 399   398  6087.100000  0.720377
 399   400  869.169590  0.500050
 400   119  1540.887203  0.540276
 400   399  7125.611893  0.727392
 400   401  1672.737117  0.140345
 401    37  1806.635147  0.149078
 401    52  0.000000  1.000000
 401   384  0.048165  2.000000
 401   400  6224.007928  0.177222
 402    37  6150.258700  0.150337
 402    52  0.000000  1.000000
 402   385  352.277122  2.000005
 402   403  918.500223  1.000126
 402   412  948.054209  2.000285
 403   386  0.000000  2.000000
 403   402  3330.303708  1.021664
 403   404  918.500223  1.000126
 404   387  243.798456  2.000001
 404   403  3330.112726  1.021659
 404   405  1969.501767  2.005309
 404   413  1111.845791  2.000539
 405   388  75.100975  2.000000
 405   404  4176.227594  2.107182
 405   406  1830.463086  2.003961
 405   414  247.414762  2.000001
 406    38  3901.518005  0.149274
 406    53  0.000000  1.079924
 406   389  1464.207093  2.001622
 406   405  3876.211900  2.079537
 406   415  1196.185238  2.000722
 407    38  6039.608886  0.150248
 407    53  0.000000  1.059848
 407   390  576.911306  2.579976
 407   408  3435.008147  1.106303
 407   416  387.900000  2.000008
 408   211  2028.976131  0.619968
 408   407  3209.697301  1.099871
 408   409  2036.350987  0.501517
 409   167  1039.143115  0.508331
 409   408  2082.967997  0.501626
 409   410  1042.876067  0.220122
 410   396  1376.524499  2.001267
 410   409  371.207378  0.220076
 410   411  37.000000  2.000000
 411     8  37.000000  1.000000
 411   410  722.100000  2.000096
 412    21  948.054209  1.000143
 412   402  1347.000000  2.001161
 413    21  1111.845791  1.000270
 413   404  1294.800000  2.000992
 414    22  247.414762  1.000001
 414   405  375.116670  2.000007
 415    22  1196.185238  1.000361
 415   406  1149.283330  2.000616
 416    23  387.900000  1.000004
 416   407  1522.500000  2.001896
