<METADATA>
<Number of Links> 914
<Total Flows> 104694.400000
<System Cost> 1418094.151959
<Optimal Objective> 1833630.672862

<LINKS>
~ Init node | Term node | Flow | Cost
   1   117  7074.900000  1.152920
   2    87  9662.500000  1.307773
   3    74  7669.000000  1.176694
   4   233  12173.800000  1.638023
   5   165  2586.800000  1.091575
   6   213  6576.600000  1.137096
   7   253  7137.100000  1.155146
   8   411  722.100000  1.000048
   9   379  1251.503752  1.000433
   9   395  985.996248  1.000167
  10   338  72.243164  1.000000
  10   362  77.056836  1.000000
  11   309  485.800000  1.000010
  12   275  488.200000  1.000010
  13   262  37.000000  1.000000
  14   257  125.200000  1.000000
  15   254  407.100000  1.000005
  16   263  249.000000  1.000001
  17   276  648.300000  1.000031
  18   322  2185.800000  1.004027
  18   348  683.000000  1.000038
  19   364  746.470275  1.000055
  19   380  291.529725  1.000001
  20   397  503.600000  1.000011
  21   412  1366.786880  1.000616
  21   413  1275.013120  1.000466
  22   414  534.913034  1.000014
  22   415  989.486966  1.000169
  23   416  1522.500000  1.000948
  24   266  200.349957  0.149068
  24   267  175.550043  0.149068
  25   268  4626.151087  0.149475
  25   269  3928.048913  0.149280
  26   273  2660.000000  0.149113
  26   274  315.000000  0.149068
  27   302  318.098127  0.149068
  27   303  229.601873  0.149068
  28   303  1445.352698  0.149072
  28   304  637.847302  0.149068
  29   308  746.736564  0.149069
  29   337  398.063436  0.149068
  30   340  1819.139581  0.149078
  30   341  1116.360419  0.149070
  31   329  1563.500000  0.149074
  31   330  2075.300000  0.149085
  32   332  1336.550860  0.149071
  32   333  721.349140  0.149069
  33   337  819.756062  0.149069
  33   361  963.443938  0.149069
  34   369  3886.450254  0.149271
  34   385  1435.749746  0.149072
  35   373  1514.652706  0.149073
  35   389  449.847294  0.149068
  36   378  484.003097  0.149068
  36   394  448.796903  0.149068
  37   401  225.768063  0.149068
  37   402  111.831937  0.149068
  38   406  551.927651  0.149068
  38   407  959.872349  0.149069
  39   266  21.841499  1.459848
  39   267  24.998410  1.459848
  40   268  37.641499  1.320076
  40   269  14.098410  1.320076
  41   273  297.484236  1.000001
  41   274  55.300000  1.000000
  42   302  381.629951  1.000004
  42   303  298.225026  1.000001
  43   303  5.600000  1.540152
  43   304  12.100000  1.540152
  44   308  340.260946  1.000002
  44   337  16.796518  3.000000
  45   340  91.153549  1.000000
  45   341  0.000000  1.000000
  46   329  296.877601  1.000001
  46   330  681.277652  1.000038
  47   332  150.809972  0.920076
  47   333  0.000000  0.940152
  48   337  307.685140  1.000002
  48   361  8.991954  1.000000
  49   369  81.800000  1.000000
  49   385  126.346700  1.000000
  50   373  535.507502  1.000015
  50   389  278.490120  1.000001
  51   378  77.876670  1.000000
  51   394  0.000000  1.000000
  52   401  3706.523580  1.033295
  52   402  1060.410472  1.000223
  53   406  1826.140406  1.082043
  53   407  1448.115651  1.060671
  54    56  1944.594963  0.333442
  54   230  556.595524  0.333334
  55    59  2783.887827  0.333791
  56   102  4453.069937  0.336330
  57    54  2501.190487  0.333632
  57   235  1287.800000  0.333354
  58   137  2291.070949  0.333543
  58   145  3788.300000  0.334903
  59   146  3209.844523  0.334142
  60   102  717.279402  0.333335
  60   230  2139.393498  0.333493
  61   136  3625.349737  0.334650
  62     2  13602.200000  1.943887
  63    62  13602.200000  3.174023
  64    63  6547.304891  0.601152
  64   189  427.909257  0.333334
  65    64  6975.214148  0.395146
  66    65  6975.214148  0.259300
  67    66  5742.914148  0.289166
  67   260  0.000000  0.500000
  68    67  5742.914148  1.862275
  69    68  5636.719270  0.287976
  69   258  739.091887  0.502132
  70    69  6375.811157  1.536395
  71    70  6216.403347  0.295338
  71   255  2360.201736  0.721702
  72    71  8576.605084  0.354948
  73    72  2498.012788  0.469833
  73   141  5170.987212  0.346636
  74    73  7669.000000  1.300994
  75     3  5676.600000  1.116346
  76    75  5676.600000  1.153659
  77    76  1973.209861  0.469211
  77   141  2735.368917  0.334375
  78    77  4708.578779  0.280094
  79    78  4443.214873  0.278545
  79   256  1237.283870  0.516744
  80    79  5680.498743  1.488401
  81    80  4425.008368  0.278449
  81   259  59.227283  0.500000
  82    81  4484.235651  1.795303
  83    82  4484.235651  0.278767
  83   261  942.100000  0.505628
  84    83  5426.335651  0.240121
  85    84  5426.335651  0.365920
  86    85  4664.057250  0.559630
  86   189  4998.442750  0.344947
  87    86  9662.500000  1.621011
  88     1  8328.000000  1.210379
  89    88  8328.000000  1.383233
  90    89  7753.146467  0.327597
  90   293  641.313441  0.501209
  91    90  8394.459908  0.292518
  92    91  8394.459908  0.403828
  93    92  3780.517666  0.353009
  93   183  1366.178921  0.333398
  93   195  703.543782  0.333338
  94    93  5850.240369  0.743479
  95    94  4314.432806  0.277887
  95   290  0.000000  0.500000
  96    95  4314.432806  1.267123
  97    96  3701.537694  0.275471
  97   288  1333.090938  0.522564
  98    97  5034.628631  0.643937
  99    98  4969.318264  0.281894
  99   283  784.465610  0.502706
 100    99  5753.783874  0.416624
 101   100  5170.349339  0.283489
 101   278  0.000000  0.500000
 102   101  5170.349339  0.805151
 103    59  425.956696  0.333334
 103    61  3499.226726  0.334476
 103   237  2753.600757  0.333771
 104   103  6678.784179  0.860256
 105   104  6678.784179  0.302891
 105   279  423.767796  0.500230
 106   105  7102.551975  0.448373
 107   106  6174.096368  0.294725
 107   284  0.000000  0.500000
 108   107  6174.096368  0.672063
 109   108  4362.832022  0.278128
 109   289  811.800000  0.503103
 110   109  5174.632022  1.292830
 111   110  5174.632022  0.283525
 111   291  567.329980  0.500740
 112   111  5741.962002  0.740194
 113   112  3492.408621  0.351928
 113   183  1656.006761  0.333473
 113   195  2646.717659  0.334246
 114   113  7795.133041  0.381355
 115   114  7795.133041  0.276240
 116   115  6819.400000  0.305522
 116   294  255.500000  0.500030
 117   116  7074.900000  1.242952
 118     5  4644.200000  1.102056
 119   118  4644.200000  1.118773
 120   119  3186.120618  0.274183
 120   400  3076.611624  1.140111
 121   120  6262.732242  0.592045
 122   121  6262.732242  0.675021
 123   122  6131.781972  0.294125
 123   382  786.634581  0.502736
 124   123  6918.416553  0.971575
 125   124  6918.416553  0.307475
 125   366  976.148897  0.506487
 126   125  7894.565450  1.048183
 127   126  7247.884195  0.314605
 127   350  0.000000  0.500000
 128   127  7247.884195  0.717396
 129   128  7247.884195  0.364895
 130   129  6379.312249  0.297815
 130   324  1731.204144  0.564175
 131   130  8110.516393  1.069472
 132   131  7972.672544  0.387498
 132   314  415.715124  0.500213
 133   132  8388.387668  0.598376
 134   133  8388.387668  0.445487
 135   134  8172.175928  0.340482
 135   298  499.500000  0.500445
 136   135  8671.675928  0.200795
 137   136  5046.326192  0.655273
 138    60  2856.672900  0.333841
 138   137  2755.255243  0.131359
 138   236  2512.000000  0.333637
 139   138  8123.928142  1.355573
 140   139  7832.656129  0.329887
 140   265  73.700000  0.500000
 141   140  7906.356129  1.142382
 142    72  6078.592295  0.358734
 142    76  3703.390139  0.336833
 143   142  9781.982434  1.417124
 144   143  9726.580844  0.408807
 144   264  371.999188  0.500137
 145   144  10098.580032  1.413378
 146   145  6310.280032  0.130611
 147    57  3788.990487  0.334904
 147   146  3100.435509  0.767258
 148   147  6889.425995  0.257838
 149   148  6372.825995  0.297713
 149   297  112.400000  0.500001
 150   149  6485.225995  0.383490
 151   150  6485.225995  0.251651
 152   151  5233.080781  0.647666
 152   310  222.200000  0.500017
 153   152  5455.280781  0.732350
 154   153  3609.690827  0.275198
 154   323  340.007314  0.500095
 155   154  3949.698141  0.320487
 156   155  3949.698141  0.630088
 157   156  3949.698141  0.276318
 157   349  521.656370  0.500529
 158   157  4471.354511  0.880640
 159   158  3157.124197  0.274126
 159   365  0.000000  0.500000
 160   159  3157.124197  0.866198
 161   160  3157.124197  0.274126
 161   381  191.500000  0.500010
 162   161  3348.624197  0.626007
 163   162  3348.624197  0.549056
 164   163  1832.100000  0.272786
 164   399  754.700000  0.502318
 165   164  2586.800000  1.093184
 166     6  6522.200000  1.135572
 167   166  6522.200000  1.200599
 168   167  5835.900000  0.290265
 168   409  2079.839038  0.633687
 169   168  7915.739038  0.943942
 170   169  4395.868763  0.356304
 171   170  3434.663529  0.065977
 171   216  1736.447302  0.333502
 172   171  5171.110832  0.294878
 172   393  433.312256  0.500252
 173   172  5604.423088  0.529276
 174   173  5604.423088  0.241650
 175   174  5604.423088  0.287626
 175   377  879.577299  0.504276
 176   175  6484.000387  0.898531
 177   176  5896.021005  0.291003
 177   360  0.000000  0.500000
 178   177  5896.021005  0.873009
 179   178  5478.759496  0.286325
 179   336  868.190353  0.504059
 180   179  6346.949849  2.081152
 181   180  6021.191181  0.292615
 181   307  759.568063  0.502378
 182   181  6780.759244  0.170632
 183   182  6780.759244  0.438933
 184    92  1860.131685  0.333556
 184   112  2022.549877  0.333645
 184   183  3758.573561  0.396980
 185   184  7641.255123  0.882517
 186   185  7641.255123  0.467316
 187   186  5232.750417  0.284023
 187   272  193.601590  0.500010
 188   187  5426.352007  0.937536
 189   188  5426.352007  0.811737
 190    63  7054.895109  0.379423
 190    85  762.278401  0.333340
 191   190  7817.173509  0.935647
 192   191  7817.173509  1.080648
 193   192  7068.873509  0.310608
 193   271  2128.270938  0.646575
 194   193  9197.144447  0.549399
 195   194  9197.144447  1.037529
 196    92  2753.810558  0.334403
 196   112  227.003504  0.333333
 196   195  5846.883006  0.418216
 197   196  8827.697068  0.525683
 198   197  8827.697068  0.204355
 199   198  8259.504341  0.343429
 199   306  298.358495  0.500057
 200   199  8557.862837  2.479600
 201   200  7522.388996  0.321337
 201   335  712.162595  0.501838
 202   201  8234.551591  1.027731
 203   202  8234.551591  0.342577
 203   359  460.695695  0.500322
 204   203  8695.247286  1.078791
 205   204  7171.881690  0.312871
 205   376  0.000000  0.500000
 206   205  7171.881690  0.262859
 207   206  7171.881690  0.575731
 208   207  6752.236906  0.316460
 209   208  4021.029439  0.066424
 209   392  399.796438  0.500183
 210   209  4420.825877  0.356470
 210   250  3039.041682  0.334920
 211   210  7459.867559  0.908103
 212   211  5279.547111  0.284437
 212   408  1297.052889  0.520221
 213   212  6576.600000  1.204320
 214     7  4983.600000  1.105837
 215   214  4983.600000  1.105837
 216   215  3779.700000  0.394438
 217   169  3519.870275  0.336189
 217   216  2043.252698  0.589041
 218   217  5563.122973  0.289770
 218   392  469.800000  0.500348
 219   218  6032.922973  0.797716
 220   219  5352.452698  0.511065
 220   363  0.000000  0.500000
 221   220  5352.452698  1.188769
 222   221  5352.452698  0.322125
 223   222  5169.152698  0.432179
 223   346  621.390120  0.501065
 224   223  5790.542818  0.995411
 225   224  4468.890120  0.627312
 225   330  1462.295524  0.532667
 226   225  5931.185644  0.964370
 227   226  5841.454759  0.403057
 227   311  139.625376  0.500003
 228   227  5981.080135  1.122363
 229   228  5945.265228  0.482205
 229   277  336.677870  0.500092
 230   229  6281.943098  0.124264
 231    56  2508.474974  0.333635
 231   230  3585.954077  0.295620
 232    58  6079.370949  0.343743
 232   231  6094.429051  0.326164
 233   232  12173.800000  1.638023
 234     4  10223.900000  1.362852
 235   234  10223.900000  1.362852
 236   235  8936.100000  0.137485
 237   236  6424.100000  0.260485
 238    55  2783.887827  0.333791
 238    61  126.123011  0.333333
 238   237  3670.499243  0.229988
 239   238  6580.510080  0.238857
 240   239  5742.501961  0.480470
 240   299  427.892476  0.500240
 241   240  6170.394437  0.968917
 242   241  5481.431057  0.634474
 242   317  209.172641  0.500014
 243   242  5690.603699  0.960320
 244   243  5324.303699  0.399820
 244   339  2270.109212  0.689745
 245   244  7594.412911  1.126497
 246   245  6136.574676  0.641798
 246   347  28.713057  0.500000
 247   246  6165.287734  1.205418
 248   247  5707.533695  0.402132
 248   374  346.852356  0.500103
 249   248  6054.386051  0.921729
 250   249  5441.783856  0.366982
 251   250  2402.742175  0.054564
 251   391  2003.150359  0.615034
 252   208  2731.207466  0.334369
 252   251  4405.892534  0.527846
 253   252  7137.100000  1.155146
 254    15  3703.300000  1.033180
 254   255  407.100000  2.000010
 255    70  159.407810  0.500005
 255   254  3703.300000  2.066359
 255   256  247.692190  0.500000
 256    78  265.363905  0.500035
 256   255  1343.098264  0.500287
 256   266  12.128285  1.920076
 257    14  37.000000  1.000000
 257   258  125.200000  2.000000
 258    68  106.194878  0.500001
 258   257  37.000000  2.000000
 258   259  795.412931  0.500035
 259    80  1255.490375  0.517751
 259   258  74.315923  0.500000
 259   267  798.865169  1.920214
 260    66  1232.300000  0.516475
 260   261  0.000000  0.500000
 261    82  0.000000  0.500000
 261   260  1232.300000  0.500203
 261   269  942.100000  1.860107
 262    13  592.800000  1.000022
 262   273  37.000000  2.000000
 263    16  241.500000  1.000001
 263   264  249.000000  2.000001
 264   143  55.401590  0.500000
 264   263  241.500000  2.000001
 264   265  387.839096  0.500002
 265   139  291.272013  0.500051
 265   264  63.741499  0.500000
 265   266  253.039096  1.000001
 266    24  349.987949  0.149068
 266    39  24.998410  1.459848
 266   256  135.614394  1.920076
 266   265  146.513512  1.000000
 266   277  47.506228  3.579924
 267    24  297.112051  0.149068
 267    39  21.841499  1.459848
 267   259  1274.031253  1.920968
 267   268  1958.295574  1.002594
 267   281  1229.957365  1.640814
 268    25  4318.180357  0.149377
 268    40  14.098410  1.320076
 268   267  2674.682481  1.009028
 268   287  2159.708934  1.726677
 269    25  4062.519643  0.149310
 269    40  37.641499  1.320076
 269   261  1232.300000  1.860605
 269   270  1129.455361  1.000287
 269   290  1580.391962  2.502751
 270   269  2604.518423  1.008117
 270   271  1129.455361  0.580091
 271   192  748.300000  0.502240
 271   270  2604.518423  0.584632
 271   272  1170.649375  0.500166
 272   186  2408.504707  0.740414
 272   271  1265.741499  0.500226
 272   273  495.194014  2.279948
 273    26  320.419523  0.149068
 273    41  55.300000  1.000000
 273   262  592.800000  2.000044
 273   272  2805.189254  0.282982
 273   292  34.410746  2.000000
 274    26  360.680477  0.149068
 274    41  297.484236  1.000001
 274   275  501.600000  2.000022
 274   293  615.000000  1.420112
 275    12  501.600000  1.000011
 275   274  488.200000  2.000020
 276    17  1184.000000  1.000347
 276   296  648.300000  2.000062
 277   228  35.814907  0.500000
 277   266  217.261656  3.579926
 277   299  348.369192  0.720078
 278   100  583.434535  0.500828
 278   279  0.000000  0.500000
 279   104  0.000000  0.500000
 279   278  583.434535  0.500010
 279   280  423.767796  0.420078
 280   279  583.434535  0.420084
 280   300  423.767796  0.420078
 281   267  1107.141639  1.640586
 281   282  1229.957365  0.580158
 282   281  1107.141639  0.580078
 282   283  1229.957365  0.359994
 283    98  65.310368  0.500000
 283   282  1107.141639  0.359944
 283   284  1229.957365  0.500202
 284   106  928.455607  0.505309
 284   283  387.986397  0.500002
 284   285  301.501758  0.279925
 285   284  387.986397  0.279925
 285   286  301.501758  0.579925
 286   285  387.986397  0.579927
 286   302  301.501758  0.420076
 287   268  2544.582022  1.732797
 287   288  2159.708934  0.722839
 288    96  612.895112  0.501008
 288   287  2544.582022  0.725401
 288   289  2263.376099  0.502315
 289   108  1811.264346  0.576895
 289   288  1928.053361  0.501219
 289   303  1583.039190  1.221427
 290    94  1535.807564  0.539749
 290   269  553.542719  2.500041
 290   291  191.600000  0.500000
 291   110  0.000000  0.500000
 291   290  700.558321  0.500021
 291   304  401.389254  1.279930
 292   273  318.441272  2.000004
 292   305  34.410746  1.859848
 293    89  574.853533  0.500780
 293   274  916.264714  1.420252
 293   294  335.200000  0.500001
 294   115  975.733041  0.506476
 294   293  570.004806  0.500009
 294   295  310.700000  0.279925
 295   294  1265.737847  0.280051
 295   308  310.700000  0.720077
 296   276  1184.000000  2.000693
 296   297  590.944935  0.420085
 296   310  57.355065  1.579924
 297   148  516.600000  0.500509
 297   296  894.000000  0.420123
 297   298  186.744935  0.500000
 298   134  216.211739  0.500016
 298   297  894.000000  0.500056
 298   299  124.400000  1.140152
 299   239  838.008119  0.503523
 299   277  217.261656  0.720076
 299   298  548.366805  1.140170
 299   300  281.729683  1.000001
 299   315  271.252863  1.920078
 300   280  583.434535  0.420084
 300   299  400.274721  1.000005
 300   301  201.516328  0.500000
 300   316  423.767796  1.920087
 301   300  400.274721  0.500002
 301   302  201.516328  0.500000
 302    27  207.300000  0.149068
 302    42  298.225026  1.000001
 302   286  387.986397  0.420077
 302   301  400.274721  0.500002
 302   311  588.455115  1.140176
 303    27  144.400000  0.149068
 303    28  821.288340  0.149069
 303    42  381.629951  1.000004
 303    43  12.100000  1.540152
 303   289  2247.180798  1.225564
 303   319  1554.818786  2.142358
 304    28  457.911660  0.149068
 304    43  5.600000  1.540152
 304   291  343.017595  1.279927
 304   305  673.021254  0.920109
 304   312  251.000000  0.279924
 305   292  318.441272  1.859852
 305   304  283.108817  0.920077
 305   306  595.877571  0.720092
 305   321  0.000000  3.279924
 306   198  568.192726  0.500745
 306   305  301.047816  0.720077
 306   307  278.481260  0.500001
 307   180  325.758669  0.500080
 307   306  253.485735  0.500000
 307   308  902.102021  0.500058
 308    29  1022.768063  0.149069
 308    44  16.796518  1.000000
 308   295  1265.737847  0.720402
 308   307  443.297102  0.500003
 308   309  37.000000  2.000000
 309    11  37.000000  1.000000
 309   308  485.800000  2.000020
 310   151  1252.145214  0.517563
 310   296  290.000000  1.579926
 310   313  57.355065  0.279924
 311   226  89.730885  0.500000
 311   302  679.495094  1.140194
 311   317  608.640908  0.720093
 312   304  396.105136  0.279925
 312   320  251.000000  2.720078
 313   310  1319.945214  0.280074
 313   314  0.000000  0.779924
 313   325  473.070189  1.720091
 314   131  137.843849  0.500003
 314   313  415.715124  0.279926
 314   315  0.000000  1.640152
 315   299  855.682737  1.920257
 315   314  137.843849  1.720076
 315   316  0.000000  2.579924
 315   327  506.521644  1.079937
 316   300  503.221181  1.920097
 316   315  373.112630  1.000003
 316   317  310.937516  0.859850
 316   328  423.479846  1.079930
 317   241  688.963380  0.501610
 317   311  649.786397  0.720098
 317   316  372.824681  1.000003
 317   318  0.000000  1.140152
 317   329  373.660077  1.079928
 318   317  0.000000  1.140152
 318   319  0.000000  1.000000
 319   303  1599.599088  2.142623
 319   318  0.000000  0.859848
 319   320  1125.791192  1.000283
 319   330  1521.505658  0.860661
 320   312  396.105136  2.720088
 320   319  10.200000  2.579924
 320   321  975.697520  1.720351
 320   332  272.713128  0.720076
 321   305  188.947845  3.279925
 321   320  10.200000  1.640152
 321   333  0.000000  0.720076
 321   334  975.697520  0.279969
 322    18  1644.820409  1.001291
 322   323  2185.800000  2.008054
 323   153  1845.589955  0.582892
 323   322  1644.820409  2.002582
 323   324  680.217360  0.500019
 324   129  868.571947  0.504066
 324   323  1644.820409  0.500646
 324   325  1055.831844  0.580051
 325   313  1319.945214  1.720997
 325   324  1157.802696  0.580108
 325   326  394.110045  0.859852
 325   340  1184.510700  0.359973
 326   325  752.631566  0.859897
 326   327  394.110045  1.579931
 327   315  855.682737  1.080026
 327   326  752.631566  1.580014
 327   328  812.383076  1.000077
 327   341  602.284508  1.000023
 328   316  814.158697  1.080008
 328   327  848.394430  1.000091
 328   329  1032.201174  1.000200
 328   342  491.611694  1.000010
 329    31  1191.100000  0.149070
 329    46  681.277652  1.000038
 329   317  956.483468  1.080084
 329   328  916.526277  1.000124
 329   343  572.611400  1.000019
 330    31  3156.500000  0.149156
 330    46  296.877601  1.000001
 330   224  1321.652698  0.521799
 330   319  2681.877152  0.867695
 330   331  392.500000  0.420078
 330   339  555.652960  0.640162
 331   330  939.012880  0.420133
 331   332  392.500000  1.920084
 332    32  831.626186  0.149069
 332    47  0.000000  0.920076
 332   320  267.724592  0.720076
 332   331  939.012880  1.920339
 332   345  381.732372  0.720078
 333    32  563.373814  0.149068
 333    47  150.809972  0.940152
 333   321  114.768964  0.720076
 333   334  610.415706  0.420086
 333   358  0.000000  2.079924
 334   321  84.378881  0.779924
 334   333  695.907230  0.420093
 334   335  1586.113226  0.280237
 335   200  1035.473841  0.508213
 335   334  780.286111  0.279943
 335   336  1472.102284  0.500414
 336   178  417.261509  0.500217
 336   335  989.586416  0.500085
 336   337  1952.905766  0.501283
 337    29  839.131937  0.149069
 337    33  594.183604  0.149068
 337    44  340.260946  3.000007
 337    48  8.991954  1.000000
 337   336  1019.461054  0.500095
 337   338  765.420592  2.000121
 338    10  765.420592  1.000061
 338   337  72.243164  2.000000
 339   243  366.300000  0.500129
 339   330  1725.668697  0.641153
 339   344  893.606509  0.420123
 340    30  1104.129608  0.149070
 340    45  0.000000  1.000000
 340   325  1774.835056  0.360478
 340   351  221.531852  1.720076
 341    30  1572.870392  0.149074
 341    45  91.153549  1.000000
 341   327  1273.955767  1.000465
 341   342  626.652881  1.000027
 341   353  395.792892  2.000009
 342   328  1033.976795  1.000202
 342   341  918.568243  1.000126
 342   343  403.850154  1.000005
 342   354  406.289905  2.000010
 343   329  1051.759945  1.000216
 343   342  798.388606  1.000072
 343   344  30.583501  2.000000
 343   355  504.476545  2.000023
 344   339  159.813034  0.420076
 344   343  717.253565  2.000093
 344   356  219.936461  2.000001
 345   332  267.522068  0.720076
 345   346  381.732372  0.640154
 346   222  183.300000  0.500008
 346   345  267.522068  0.640152
 346   347  819.822492  1.080010
 347   245  1457.838235  0.532271
 347   346  267.522068  1.079925
 347   357  819.822492  0.279947
 348    18  505.379591  1.000012
 348   349  683.000000  2.000077
 349   156  0.000000  0.500000
 349   348  505.379591  2.000023
 349   350  727.376779  0.500025
 350   126  646.681255  0.501249
 350   349  28.100000  0.500000
 350   351  115.816143  0.859849
 351   340  5.692686  1.720076
 351   350  63.220618  0.859848
 351   352  99.767749  0.720076
 351   367  237.580246  2.000001
 352   351  63.220618  0.720076
 352   353  99.767749  1.420076
 353   341  1323.212311  2.001082
 353   352  63.220618  1.420076
 353   354  486.720929  1.000010
 353   369  632.514307  2.000056
 354   342  846.031917  2.000181
 354   353  289.370217  1.000001
 354   355  482.913696  1.000010
 354   370  298.272313  2.000003
 355   343  691.493478  2.000081
 355   354  216.210474  1.000000
 355   356  389.652420  2.000008
 355   371  459.144442  2.000016
 356   344  172.813050  2.000000
 356   355  183.878557  2.000000
 356   357  360.630670  2.000006
 356   372  287.232628  2.000002
 357   347  1696.647245  0.280333
 357   356  196.152990  2.000001
 357   358  248.955955  2.000001
 357   373  724.545575  2.000097
 358   333  22.112086  2.079924
 358   357  381.420019  2.000007
 358   359  248.955955  0.720076
 358   363  0.000000  1.720076
 359   202  0.000000  0.500000
 359   358  381.420019  0.720078
 359   360  709.651649  0.500022
 360   176  587.979382  0.500854
 360   359  381.420019  0.500002
 360   361  709.651649  0.500022
 361    33  442.016396  0.149068
 361    48  307.685140  1.000002
 361   360  969.399401  0.500078
 361   362  393.979408  2.000009
 361   378  63.291954  2.000000
 362    10  393.979408  1.000004
 362   361  77.056836  2.000000
 363   358  22.112086  1.720076
 363   375  0.000000  0.279924
 364    19  984.934278  1.000166
 364   365  746.470275  2.000110
 365   158  1314.230314  0.521314
 365   364  984.934278  2.000332
 365   366  84.770275  0.500000
 366   124  0.000000  0.500000
 366   365  1637.464592  0.500634
 366   367  317.004181  0.859850
 367   351  5.692686  2.000000
 367   366  893.549601  0.859945
 367   368  345.369650  0.720078
 367   384  183.599022  2.279925
 368   367  867.933846  0.720148
 368   369  345.369650  1.420079
 369    34  1308.892095  0.149071
 369    49  126.346700  1.000000
 369   353  1720.737307  2.003093
 369   368  867.933846  1.420218
 369   370  1667.812262  1.001365
 370   354  807.366835  2.000150
 370   369  745.587999  1.000055
 370   371  870.360982  1.000101
 370   386  0.000000  2.000000
 371   355  585.232015  2.000041
 371   370  447.315686  1.000007
 371   372  713.773047  2.000092
 371   387  477.128757  2.000018
 372   356  198.813034  2.000001
 372   371  465.300000  2.000017
 372   373  733.978298  2.000102
 372   388  249.043063  2.000001
 373    35  851.495586  0.149069
 373    50  278.490120  1.000001
 373   357  1304.428584  2.001021
 373   372  447.315686  2.000014
 373   374  1317.142356  1.420830
 374   247  457.754038  0.500314
 374   373  690.188253  1.420133
 374   375  1317.142356  0.580232
 375   219  680.470275  0.501532
 375   363  22.112086  0.279924
 375   374  801.089936  0.579966
 375   376  636.672081  0.720097
 375   390  0.000000  2.000000
 376   204  1523.365596  0.538474
 376   375  801.089936  0.720128
 376   377  18.102710  0.500000
 377   174  0.000000  0.500000
 377   376  1705.886160  0.500747
 377   378  571.610756  0.500009
 378    36  421.541401  0.149068
 378    51  0.000000  1.000000
 378   361  417.227921  2.000011
 378   377  1379.816906  0.500320
 378   379  229.700000  2.000001
 379     9  229.700000  1.000000
 379   378  1251.503752  2.000866
 380    19  317.265722  1.000002
 380   381  291.529725  2.000003
 381   160  0.000000  0.500000
 381   380  317.265722  2.000004
 381   382  291.529725  0.500001
 382   122  130.950270  0.500002
 382   381  125.765722  0.500000
 382   383  947.214036  0.580007
 383   382  125.765722  0.579924
 383   384  947.214036  0.420135
 384   367  5.692686  2.279924
 384   383  125.765722  0.420076
 384   385  298.363225  2.000003
 384   401  2118.088687  2.007101
 385    34  361.007905  0.149068
 385    49  81.800000  1.000000
 385   384  1289.104577  2.000974
 385   386  666.962504  1.000035
 385   402  1252.934233  2.000869
 386   370  9.915555  2.000000
 386   385  1552.265404  1.001024
 386   387  672.389157  1.000036
 386   403  8.569716  2.000000
 387   371  428.644080  2.000012
 387   386  1560.835119  1.001047
 387   388  813.744755  2.000155
 387   404  621.711482  2.000053
 388   372  198.813034  2.000001
 388   387  1705.417845  2.002984
 388   389  592.101551  2.000043
 388   405  450.396164  2.000015
 389    35  274.304414  0.149068
 389    50  535.507502  1.000015
 389   388  1667.002734  2.002725
 389   390  538.124261  2.000030
 389   406  1175.433671  2.000674
 390   375  22.112086  2.000000
 390   389  2053.595972  2.006275
 390   391  961.040213  0.720184
 390   407  182.700000  2.579925
 391   249  612.602194  0.501006
 391   390  2236.295972  0.723253
 391   392  1558.074507  0.420512
 392   207  419.644784  0.500222
 392   391  1442.782101  0.420397
 392   393  2061.187718  0.421413
 393   170  961.205234  0.506099
 393   392  1495.943658  0.420447
 393   394  1414.272710  0.140250
 394    36  543.158599  0.149068
 394    51  77.876670  1.000000
 394   393  1376.921627  0.140240
 394   395  603.100000  2.000047
 394   396  390.441877  0.579927
 395     9  603.100000  1.000023
 395   394  985.996248  2.000333
 396   215  1203.900000  0.515008
 396   394  142.432912  0.579924
 396   410  1.594766  2.000000
 397    20  6087.100000  1.242191
 397   398  503.600000  2.000023
 398   397  6087.100000  2.484382
 398   399  503.600000  0.579931
 399   163  1516.524197  0.537790
 399   398  6087.100000  0.720377
 399   400  744.217651  0.500027
 400   119  1458.079382  0.532292
 400   399  7089.541849  0.722823
 400   401  1278.152439  0.140217
 401    37  135.185218  0.149068
 401    52  1060.410472  1.000223
 401   384  127.992686  2.000000
 401   400  6004.944394  0.172299
 402    37  93.614782  0.149068
 402    52  3706.523580  1.033295
 402   385  239.084145  2.000001
 402   403  681.346495  1.000038
 402   412  699.792534  2.000085
 403   386  15.342208  2.000000
 403   402  1628.398015  1.001240
 403   404  666.004287  1.000035
 404   387  569.999678  2.000037
 404   403  1619.828299  1.001214
 404   405  1371.017729  2.001247
 404   413  1360.107466  2.001207
 405   388  216.938042  2.000001
 405   404  2358.224283  2.010912
 405   406  1384.660933  2.001297
 405   414  436.752960  2.000013
 406    38  616.100000  0.149068
 406    53  1448.115651  1.080762
 406   389  816.337645  2.000157
 406   405  2040.249291  2.006113
 406   415  1006.847040  2.000363
 407    38  1693.600000  0.149076
 407    53  1826.140406  1.061928
 407   390  445.028038  2.579942
 407   408  3050.280371  1.096416
 407   416  387.900000  2.000008
 408   211  2180.320448  0.661452
 408   407  3289.760815  1.102238
 408   409  1440.182614  0.500379
 409   167  686.300000  0.501585
 409   408  2562.930617  0.503806
 409   410  814.658123  0.220093
 410   396  957.485802  2.000297
 410   409  543.867088  0.220079
 410   411  37.000000  2.000000
 411     8  37.000000  1.000000
 411   410  722.100000  2.000096
 412    21  699.792534  1.000042
 412   402  1366.786880  2.001231
 413    21  1360.107466  1.000604
 413   404  1275.013120  2.000932
 414    22  436.752960  1.000006
 414   405  534.913034  2.000029
 415    22  1006.847040  1.000181
 415   406  989.486966  2.000338
 416    23  387.900000  1.000004
 416   407  1522.500000  2.001896
