<METADATA>
<File Name> ./Anaheim/Anaheim_MLT_0.1_0.9_0.5_0.5_flow.txt
<Number of Links> 914
<theta | lambda> 0.100000 | 0.900000<stoch | determ> 0.500000 | 0.500000<Optimal Objective> 3908196.664639
<System Cost> 1417404.780449

<LINKS>
~ Init node | Term node | Flow | Cost
   1   117  7074.900000  1.152920
   2    87  9662.500000  1.307773
   3    74  7669.000000  1.176694
   4   233  12173.800000  1.638023
   5   165  2586.800000  1.091575
   6   213  6576.600000  1.137096
   7   253  7137.100000  1.155146
   8   411  722.100000  1.000048
   9   379  1270.590027  1.000460
   9   395  966.909973  1.000154
  10   338  73.259176  1.000000
  10   362  76.040824  1.000000
  11   309  485.800000  1.000010
  12   275  488.200000  1.000010
  13   262  37.000000  1.000000
  14   257  125.200000  1.000000
  15   254  407.100000  1.000005
  16   263  249.000000  1.000001
  17   276  648.300000  1.000031
  18   322  2185.800000  1.004027
  18   348  683.000000  1.000038
  19   364  760.263085  1.000059
  19   380  277.736915  1.000001
  20   397  503.600000  1.000011
  21   412  1364.873668  1.000612
  21   413  1276.926332  1.000469
  22   414  514.695114  1.000012
  22   415  1009.704886  1.000183
  23   416  1522.500000  1.000948
  24   266  199.762511  0.149068
  24   267  176.137489  0.149068
  25   268  4620.871786  0.149473
  25   269  3933.328214  0.149281
  26   273  2660.000000  0.149113
  26   274  315.000000  0.149068
  27   302  318.124065  0.149068
  27   303  229.575935  0.149068
  28   303  1444.138712  0.149072
  28   304  639.061288  0.149068
  29   308  741.466098  0.149069
  29   337  403.333902  0.149068
  30   340  1819.499216  0.149078
  30   341  1116.000784  0.149070
  31   329  1563.500000  0.149074
  31   330  2075.300000  0.149085
  32   332  1310.911055  0.149071
  32   333  746.988945  0.149069
  33   337  827.303488  0.149069
  33   361  955.896512  0.149069
  34   369  3886.475913  0.149271
  34   385  1435.724087  0.149072
  35   373  1514.634558  0.149073
  35   389  449.865442  0.149068
  36   378  491.899198  0.149068
  36   394  440.900802  0.149068
  37   401  222.900000  0.149068
  37   402  114.700000  0.149068
  38   406  577.370367  0.149068
  38   407  934.429633  0.149069
  39   266  21.596556  1.459848
  39   267  25.001650  1.459848
  40   268  37.396556  1.320076
  40   269  14.101650  1.320076
  41   273  292.860090  1.000001
  41   274  55.300000  1.000000
  42   302  406.578813  1.000005
  42   303  302.032349  1.000001
  43   303  5.600000  1.540152
  43   304  12.100000  1.540152
  44   308  344.508066  1.000002
  44   337  16.437695  3.000000
  45   340  99.484127  1.000000
  45   341  0.000000  1.000000
  46   329  296.481820  1.000001
  46   330  674.718611  1.000037
  47   332  154.790507  0.920076
  47   333  0.000000  0.940152
  48   337  304.875480  1.000002
  48   361  8.841246  1.000000
  49   369  81.800000  1.000000
  49   385  131.454025  1.000000
  50   373  562.903855  1.000018
  50   389  278.340009  1.000001
  51   378  90.536551  1.000000
  51   394  0.000000  1.000000
  52   401  3718.654580  1.033733
  52   402  1108.222791  1.000266
  53   406  1813.636200  1.081985
  53   407  1466.680563  1.060714
  54    56  1954.310863  0.333444
  54   230  560.954560  0.333334
  55    59  2790.366484  0.333795
  56   102  4458.978514  0.336346
  57    54  2515.265423  0.333638
  57   235  1287.800000  0.333354
  58   137  2292.681526  0.333544
  58   145  3788.300000  0.334903
  59   146  3202.450940  0.334135
  60   102  663.487705  0.333335
  60   230  2151.691873  0.333497
  61   136  3797.692955  0.334919
  62     2  13602.200000  1.943887
  63    62  13602.200000  3.174023
  64    63  6530.926781  0.600595
  64   189  481.800923  0.333334
  65    64  7012.727704  0.396146
  66    65  7012.727704  0.259956
  67    66  5780.427704  0.289603
  67   260  0.000000  0.500000
  68    67  5780.427704  1.865087
  69    68  5673.895732  0.288385
  69   258  739.583804  0.502138
  70    69  6413.479536  1.539488
  71    70  6253.837843  0.295890
  71   255  2352.917741  0.718977
  72    71  8606.755584  0.356111
  73    72  2551.570601  0.469924
  73   141  5117.429399  0.346093
  74    73  7669.000000  1.300994
  75     3  5676.600000  1.116346
  76    75  5676.600000  1.153659
  77    76  1985.148094  0.469221
  77   141  2644.340346  0.334243
  78    77  4629.488441  0.279604
  79    78  4364.569071  0.278136
  79   256  1240.022622  0.516892
  80    79  5604.591693  1.484118
  81    80  4346.247805  0.278044
  81   259  59.732058  0.500000
  82    81  4405.979864  1.792609
  83    82  4405.979864  0.278349
  83   261  942.100000  0.505628
  84    83  5348.079864  0.239496
  85    84  5348.079864  0.364967
  86    85  4573.204346  0.558541
  86   189  5089.295654  0.345815
  87    86  9662.500000  1.621011
  88     1  8328.000000  1.210379
  89    88  8328.000000  1.383233
  90    89  7737.779076  0.327162
  90   293  686.991796  0.501591
  91    90  8424.770871  0.293440
  92    91  8424.770871  0.405100
  93    92  3628.299729  0.352406
  93   183  1911.228214  0.333582
  93   195  641.465509  0.333336
  94    93  6180.993452  0.754706
  95    94  4192.468886  0.277316
  95   290  0.000000  0.500000
  96    95  4192.468886  1.264517
  97    96  3628.776860  0.275253
  97   288  1303.536075  0.520628
  98    97  4932.312934  0.642179
  99    98  4860.721700  0.281109
  99   283  822.709090  0.503273
 100    99  5683.430790  0.415471
 101   100  5122.466219  0.283091
 101   278  0.000000  0.500000
 102   101  5122.466219  0.804022
 103    59  412.084456  0.333334
 103    61  3665.825451  0.334710
 103   237  2747.673844  0.333768
 104   103  6825.583751  0.868069
 105   104  6825.583751  0.305642
 105   279  385.954131  0.500159
 106   105  7211.537882  0.451876
 107   106  6232.489472  0.295574
 107   284  0.000000  0.500000
 108   107  6232.489472  0.673998
 109   108  4476.713838  0.278726
 109   289  811.800000  0.503103
 110   109  5288.513838  1.297356
 111   110  5288.513838  0.284517
 111   291  610.657322  0.500993
 112   111  5899.171160  0.745025
 113   112  3524.643598  0.352036
 113   183  1645.132188  0.333470
 113   195  2608.866420  0.334195
 114   113  7778.642206  0.380806
 115   114  7778.642206  0.275842
 116   115  6819.400000  0.305522
 116   294  255.500000  0.500030
 117   116  7074.900000  1.242952
 118     5  4644.200000  1.102056
 119   118  4644.200000  1.118773
 120   119  3183.621207  0.274178
 120   400  2822.628040  0.953508
 121   120  6006.249247  0.584835
 122   121  6006.249247  0.666800
 123   122  5866.859001  0.290642
 123   382  1061.014419  0.509054
 124   123  6927.873420  0.972179
 125   124  6927.873420  0.307666
 125   366  1021.261805  0.507772
 126   125  7949.135224  1.053401
 127   126  7304.375828  0.315930
 127   350  0.000000  0.500000
 128   127  7304.375828  0.720416
 129   128  7304.375828  0.366431
 130   129  6466.574369  0.299222
 130   324  1725.526807  0.563337
 131   130  8192.101177  1.077971
 132   131  8065.374856  0.390873
 132   314  398.148848  0.500180
 133   132  8463.523704  0.603081
 134   133  8463.523704  0.448990
 135   134  8243.275035  0.342875
 135   298  499.500000  0.500445
 136   135  8742.775035  0.202394
 137   136  4945.082079  0.653491
 138    60  2815.179579  0.333812
 138   137  2652.400554  0.131299
 138   236  2512.000000  0.333637
 139   138  7979.580133  1.337227
 140   139  7688.069745  0.325774
 140   265  73.700000  0.500000
 141   140  7761.769745  1.127826
 142    72  6055.184982  0.358345
 142    76  3691.451906  0.336788
 143   142  9746.636888  1.410233
 144   143  9691.238538  0.406838
 144   264  380.182680  0.500149
 145   144  10071.421217  1.407814
 146   145  6283.121217  0.130430
 147    57  3803.065423  0.334928
 147   146  3080.670277  0.767158
 148   147  6883.735700  0.257743
 149   148  6367.135700  0.297623
 149   297  112.400000  0.500001
 150   149  6479.535700  0.383369
 151   150  6479.535700  0.251572
 152   151  5227.091831  0.647547
 152   310  222.200000  0.500017
 153   152  5449.291831  0.732199
 154   153  3600.441307  0.275172
 154   323  340.097681  0.500096
 155   154  3940.538988  0.320447
 156   155  3940.538988  0.630010
 157   156  3940.538988  0.276284
 157   349  517.005215  0.500510
 158   157  4457.544203  0.880404
 159   158  3148.880599  0.274111
 159   365  0.000000  0.500000
 160   159  3148.880599  0.866148
 161   160  3148.880599  0.274111
 161   381  191.500000  0.500010
 162   161  3340.380599  0.625964
 163   162  3340.380599  0.549018
 164   163  1832.100000  0.272786
 164   399  754.700000  0.502318
 165   164  2586.800000  1.093184
 166     6  6522.200000  1.135572
 167   166  6522.200000  1.200599
 168   167  5835.900000  0.290265
 168   409  2015.395771  0.617873
 169   168  7851.295771  0.938484
 170   169  4331.483303  0.355887
 171   170  3424.980887  0.065972
 171   216  1737.661288  0.333503
 172   171  5162.642176  0.294804
 172   393  419.859158  0.500222
 173   172  5582.501333  0.528847
 174   173  5582.501333  0.241454
 175   174  5582.501333  0.287393
 175   377  880.524418  0.504295
 176   175  6463.025751  0.897492
 177   176  5872.546958  0.290712
 177   360  0.000000  0.500000
 178   177  5872.546958  0.872136
 179   178  5453.844810  0.286077
 179   336  868.710221  0.504069
 180   179  6322.555031  2.078510
 181   180  5995.196446  0.292272
 181   307  756.700000  0.502342
 182   181  6751.896446  0.170327
 183   182  6751.896446  0.438149
 184    92  1975.606730  0.333617
 184   112  2138.650512  0.333723
 184   183  3195.536044  0.394891
 185   184  7309.793285  0.859584
 186   185  7309.793285  0.455172
 187   186  5377.498227  0.285339
 187   272  193.598350  0.500010
 188   187  5571.096577  0.942341
 189   188  5571.096577  0.815898
 190    63  7071.273219  0.379852
 190    85  774.875517  0.333340
 191   190  7846.148737  0.938053
 192   191  7846.148737  1.083428
 193   192  7097.848737  0.311235
 193   271  1942.996794  0.601826
 194   193  9040.845531  0.539011
 195   194  9040.845531  1.017911
 196    92  2820.864413  0.334511
 196   112  235.877051  0.333333
 196   195  5790.513601  0.417243
 197   196  8847.255065  0.526868
 198   197  8847.255065  0.204816
 199   198  8393.703175  0.348145
 199   306  263.153120  0.500034
 200   199  8656.856295  2.506505
 201   200  7485.914842  0.320399
 201   335  672.310138  0.501460
 202   201  8158.224980  1.020059
 203   202  7819.375791  0.329500
 203   359  453.551397  0.500302
 204   203  8272.927187  1.031673
 205   204  7030.181950  0.309783
 205   376  0.000000  0.500000
 206   205  7030.181950  0.260265
 207   206  7030.181950  0.570048
 208   207  6522.720216  0.312210
 209   208  3853.367142  0.066274
 209   392  396.488171  0.500177
 210   209  4249.855313  0.355384
 210   250  3043.929430  0.334931
 211   210  7293.784743  0.896577
 212   211  5277.313633  0.284417
 212   408  1299.286367  0.520361
 213   212  6576.600000  1.204320
 214     7  4983.600000  1.105837
 215   214  4983.600000  1.105837
 216   215  3779.700000  0.394438
 217   169  3519.812469  0.336189
 217   216  2042.038712  0.589040
 218   217  5561.851180  0.289764
 218   392  469.800000  0.500348
 219   218  6031.651180  0.797696
 220   219  5351.238712  0.511057
 220   363  0.000000  0.500000
 221   220  5351.238712  1.188749
 222   221  5351.238712  0.322119
 223   222  5167.938712  0.432172
 223   346  621.240009  0.501064
 224   223  5789.178721  0.995388
 225   224  4468.740009  0.627312
 225   330  1466.654560  0.533058
 226   225  5935.394569  0.964446
 227   226  5845.914758  0.403089
 227   311  157.767651  0.500004
 228   227  6003.682409  1.122848
 229   228  5968.458117  0.482416
 229   277  332.339140  0.500087
 230   229  6300.797257  0.124315
 231    56  2504.667651  0.333633
 231   230  3588.150824  0.295622
 232    58  6080.981526  0.343754
 232   231  6092.818474  0.326154
 233   232  12173.800000  1.638023
 234     4  10223.900000  1.362852
 235   234  10223.900000  1.362852
 236   235  8936.100000  0.137485
 237   236  6424.100000  0.260485
 238    55  2790.366484  0.333795
 238    61  131.867504  0.333333
 238   237  3676.426156  0.229994
 239   238  6598.660145  0.238965
 240   239  5747.581629  0.480511
 240   299  421.891456  0.500226
 241   240  6169.473085  0.968898
 242   241  5478.759697  0.634449
 242   317  197.421036  0.500011
 243   242  5676.180733  0.960093
 244   243  5309.880733  0.399742
 244   339  2461.970594  0.762485
 245   244  7771.851328  1.134202
 246   245  6320.668691  0.644328
 246   347  34.058905  0.500000
 247   246  6354.727596  1.210378
 248   247  5844.068252  0.403076
 248   374  344.159463  0.500100
 249   248  6188.227714  0.924240
 250   249  5505.969084  0.367328
 251   250  2462.039654  0.054569
 251   391  2005.707272  0.615622
 252   208  2669.353074  0.334278
 252   251  4467.746926  0.528105
 253   252  7137.100000  1.155146
 254    15  3703.300000  1.033180
 254   255  407.100000  2.000010
 255    70  159.641693  0.500005
 255   254  3703.300000  2.066359
 255   256  247.458307  0.500000
 256    78  264.919369  0.500035
 256   255  1350.382259  0.500293
 256   266  12.338937  1.920076
 257    14  37.000000  1.000000
 257   258  125.200000  2.000000
 258    68  106.531972  0.500001
 258   257  37.000000  2.000000
 258   259  795.309722  0.500035
 259    80  1258.343888  0.517913
 259   258  74.057890  0.500000
 259   267  798.493091  1.920213
 260    66  1232.300000  0.516475
 260   261  0.000000  0.500000
 261    82  0.000000  0.500000
 261   260  1232.300000  0.500203
 261   269  942.100000  1.860107
 262    13  592.800000  1.000022
 262   273  37.000000  2.000000
 263    16  241.500000  1.000001
 263   264  249.000000  2.000001
 264   143  55.398350  0.500000
 264   263  241.500000  2.000001
 264   265  395.780885  0.500002
 265   139  291.510388  0.500052
 265   264  63.496556  0.500000
 265   266  260.980885  1.000001
 266    24  351.626824  0.149068
 266    39  25.001650  1.459848
 266   256  140.159638  1.920076
 266   265  146.506944  1.000000
 266   277  46.891061  3.579924
 267    24  295.473176  0.149068
 267    39  21.596556  1.459848
 267   259  1275.853088  1.920973
 267   268  1983.885310  1.002733
 267   281  1258.055099  1.640876
 268    25  4474.533039  0.149424
 268    40  14.101650  1.320076
 268   267  2704.959791  1.009444
 268   287  2126.547266  1.726281
 269    25  3906.166961  0.149275
 269    40  37.396556  1.320076
 269   261  1232.300000  1.860605
 269   270  648.737778  1.000031
 269   290  2066.392086  2.508041
 270   269  2413.358608  1.005984
 270   271  648.737778  0.579942
 271   192  748.300000  0.502240
 271   270  2413.358608  0.583395
 271   272  695.572520  0.500021
 272   186  1932.295059  0.599601
 272   271  1265.496556  0.500226
 272   273  500.834742  2.279950
 273    26  322.232254  0.149068
 273    41  55.300000  1.000000
 273   262  592.800000  2.000044
 273   272  2809.455486  0.283001
 273   292  30.144514  2.000000
 274    26  358.867746  0.149068
 274    41  292.860090  1.000001
 274   275  501.600000  2.000022
 274   293  615.000000  1.420112
 275    12  501.600000  1.000011
 275   274  488.200000  2.000020
 276    17  1184.000000  1.000347
 276   296  648.300000  2.000062
 277   228  35.224293  0.500000
 277   266  215.507225  3.579926
 277   299  344.005908  0.720078
 278   100  560.964571  0.500707
 278   279  0.000000  0.500000
 279   104  0.000000  0.500000
 279   278  560.964571  0.500009
 279   280  385.954131  0.420077
 280   279  560.964571  0.420083
 280   300  385.954131  0.420077
 281   267  1130.271210  1.640624
 281   282  1258.055099  0.580181
 282   281  1130.271210  0.580091
 282   283  1258.055099  0.360007
 283    98  71.591234  0.500000
 283   282  1130.271210  0.359952
 283   284  1258.055099  0.500221
 284   106  979.048410  0.506564
 284   283  379.153354  0.500002
 284   285  279.006689  0.279925
 285   284  379.153354  0.279925
 285   286  279.006689  0.579925
 286   285  379.153354  0.579926
 286   302  279.006689  0.420076
 287   268  2677.988094  1.735682
 287   288  2126.547266  0.722673
 288    96  563.692026  0.500721
 288   287  2677.988094  0.726609
 288   289  2226.173224  0.502166
 289   108  1755.775634  0.567896
 289   288  2037.770003  0.501521
 289   303  1573.791521  1.221396
 290    94  1988.524567  0.611711
 290   269  588.104909  2.500053
 290   291  191.600000  0.500000
 291   110  0.000000  0.500000
 291   290  701.837389  0.500021
 291   304  405.655486  1.279930
 292   273  319.237422  2.000004
 292   305  30.144514  1.859848
 293    89  590.220924  0.500867
 293   274  909.827836  1.420247
 293   294  335.200000  0.500001
 294   115  959.242206  0.506049
 294   293  533.256965  0.500007
 294   295  310.700000  0.279925
 295   294  1212.499170  0.280031
 295   308  310.700000  0.720077
 296   276  1184.000000  2.000693
 296   297  584.250716  0.420084
 296   310  64.049284  1.579924
 297   148  516.600000  0.500509
 297   296  894.000000  0.420123
 297   298  180.050716  0.500000
 298   134  220.248669  0.500017
 298   297  894.000000  0.500056
 298   299  124.400000  1.140152
 299   239  851.078516  0.503748
 299   277  215.507225  0.720076
 299   298  559.097953  1.140171
 299   300  285.512287  1.000001
 299   315  263.235647  1.920077
 300   280  560.964571  0.420083
 300   299  424.935734  1.000006
 300   301  205.170261  0.500000
 300   316  385.954131  1.920083
 301   300  424.935734  0.500003
 301   302  205.170261  0.500000
 302    27  207.300000  0.149068
 302    42  302.032349  1.000001
 302   286  379.153354  0.420077
 302   301  424.935734  0.500003
 302   311  566.273833  1.140172
 303    27  144.400000  0.149068
 303    28  828.248542  0.149069
 303    42  406.578813  1.000005
 303    43  12.100000  1.540152
 303   289  2329.363933  1.226412
 303   319  1548.138516  2.142320
 304    28  450.951458  0.149068
 304    43  5.600000  1.540152
 304   291  305.235554  1.279926
 304   305  645.870756  0.920104
 304   312  251.000000  0.279924
 305   292  319.237422  1.859852
 305   304  293.005671  0.920077
 305   306  480.646065  0.720083
 305   321  0.000000  3.279924
 306   198  453.551890  0.500302
 306   305  316.226009  0.720077
 306   307  224.630348  0.500000
 307   180  327.358585  0.500082
 307   306  250.609063  0.500000
 307   308  844.169060  0.500045
 308    29  1019.900000  0.149069
 308    44  16.437695  1.000000
 308   295  1212.499170  0.720350
 308   307  440.806360  0.500003
 308   309  37.000000  2.000000
 309    11  37.000000  1.000000
 309   308  485.800000  2.000020
 310   151  1252.443868  0.517579
 310   296  290.000000  1.579926
 310   313  64.049284  0.279924
 311   226  89.479811  0.500000
 311   302  670.815442  1.140192
 311   317  604.699585  0.720093
 312   304  308.835323  0.279925
 312   320  251.000000  2.720078
 313   310  1320.243868  0.280074
 313   314  0.000000  0.779924
 313   325  462.198132  1.720090
 314   131  126.726321  0.500002
 314   313  398.148848  0.279925
 314   315  0.000000  1.640152
 315   299  859.198529  1.920260
 315   314  126.726321  1.720076
 315   316  0.000000  2.579924
 315   327  507.303450  1.079937
 316   300  480.622545  1.920094
 316   315  370.794124  1.000003
 316   317  310.791656  0.859850
 316   328  390.772389  1.079929
 317   241  690.713388  0.501626
 317   311  640.953354  0.720097
 317   316  375.612382  1.000004
 317   318  0.000000  1.140152
 317   329  355.813524  1.079927
 318   317  0.000000  1.140152
 318   319  0.000000  1.000000
 319   303  1713.691288  2.143408
 319   318  0.000000  0.859848
 319   320  1172.633228  1.000334
 319   330  1514.986432  0.860648
 320   312  308.835323  2.720080
 320   319  10.200000  2.579924
 320   321  1030.949198  1.720419
 320   332  272.552084  0.720076
 321   305  100.647879  3.279924
 321   320  10.200000  1.640152
 321   333  0.000000  0.720076
 321   334  1030.949198  0.279980
 322    18  1647.777953  1.001301
 322   323  2185.800000  2.008054
 323   153  1848.850524  0.583479
 323   322  1647.777953  2.002601
 323   324  677.047156  0.500019
 324   129  837.801458  0.503520
 324   323  1647.777953  0.500650
 324   325  1056.118492  0.580052
 325   313  1320.243868  1.720998
 325   324  1139.123940  0.580096
 325   326  390.849476  0.859852
 325   340  1199.995220  0.359980
 326   325  753.214982  0.859897
 326   327  390.849476  1.579931
 327   315  859.198529  1.080028
 327   326  753.214982  1.580014
 327   328  794.983215  1.000070
 327   341  603.068138  1.000023
 328   316  791.414201  1.079999
 328   327  848.979670  1.000092
 328   329  1096.827486  1.000255
 328   342  458.904992  1.000008
 329    31  1191.100000  0.149070
 329    46  674.718611  1.000037
 329   317  950.180371  1.080080
 329   328  917.112272  1.000125
 329   343  553.783072  1.000017
 330    31  3156.500000  0.149156
 330    46  296.481820  1.000001
 330   224  1320.438712  0.521719
 330   319  2842.972432  0.869757
 330   331  392.500000  0.420078
 330   339  550.347721  0.640162
 331   330  938.599501  0.420133
 331   332  392.500000  1.920084
 332    32  836.810989  0.149069
 332    47  0.000000  0.920076
 332   320  188.703377  0.720076
 332   331  938.599501  1.920339
 332   345  386.108687  0.720079
 333    32  558.189011  0.149068
 333    47  154.790507  0.940152
 333   321  27.329430  0.720076
 333   334  724.934847  0.420096
 333   358  0.000000  2.079924
 334   321  83.518449  0.779924
 334   333  692.899436  0.420093
 334   335  1755.884045  0.280394
 335   200  1170.941452  0.513431
 335   334  776.417885  0.279942
 335   336  1467.191534  0.500409
 336   178  418.702149  0.500220
 336   335  986.356689  0.500083
 336   337  1948.353839  0.501271
 337    29  842.000000  0.149069
 337    33  594.754454  0.149068
 337    44  344.508066  3.000007
 337    48  8.841246  1.000000
 337   336  1017.510921  0.500095
 337   338  765.948892  2.000121
 338    10  765.948892  1.000061
 338   337  73.259176  2.000000
 339   243  366.300000  0.500129
 339   330  1888.981581  0.641589
 339   344  896.631848  0.420124
 340    30  1090.020184  0.149070
 340    45  0.000000  1.000000
 340   325  1778.680897  0.360484
 340   351  255.879801  1.720077
 341    30  1586.979816  0.149074
 341    45  99.484127  1.000000
 341   327  1263.332269  1.000449
 341   342  626.614280  1.000027
 341   353  382.406947  2.000008
 342   328  1093.258471  1.000252
 342   341  926.899732  1.000130
 342   343  379.626286  1.000004
 342   354  373.581619  2.000007
 343   329  974.271496  1.000159
 343   342  806.718399  1.000075
 343   344  30.583409  2.000000
 343   355  485.649062  2.000020
 344   339  139.595114  0.420076
 344   343  725.584131  2.000098
 344   356  214.631130  2.000001
 345   332  219.468907  0.720076
 345   346  386.108687  0.640154
 346   222  183.300000  0.500008
 346   345  219.468907  0.640152
 346   347  824.048697  1.080012
 347   245  1451.182637  0.531685
 347   346  219.468907  1.079925
 347   357  824.048697  0.279947
 348    18  502.422047  1.000011
 348   349  683.000000  2.000077
 349   156  0.000000  0.500000
 349   348  502.422047  2.000022
 349   350  725.683168  0.500024
 350   126  644.759396  0.501235
 350   349  28.100000  0.500000
 350   351  113.544978  0.859849
 351   340  5.602319  1.720076
 351   350  60.721207  0.859848
 351   352  98.985800  0.720076
 351   367  270.438980  2.000002
 352   351  60.721207  0.720076
 352   353  98.985800  1.420076
 353   341  1312.848786  2.001048
 353   352  60.721207  1.420076
 353   354  522.200531  1.000013
 353   369  659.382285  2.000067
 354   342  881.128437  2.000213
 354   353  326.023468  1.000002
 354   355  462.913734  1.000008
 354   370  229.803603  2.000001
 355   343  638.228878  2.000059
 355   354  217.103413  1.000000
 355   356  392.927824  2.000008
 355   371  441.292848  2.000013
 356   344  152.595118  2.000000
 356   355  185.747456  2.000000
 356   357  364.000700  2.000006
 356   372  281.840688  2.000002
 357   347  1636.592639  0.280279
 357   356  198.029894  2.000001
 357   358  420.439921  2.000011
 357   373  724.300664  2.000097
 358   333  25.355414  2.079924
 358   357  370.357854  2.000007
 358   359  438.016489  0.720080
 358   363  0.000000  1.720076
 359   202  338.849189  0.500094
 359   358  370.357854  0.720078
 359   360  724.650698  0.500024
 360   176  590.478793  0.500869
 360   359  542.289856  0.500008
 360   361  724.650698  0.500024
 361    33  441.445546  0.149068
 361    48  304.875480  1.000002
 361   360  1132.768649  0.500145
 361   362  393.451108  2.000008
 361   378  63.141246  2.000000
 362    10  393.451108  1.000004
 362   361  76.040824  2.000000
 363   358  42.931982  1.720076
 363   375  0.000000  0.279924
 364    19  984.181055  1.000166
 364   365  760.263085  2.000118
 365   158  1308.663604  0.520955
 365   364  984.181055  2.000331
 365   366  98.563085  0.500000
 366   124  0.000000  0.500000
 366   365  1631.144658  0.500624
 366   367  378.080345  0.859852
 367   351  5.602319  2.000000
 367   366  889.400114  0.859943
 367   368  406.060035  0.720079
 367   384  215.469498  2.279925
 368   367  862.410322  0.720146
 368   369  406.060035  1.420083
 369    34  1350.632762  0.149071
 369    49  131.454025  1.000000
 369   353  1747.736594  2.003292
 369   368  862.410322  1.420214
 369   370  1646.527148  1.001297
 370   354  786.983681  2.000135
 370   369  705.042619  1.000044
 370   371  876.156310  1.000104
 370   386  0.000000  2.000000
 371   355  555.242709  2.000034
 371   370  475.239016  1.000009
 371   372  735.314890  2.000103
 371   387  459.272087  2.000016
 372   356  178.595114  2.000000
 372   371  493.218256  2.000021
 372   373  755.425423  2.000115
 372   388  243.750915  2.000001
 373    35  850.689083  0.149069
 373    50  278.340009  1.000001
 373   357  1420.955867  2.001438
 373   372  475.239016  2.000018
 373   374  1249.348001  1.420686
 374   247  510.659344  0.500486
 374   373  717.307476  1.420142
 374   375  1249.348001  0.580173
 375   219  680.412469  0.501531
 375   363  42.931982  0.279924
 375   374  883.807357  0.579987
 375   376  551.358964  0.720087
 375   390  0.000000  2.000000
 376   204  1242.745237  0.517041
 376   375  883.807357  0.720153
 376   377  0.000000  0.500000
 377   174  0.000000  0.500000
 377   376  1575.193630  0.500543
 377   378  553.658754  0.500008
 378    36  421.545061  0.149068
 378    51  0.000000  1.000000
 378   361  570.252749  2.000037
 378   377  1248.327967  0.500214
 378   379  229.700000  2.000001
 379     9  229.700000  1.000000
 379   378  1270.590027  2.000920
 380    19  318.018945  1.000002
 380   381  277.736915  2.000002
 381   160  0.000000  0.500000
 381   380  318.018945  2.000004
 381   382  277.736915  0.500001
 382   122  139.390246  0.500003
 382   381  126.518945  0.500000
 382   383  1199.361087  0.580136
 383   382  126.518945  0.579924
 383   384  1199.361087  0.420229
 384   367  5.602319  2.279924
 384   383  126.518945  0.420076
 384   385  285.324611  2.000002
 384   401  2405.512321  2.011813
 385    34  319.267238  0.149068
 385    49  81.800000  1.000000
 385   384  1280.225291  2.000948
 385   386  669.646082  1.000035
 385   402  1279.995088  2.000947
 386   370  16.612842  2.000000
 386   385  1545.732388  1.001007
 386   387  667.569429  1.000035
 386   403  8.540371  2.000000
 387   371  414.401289  2.000010
 387   386  1554.272759  1.001029
 387   388  818.271058  2.000158
 387   404  767.531285  2.000122
 388   372  178.595114  2.000000
 388   387  1862.531957  2.004246
 388   389  726.217285  2.000098
 388   405  315.501493  2.000003
 389    35  275.110917  0.149068
 389    50  562.903855  1.000018
 389   388  1805.986240  2.003753
 389   390  550.803365  2.000032
 389   406  1116.276838  2.000548
 390   375  25.355414  2.000000
 390   389  2013.684080  2.005801
 390   391  1087.260436  0.720253
 390   407  237.458705  2.579926
 391   249  682.258630  0.501548
 391   390  2251.142785  0.723338
 391   392  1647.838700  0.420622
 392   207  507.461735  0.500474
 392   391  1488.272407  0.420439
 392   393  2071.113720  0.421439
 393   170  906.502415  0.504824
 393   392  1552.720990  0.420507
 393   394  1424.203347  0.140253
 394    36  543.154939  0.149068
 394    51  90.536551  1.000000
 394   393  1392.453875  0.140244
 394   395  603.100000  2.000047
 394   396  388.152513  0.579927
 395     9  603.100000  1.000023
 395   394  966.909973  2.000308
 396   215  1203.900000  0.515008
 396   394  185.383756  0.579924
 396   410  1.538880  2.000000
 397    20  6087.100000  1.242191
 397   398  503.600000  2.000023
 398   397  6087.100000  2.484382
 398   399  503.600000  0.579931
 399   163  1508.280599  0.536974
 399   398  6087.100000  0.720377
 399   400  744.812797  0.500027
 400   119  1460.578793  0.532514
 400   399  7081.893396  0.721862
 400   401  1319.380399  0.140226
 401    37  135.910440  0.149068
 401    52  1108.222791  1.000266
 401   384  127.902319  2.000000
 401   400  6294.411750  0.178961
 402    37  92.889560  0.149068
 402    52  3718.654580  1.033733
 402   385  232.698588  2.000001
 402   403  682.168182  1.000038
 402   412  749.250216  2.000111
 403   386  14.536189  2.000000
 403   402  1607.869579  1.001179
 403   404  667.631993  1.000035
 404   387  565.102918  2.000036
 404   403  1599.329209  1.001154
 404   405  1379.455407  2.001278
 404   413  1310.649784  2.001041
 405   388  214.837637  2.000001
 405   404  2142.447708  2.007433
 405   406  1263.509179  2.000899
 405   414  431.447721  2.000012
 406    38  616.100000  0.149068
 406    53  1466.680563  1.080806
 406   389  842.974399  2.000178
 406   405  1842.590230  2.004067
 406   415  1012.152279  2.000370
 407    38  1693.600000  0.149076
 407    53  1813.636200  1.061871
 407   390  561.812485  2.579970
 407   408  2929.575663  1.093956
 407   416  387.900000  2.000008
 408   211  2016.471110  0.618124
 408   407  3225.455448  1.100544
 408   409  1442.473898  0.500382
 409   167  686.300000  0.501585
 409   408  2455.538426  0.503207
 409   410  816.947487  0.220093
 410   396  1002.670123  2.000357
 410   409  500.916244  0.220078
 410   411  37.000000  2.000000
 411     8  37.000000  1.000000
 411   410  722.100000  2.000096
 412    21  749.250216  1.000056
 412   402  1364.873668  2.001224
 413    21  1310.649784  1.000521
 413   404  1276.926332  2.000938
 414    22  431.447721  1.000006
 414   405  514.695114  2.000025
 415    22  1012.152279  1.000185
 415   406  1009.704886  2.000367
 416    23  387.900000  1.000004
 416   407  1522.500000  2.001896
