<METADATA>
<File Name> ./Anaheim/Anaheim_MLT_0.1_0.9_0.8_0.2_flow.txt
<Number of Links> 914
<theta | lambda> 0.100000 | 0.900000<stoch | determ> 0.800000 | 0.200000<Optimal Objective> 5557603.299378
<System Cost> 1418566.269858

<LINKS>
~ Init node | Term node | Flow | Cost
   1   117  7074.900000  1.152920
   2    87  9662.500000  1.307773
   3    74  7669.000000  1.176694
   4   233  12173.800000  1.638023
   5   165  2586.800000  1.091575
   6   213  6576.600000  1.137096
   7   253  7137.100000  1.155146
   8   411  722.100000  1.000048
   9   379  1234.845433  1.000410
   9   395  1002.654567  1.000178
  10   338  73.754331  1.000000
  10   362  75.545669  1.000000
  11   309  485.800000  1.000010
  12   275  488.200000  1.000010
  13   262  37.000000  1.000000
  14   257  125.200000  1.000000
  15   254  407.100000  1.000005
  16   263  249.000000  1.000001
  17   276  648.300000  1.000031
  18   322  2185.800000  1.004027
  18   348  683.000000  1.000038
  19   364  760.250299  1.000059
  19   380  277.749701  1.000001
  20   397  503.600000  1.000011
  21   412  1415.780973  1.000709
  21   413  1226.019027  1.000399
  22   414  488.643063  1.000010
  22   415  1035.756937  1.000203
  23   416  1522.500000  1.000948
  24   266  203.100000  0.149068
  24   267  172.800000  0.149068
  25   268  4616.903459  0.149471
  25   269  3937.296541  0.149282
  26   273  2660.000000  0.149113
  26   274  315.000000  0.149068
  27   302  318.136413  0.149068
  27   303  229.563587  0.149068
  28   303  1443.606388  0.149072
  28   304  639.593612  0.149068
  29   308  747.346652  0.149069
  29   337  397.453348  0.149068
  30   340  1819.599819  0.149078
  30   341  1115.900181  0.149070
  31   329  1563.500000  0.149074
  31   330  2075.300000  0.149085
  32   332  1266.326429  0.149071
  32   333  791.573571  0.149069
  33   337  831.010088  0.149069
  33   361  952.189912  0.149069
  34   369  3886.490544  0.149271
  34   385  1435.709456  0.149072
  35   373  1514.617558  0.149073
  35   389  449.882442  0.149068
  36   378  484.283491  0.149068
  36   394  448.516509  0.149068
  37   401  222.900000  0.149068
  37   402  114.700000  0.149068
  38   406  597.579148  0.149068
  38   407  914.220852  0.149069
  39   266  21.611959  1.459848
  39   267  24.991538  1.459848
  40   268  37.411959  1.320076
  40   269  14.091538  1.320076
  41   273  286.403925  1.000001
  41   274  55.300000  1.000000
  42   302  312.670431  1.000002
  42   303  252.200000  1.000001
  43   303  5.600000  1.540152
  43   304  12.100000  1.540152
  44   308  254.128130  1.000001
  44   337  16.274318  3.000000
  45   340  0.000000  1.000000
  45   341  0.000000  1.000000
  46   329  269.477741  1.000001
  46   330  670.067442  1.000036
  47   332  143.100000  0.920076
  47   333  0.000000  0.940152
  48   337  214.178020  1.000000
  48   361  8.771724  1.000000
  49   369  81.800000  1.000000
  49   385  147.772161  1.000000
  50   373  618.095553  1.000026
  50   389  278.265719  1.000001
  51   378  19.020131  1.000000
  51   394  0.000000  1.000000
  52   401  3785.362341  1.036220
  52   402  1091.636246  1.000251
  53   406  1820.222556  1.082015
  53   407  1401.644701  1.060570
  54    56  2003.293159  0.333456
  54   230  567.126111  0.333334
  55    59  2823.887443  0.333818
  56   102  4557.793159  0.336622
  57    54  2570.419270  0.333666
  57   235  1287.800000  0.333354
  58   137  2291.275532  0.333543
  58   145  3788.300000  0.334903
  59   146  3271.935761  0.334207
  60   102  982.363128  0.333340
  60   230  2143.276042  0.333494
  61   136  3855.142779  0.335017
  62     2  13602.200000  1.943887
  63    62  13602.200000  3.174023
  64    63  6534.603590  0.600720
  64   189  162.909947  0.333333
  65    64  6697.513537  0.388229
  66    65  6697.513537  0.254761
  67    66  5465.213537  0.286190
  67   260  0.000000  0.500000
  68    67  5465.213537  1.843104
  69    68  5358.512053  0.285160
  69   258  741.096241  0.502155
  70    69  6099.608294  1.515332
  71    70  5939.771422  0.291555
  71   255  2384.654331  0.731032
  72    71  8324.425753  0.345683
  73    72  2232.500000  0.469465
  73   141  5436.500000  0.349586
  74    73  7669.000000  1.300994
  75     3  5676.600000  1.116346
  76    75  5676.600000  1.153659
  77    76  1991.346663  0.469226
  77   141  2578.104261  0.334155
  78    77  4569.450924  0.279248
  79    78  4304.890964  0.277840
  79   256  1241.857839  0.516993
  80    79  5546.748804  1.480969
  81    80  4286.639886  0.277752
  81   259  59.481502  0.500000
  82    81  4346.121387  1.790643
  83    82  4346.121387  0.278044
  83   261  942.100000  0.505628
  84    83  5288.221387  0.239035
  85    84  5288.221387  0.364265
  86    85  4507.287804  0.557790
  86   189  5155.212196  0.346474
  87    86  9662.500000  1.621011
  88     1  8328.000000  1.210379
  89    88  8328.000000  1.383233
  90    89  7725.457006  0.326816
  90   293  692.400058  0.501642
  91    90  8417.857064  0.293229
  92    91  8417.857064  0.404809
  93    92  3950.999263  0.353777
  93   183  1915.196541  0.333584
  93   195  510.877860  0.333335
  94    93  6377.073664  0.762271
  95    94  4503.520853  0.278874
  95   290  0.000000  0.500000
  96    95  4503.520853  1.271622
  97    96  3967.748687  0.276386
  97   288  1296.016993  0.520156
  98    97  5263.765680  0.648281
  99    98  5205.779070  0.283790
  99   283  842.080255  0.503592
 100    99  6047.859325  0.421924
 101   100  5540.156287  0.286950
 101   278  0.000000  0.500000
 102   101  5540.156287  0.814980
 103    59  448.048317  0.333334
 103    61  3678.968413  0.334729
 103   237  2831.800000  0.333823
 104   103  6958.816731  0.875610
 105   104  6958.816731  0.308297
 105   279  364.959123  0.500127
 106   105  7323.775854  0.455653
 107   106  6494.309940  0.299682
 107   284  0.000000  0.500000
 108   107  6494.309940  0.683365
 109   108  4559.069572  0.279188
 109   289  811.800000  0.503103
 110   109  5370.869572  1.300816
 111   110  5370.869572  0.285276
 111   291  850.056414  0.503730
 112   111  6220.925985  0.756189
 113   112  3549.416976  0.352121
 113   183  1640.091479  0.333468
 113   195  2498.616290  0.334059
 114   113  7688.124744  0.377850
 115   114  7688.124744  0.273701
 116   115  6819.400000  0.305522
 116   294  255.500000  0.500030
 117   116  7074.900000  1.242952
 118     5  4644.200000  1.102056
 119   118  4644.200000  1.118773
 120   119  3210.500000  0.274231
 120   400  2630.611189  0.842134
 121   120  5841.111189  0.580655
 122   121  5841.111189  0.662035
 123   122  5703.847733  0.288720
 123   382  1247.245229  0.517289
 124   123  6951.092962  0.973672
 125   124  6951.092962  0.308139
 125   366  1064.630383  0.509178
 126   125  8015.723345  1.059915
 127   126  7338.169425  0.316737
 127   350  0.000000  0.500000
 128   127  7338.169425  0.722257
 129   128  7338.169425  0.367367
 130   129  6527.982323  0.300247
 130   324  1795.085570  0.574184
 131   130  8323.067893  1.092154
 132   131  8140.266018  0.393685
 132   314  380.449980  0.500150
 133   132  8520.715998  0.606747
 134   133  8520.715998  0.451719
 135   134  8242.348943  0.342843
 135   298  499.500000  0.500445
 136   135  8741.848943  0.202373
 137   136  4886.706164  0.652512
 138    60  3125.639170  0.334061
 138   137  2595.430633  0.131269
 138   236  2512.000000  0.333637
 139   138  8233.069802  1.370110
 140   139  7940.904261  0.333119
 140   265  73.700000  0.500000
 141   140  8014.604261  1.153817
 142    72  6091.925753  0.358958
 142    76  3685.253337  0.336765
 143   142  9777.179090  1.416182
 144   143  9721.770627  0.408537
 144   264  380.888017  0.500150
 145   144  10102.658644  1.414215
 146   145  6314.358644  0.130639
 147    57  3858.219270  0.335022
 147   146  3042.422883  0.766971
 148   147  6900.642153  0.258026
 149   148  6384.042153  0.297890
 149   297  112.400000  0.500001
 150   149  6496.442153  0.383729
 151   150  6496.442153  0.251808
 152   151  5243.888293  0.647881
 152   310  222.200000  0.500017
 153   152  5466.088293  0.732624
 154   153  3615.675352  0.275215
 154   323  340.133899  0.500096
 155   154  3955.809250  0.320513
 156   155  3955.809250  0.630141
 157   156  3955.809250  0.276341
 157   349  513.626321  0.500497
 158   157  4469.435572  0.880607
 159   158  3201.054364  0.274212
 159   365  0.000000  0.500000
 160   159  3201.054364  0.866469
 161   160  3201.054364  0.274212
 161   381  191.500000  0.500010
 162   161  3392.554364  0.626240
 163   162  3392.554364  0.549261
 164   163  1832.100000  0.272786
 164   399  754.700000  0.502318
 165   164  2586.800000  1.093184
 166     6  6522.200000  1.135572
 167   166  6522.200000  1.200599
 168   167  5835.900000  0.290265
 168   409  1988.301384  0.611661
 169   168  7824.201384  0.936228
 170   169  4337.307069  0.355924
 171   170  3431.560367  0.065976
 171   216  1738.193612  0.333503
 172   171  5169.753979  0.294866
 172   393  385.550231  0.500158
 173   172  5555.304211  0.528321
 174   173  5555.304211  0.241213
 175   174  5555.304211  0.287107
 175   377  878.628276  0.504258
 176   175  6433.932486  0.896067
 177   176  5870.332486  0.290685
 177   360  0.000000  0.500000
 178   177  5870.332486  0.872054
 179   178  5445.750863  0.285997
 179   336  868.956472  0.504073
 180   179  6314.707334  2.077666
 181   180  5986.425460  0.292157
 181   307  756.700000  0.502342
 182   181  6743.125460  0.170236
 183   182  6743.125460  0.437913
 184    92  1661.743730  0.333475
 184   112  2213.380946  0.333780
 184   183  3187.837440  0.394869
 185   184  7062.962116  0.844415
 186   185  7062.962116  0.447140
 187   186  5124.513680  0.283108
 187   272  193.608462  0.500010
 188   187  5318.122142  0.934185
 189   188  5318.122142  0.808836
 190    63  7067.596410  0.379756
 190    85  780.933583  0.333340
 191   190  7848.529993  0.938252
 192   191  7848.529993  1.083658
 193   192  7100.229993  0.311287
 193   271  1742.020461  0.565794
 194   193  8842.250453  0.526565
 195   194  8842.250453  0.994407
 196    92  2805.114071  0.334485
 196   112  458.128064  0.333334
 196   195  5832.756303  0.417970
 197   196  9095.998439  0.542616
 198   197  9095.998439  0.210938
 199   198  8526.321943  0.353033
 199   306  279.984629  0.500044
 200   199  8806.306573  2.548897
 201   200  7433.090097  0.319065
 201   335  805.974375  0.503015
 202   201  8239.064472  1.028194
 203   202  8239.064472  0.342731
 203   359  543.029286  0.500621
 204   203  8782.093758  1.089378
 205   204  6974.637827  0.308622
 205   376  0.000000  0.500000
 206   205  6974.637827  0.259290
 207   206  6974.637827  0.567912
 208   207  6739.593288  0.316215
 209   208  4113.791232  0.066515
 209   392  392.397484  0.500169
 210   209  4506.188716  0.357062
 210   250  3127.295509  0.335113
 211   210  7633.484224  0.921005
 212   211  5274.703799  0.284393
 212   408  1301.896201  0.520525
 213   212  6576.600000  1.204320
 214     7  4983.600000  1.105837
 215   214  4983.600000  1.105837
 216   215  3779.700000  0.394438
 217   169  3486.894315  0.336084
 217   216  2041.506388  0.589040
 218   217  5528.400703  0.289616
 218   392  469.800000  0.500348
 219   218  5998.200703  0.797181
 220   219  5317.801245  0.510824
 220   363  0.000000  0.500000
 221   220  5317.801245  1.188207
 222   221  5317.801245  0.321973
 223   222  5167.406388  0.432169
 223   346  621.165719  0.501064
 224   223  5788.572106  0.995378
 225   224  4468.665719  0.627311
 225   330  1472.826111  0.533618
 226   225  5941.491830  0.964555
 227   226  5852.124137  0.403134
 227   311  155.455226  0.500004
 228   227  6007.579363  1.122932
 229   228  5972.336719  0.482451
 229   277  277.789902  0.500043
 230   229  6250.126621  0.124178
 231    56  2554.500000  0.333658
 231   230  3539.724468  0.295563
 232    58  6079.575532  0.343744
 232   231  6094.224468  0.326163
 233   232  12173.800000  1.638023
 234     4  10223.900000  1.362852
 235   234  10223.900000  1.362852
 236   235  8936.100000  0.137485
 237   236  6424.100000  0.260485
 238    55  2823.887443  0.333818
 238    61  176.174365  0.333333
 238   237  3592.300000  0.229910
 239   238  6592.361809  0.238927
 240   239  5789.615071  0.480857
 240   299  422.044263  0.500227
 241   240  6211.659333  0.969757
 242   241  5520.127354  0.634840
 242   317  252.490614  0.500029
 243   242  5772.617968  0.961644
 244   243  5406.317968  0.400274
 244   339  2420.710103  0.745326
 245   244  7827.028071  1.136708
 246   245  6329.382192  0.644453
 246   347  0.000000  0.500000
 247   246  6329.382192  1.209688
 248   247  5934.894667  0.403742
 248   374  342.018930  0.500098
 249   248  6276.913596  0.925996
 250   249  5631.650811  0.368042
 251   250  2504.355302  0.054572
 251   391  2006.942642  0.615907
 252   208  2625.802056  0.334218
 252   251  4511.297944  0.528293
 253   252  7137.100000  1.155146
 254    15  3703.300000  1.033180
 254   255  407.100000  2.000010
 255    70  159.836872  0.500005
 255   254  3703.300000  2.066359
 255   256  247.263128  0.500000
 256    78  264.559960  0.500035
 256   255  1318.645669  0.500267
 256   266  12.503168  1.920076
 257    14  37.000000  1.000000
 257   258  125.200000  2.000000
 258    68  106.701484  0.500001
 258   257  37.000000  2.000000
 258   259  795.335388  0.500035
 259    80  1260.108918  0.518014
 259   258  72.740631  0.500000
 259   267  798.478892  1.920213
 260    66  1232.300000  0.516475
 260   261  0.000000  0.500000
 261    82  0.000000  0.500000
 261   260  1232.300000  0.500203
 261   269  942.100000  1.860107
 262    13  592.800000  1.000022
 262   273  37.000000  2.000000
 263    16  241.500000  1.000001
 263   264  249.000000  2.000001
 264   143  55.408462  0.500000
 264   263  241.500000  2.000001
 264   265  396.491514  0.500002
 265   139  292.165542  0.500052
 265   264  63.511959  0.500000
 265   266  261.691514  1.000001
 266    24  352.390378  0.149068
 266    39  24.991538  1.459848
 266   256  106.587830  1.920076
 266   265  147.177501  1.000000
 266   277  49.737626  3.579924
 267    24  294.709622  0.149068
 267    39  21.611959  1.459848
 267   259  1276.511551  1.920975
 267   268  2041.143755  1.003062
 267   281  1167.309588  1.640689
 268    25  4509.034724  0.149435
 268    40  14.091538  1.320076
 268   267  2619.413151  1.008305
 268   287  2209.972762  1.727314
 269    25  3871.665276  0.149268
 269    40  37.411959  1.320076
 269   261  1232.300000  1.860605
 269   270  653.935268  1.000032
 269   290  2065.152811  2.508022
 270   269  2210.117906  1.004209
 270   271  653.935268  0.579943
 271   192  748.300000  0.502240
 271   270  2210.117906  0.582365
 271   272  703.049782  0.500022
 272   186  1938.448437  0.600876
 272   271  1265.511959  0.500226
 272   273  503.114514  2.279950
 273    26  320.752684  0.149068
 273    41  55.300000  1.000000
 273   262  592.800000  2.000044
 273   272  2810.416666  0.283005
 273   292  29.183334  2.000000
 274    26  360.347316  0.149068
 274    41  286.403925  1.000001
 274   275  501.600000  2.000022
 274   293  615.000000  1.420112
 275    12  501.600000  1.000011
 275   274  488.200000  2.000020
 276    17  1184.000000  1.000347
 276   296  648.300000  2.000062
 277   228  35.242644  0.500000
 277   266  181.978232  3.579925
 277   299  292.284884  0.720077
 278   100  507.703039  0.500475
 278   279  0.000000  0.500000
 279   104  0.000000  0.500000
 279   278  507.703039  0.500006
 279   280  364.959123  0.420077
 280   279  507.703039  0.420081
 280   300  364.959123  0.420077
 281   267  1185.602895  1.640723
 281   282  1167.309588  0.580114
 282   281  1185.602895  0.580126
 282   283  1167.309588  0.359966
 283    98  57.986609  0.500000
 283   282  1185.602895  0.359974
 283   284  1167.309588  0.500164
 284   106  829.465914  0.503382
 284   283  401.509250  0.500002
 284   285  337.843674  0.279925
 285   284  401.509250  0.279926
 285   286  337.843674  0.579926
 286   285  401.509250  0.579927
 286   302  337.843674  0.420077
 287   268  2657.053002  1.735200
 287   288  2209.972762  0.723106
 288    96  535.772167  0.500589
 288   287  2657.053002  0.726407
 288   289  2359.235890  0.502733
 289   108  1935.240368  0.600210
 289   288  2046.071303  0.501546
 289   303  1619.572669  1.221557
 290    94  1873.552811  0.588031
 290   269  756.859329  2.500145
 290   291  191.600000  0.500000
 291   110  0.000000  0.500000
 291   290  756.859329  0.500029
 291   304  406.616666  1.279930
 292   273  321.934245  2.000004
 292   305  29.183334  1.859848
 293    89  602.542994  0.500942
 293   274  904.851241  1.420244
 293   294  335.200000  0.500001
 294   115  868.724744  0.504069
 294   293  535.194176  0.500007
 294   295  310.700000  0.279925
 295   294  1123.918920  0.280003
 295   308  310.700000  0.720077
 296   276  1184.000000  2.000693
 296   297  611.983796  0.420086
 296   310  36.316204  1.579924
 297   148  516.600000  0.500509
 297   296  894.000000  0.420123
 297   298  207.783796  0.500000
 298   134  278.367055  0.500043
 298   297  894.000000  0.500056
 298   299  124.400000  1.140152
 299   239  802.746738  0.502967
 299   277  181.978232  0.720076
 299   298  589.483259  1.140176
 299   300  256.860584  1.000001
 299   315  261.416631  1.920077
 300   280  507.703039  0.420081
 300   299  331.383259  1.000002
 300   301  155.268253  0.500000
 300   316  364.959123  1.920082
 301   300  331.383259  0.500001
 301   302  155.268253  0.500000
 302    27  207.300000  0.149068
 302    42  252.200000  1.000001
 302   286  401.509250  0.420078
 302   301  331.383259  0.500001
 302   311  624.767260  1.140182
 303    27  144.400000  0.149068
 303    28  825.918442  0.149069
 303    42  312.670431  1.000002
 303    43  12.100000  1.540152
 303   289  2429.848450  1.227579
 303   319  1543.542644  2.142295
 304    28  453.281558  0.149068
 304    43  5.600000  1.540152
 304   291  121.819581  1.279924
 304   305  751.629925  0.920128
 304   312  251.000000  0.279924
 305   292  321.934245  1.859852
 305   304  236.364892  0.920076
 305   306  592.004025  0.720091
 305   321  0.000000  3.279924
 306   198  569.676496  0.500752
 306   305  331.611829  0.720077
 306   307  223.559658  0.500000
 307   180  328.281874  0.500083
 307   306  252.859328  0.500000
 307   308  842.566046  0.500044
 308    29  1019.900000  0.149069
 308    44  16.274318  1.000000
 308   295  1123.918920  0.720278
 308   307  443.447590  0.500003
 308   309  37.000000  2.000000
 309    11  37.000000  1.000000
 309   308  485.800000  2.000020
 310   151  1252.553860  0.517586
 310   296  290.000000  1.579926
 310   313  36.316204  0.279924
 311   226  89.367693  0.500000
 311   302  693.240996  1.140198
 311   317  660.923047  0.720100
 312   304  288.655894  0.279925
 312   320  251.000000  2.720078
 313   310  1320.353860  0.280074
 313   314  0.000000  0.779924
 313   325  416.766183  1.720085
 314   131  182.801875  0.500008
 314   313  380.449980  0.279925
 314   315  0.000000  1.640152
 315   299  922.373038  1.920321
 315   314  182.801875  1.720076
 315   316  0.000000  2.579924
 315   327  466.865373  1.079933
 316   300  406.110708  1.920085
 316   315  388.250617  1.000004
 316   317  353.973200  0.859851
 316   328  435.166586  1.079931
 317   241  691.531979  0.501634
 317   311  663.309250  0.720100
 317   316  458.458079  1.000008
 317   318  0.000000  1.140152
 317   329  385.266843  1.079928
 318   317  0.000000  1.140152
 318   319  0.000000  1.000000
 319   303  1717.937324  2.143440
 319   318  0.000000  0.859848
 319   320  1201.990597  1.000368
 319   330  1510.473433  0.860638
 320   312  288.655894  2.720079
 320   319  10.200000  2.579924
 320   321  1062.905453  1.720463
 320   332  272.469210  0.720076
 321   305  37.878074  3.279924
 321   320  10.200000  1.640152
 321   333  0.000000  0.720076
 321   334  1062.905453  0.279987
 322    18  1648.676240  1.001303
 322   323  2185.800000  2.008054
 323   153  1850.412941  0.583762
 323   322  1648.676240  2.002607
 323   324  675.520958  0.500018
 324   129  810.187101  0.503078
 324   323  1648.676240  0.500652
 324   325  1011.972091  0.580032
 325   313  1320.353860  1.720998
 325   324  1000.228905  0.580027
 325   326  389.287059  0.859852
 325   340  1145.834485  0.359958
 326   325  726.627488  0.859891
 326   327  389.287059  1.579931
 327   315  922.373038  1.080062
 327   326  726.627488  1.580002
 327   328  829.141679  1.000083
 327   341  596.697579  1.000022
 328   316  760.083907  1.079988
 328   327  856.459694  1.000095
 328   329  1048.128829  1.000213
 328   342  435.166586  1.000006
 329    31  1191.100000  0.149070
 329    46  670.067442  1.000036
 329   317  931.179290  1.080067
 329   328  856.459694  1.000095
 329   343  616.884890  1.000026
 330    31  3156.500000  0.149156
 330    46  269.477741  1.000001
 330   224  1319.906388  0.521684
 330   319  2876.658711  0.870236
 330   331  392.500000  0.420078
 330   339  546.367046  0.640162
 331   330  911.589732  0.420127
 331   332  392.500000  1.920084
 332    32  802.669210  0.149069
 332    47  0.000000  0.920076
 332   320  171.039961  0.720076
 332   331  911.589732  1.920310
 332   345  368.517116  0.720078
 333    32  592.330790  0.149068
 333    47  143.100000  0.940152
 333   321  22.270652  0.720076
 333   334  736.397776  0.420098
 333   358  32.905143  2.079924
 334   321  25.807422  0.779924
 334   333  713.085995  0.420095
 334   335  1799.303229  0.280442
 335   200  1373.216476  0.525405
 335   334  738.893418  0.279939
 335   336  1545.032339  0.500503
 336   178  424.581623  0.500232
 336   335  1051.864628  0.500108
 336   337  2026.358021  0.501487
 337    29  842.000000  0.149069
 337    33  598.441670  0.149068
 337    44  254.128130  3.000002
 337    48  8.771724  1.000000
 337   336  1088.815462  0.500124
 337   338  766.871140  2.000122
 338    10  766.871140  1.000061
 338   337  73.754331  2.000000
 339   243  366.300000  0.500129
 339   330  1921.153167  0.641690
 339   344  793.167046  0.420105
 340    30  1029.701113  0.149069
 340    45  0.000000  1.000000
 340   325  1700.338547  0.360379
 340   351  240.960745  1.720077
 341    30  1647.298887  0.149075
 341    45  0.000000  1.000000
 341   327  1362.227658  1.000607
 341   342  623.696918  1.000027
 341   353  376.713330  2.000007
 342   328  979.071057  1.000162
 342   341  885.494041  1.000108
 342   343  417.402198  1.000005
 342   354  328.739551  2.000004
 343   329  999.317903  1.000176
 343   342  741.300439  1.000053
 343   344  24.766769  2.000000
 343   355  514.684559  2.000025
 344   339  113.543063  0.420076
 344   343  626.100052  2.000054
 344   356  204.833814  2.000001
 345   332  179.420379  0.720076
 345   346  368.517116  0.640154
 346   222  150.394857  0.500004
 346   345  179.420379  0.640152
 346   347  839.287977  1.080019
 347   245  1497.645879  0.535942
 347   346  179.420379  1.079924
 347   357  839.287977  0.279949
 348    18  501.523760  1.000011
 348   349  683.000000  2.000077
 349   156  0.000000  0.500000
 349   348  501.523760  2.000022
 349   350  723.202561  0.500024
 350   126  677.553921  0.501506
 350   349  28.100000  0.500000
 350   351  105.148641  0.859849
 351   340  5.566101  1.720076
 351   350  87.600000  0.859848
 351   352  89.644837  0.720076
 351   367  256.464548  2.000002
 352   351  87.600000  0.720076
 352   353  89.644837  1.420076
 353   341  1411.844993  2.001402
 353   352  87.600000  1.420076
 353   354  699.648442  1.000042
 353   369  618.489418  2.000052
 354   342  810.542905  2.000152
 354   353  321.757555  1.000002
 354   355  520.344893  1.000013
 354   370  278.516969  2.000002
 355   343  619.682529  2.000052
 355   354  309.301541  1.000002
 355   356  313.791010  2.000003
 355   371  420.314039  2.000011
 356   344  126.543115  2.000000
 356   355  227.931077  2.000001
 356   357  299.157779  2.000003
 356   372  257.758176  2.000002
 357   347  1677.066259  0.280315
 357   356  240.222259  2.000001
 357   358  169.818244  2.000000
 357   373  738.622906  2.000105
 358   333  22.344794  2.079924
 358   357  393.035221  2.000008
 358   359  169.818244  0.720076
 358   363  32.905143  1.720076
 359   202  0.000000  0.500000
 359   358  393.035221  0.720079
 359   360  712.847530  0.500023
 360   176  563.600000  0.500721
 360   359  393.035221  0.500002
 360   361  712.847530  0.500023
 361    33  437.758330  0.149068
 361    48  214.178020  1.000000
 361   360  956.635221  0.500074
 361   362  392.528860  2.000008
 361   378  63.071724  2.000000
 362    10  392.528860  1.000004
 362   361  75.545669  2.000000
 363   358  22.344794  1.720076
 363   375  32.905143  0.279924
 364    19  983.792750  1.000165
 364   365  760.250299  2.000118
 365   158  1268.381208  0.518491
 365   364  983.792750  2.000330
 365   366  98.550299  0.500000
 366   124  0.000000  0.500000
 366   365  1590.473958  0.500564
 366   367  392.480682  0.859852
 367   351  5.566101  2.000000
 367   366  819.773958  0.859917
 367   368  420.258885  0.720080
 367   384  228.686345  2.279925
 368   367  819.773958  0.720133
 368   369  420.258885  1.420084
 369    34  1328.653299  0.149071
 369    49  147.772161  1.000000
 369   353  2029.467130  2.005985
 369   368  819.773958  1.420189
 369   370  1410.789224  1.000699
 370   354  593.472788  2.000044
 370   369  729.416925  1.000050
 370   371  828.842975  1.000083
 370   386  0.000000  2.000000
 371   355  400.128590  2.000009
 371   370  450.899956  1.000007
 371   372  828.842975  2.000167
 371   387  438.287061  2.000013
 372   356  152.543063  2.000000
 372   371  468.872977  2.000017
 372   373  828.842975  2.000167
 372   388  239.785154  2.000001
 373    35  850.224326  0.149069
 373    50  278.265719  1.000001
 373   357  1294.248691  2.000990
 373   372  450.899956  2.000015
 373   374  1519.051732  1.421410
 374   247  394.487525  0.500173
 374   373  692.511432  1.420133
 374   375  1519.051732  0.580469
 375   219  680.399458  0.501531
 375   363  22.344794  0.279924
 375   374  744.980027  0.579956
 375   376  838.652274  0.720139
 375   390  32.905143  2.000000
 376   204  1807.455930  0.576250
 376   375  744.980027  0.720115
 376   377  0.000000  0.500000
 377   174  0.000000  0.500000
 377   376  1713.783683  0.500761
 377   378  553.728276  0.500008
 378    36  421.548051  0.149068
 378    51  0.000000  1.000000
 378   361  314.817320  2.000003
 378   377  1388.883683  0.500328
 378   379  229.700000  2.000001
 379     9  229.700000  1.000000
 379   378  1234.845433  2.000820
 380    19  318.407250  1.000002
 380   381  277.749701  2.000002
 381   160  0.000000  0.500000
 381   380  318.407250  2.000004
 381   382  277.749701  0.500001
 382   122  137.263455  0.500003
 382   381  126.907250  0.500000
 382   383  1387.731474  0.580304
 383   382  126.907250  0.579924
 383   384  1387.731474  0.420351
 384   367  5.566101  2.279924
 384   383  126.907250  0.420076
 384   385  331.906685  2.000004
 384   401  2540.029134  2.014686
 385    34  341.246701  0.149068
 385    49  81.800000  1.000000
 385   384  1260.125248  2.000890
 385   386  671.824180  1.000036
 385   402  1329.310525  2.001102
 386   370  11.526539  2.000000
 386   385  1537.297963  1.000985
 386   387  679.369202  1.000038
 386   403  8.537355  2.000000
 387   371  400.128590  2.000009
 387   386  1545.835317  1.001007
 387   388  830.898034  2.000168
 387   404  740.884667  2.000106
 388   372  152.543063  2.000000
 388   387  1848.432924  2.004119
 388   389  737.089515  2.000104
 388   405  313.275564  2.000003
 389    35  275.575674  0.149068
 389    50  618.095553  1.000026
 389   388  1791.883700  2.003637
 389   390  573.244539  2.000038
 389   406  1119.891742  2.000555
 390   375  22.344794  2.000000
 390   389  2001.300371  2.005660
 390   391  836.402010  0.720138
 390   407  271.139852  2.579927
 391   249  645.262786  0.501239
 391   390  2239.535080  0.723271
 391   392  1369.950855  0.420337
 392   207  235.044539  0.500022
 392   391  1411.404068  0.420370
 392   393  1997.103799  0.421255
 393   170  905.746702  0.504808
 393   392  1411.404068  0.420370
 393   394  1350.197858  0.140234
 394    36  543.151949  0.149068
 394    51  19.020131  1.000000
 394   393  1284.694598  0.140219
 394   395  603.100000  2.000047
 394   396  385.522388  0.579927
 395     9  603.100000  1.000023
 395   394  1002.654567  2.000357
 396   215  1203.900000  0.515008
 396   394  34.120131  0.579924
 396   410  1.518588  2.000000
 397    20  6087.100000  1.242191
 397   398  503.600000  2.000023
 398   397  6087.100000  2.484382
 398   399  503.600000  0.579931
 399   163  1560.454364  0.542362
 399   398  6087.100000  0.720377
 399   400  742.684268  0.500027
 400   119  1433.700000  0.530186
 400   399  7131.938632  0.728201
 400   401  1290.635141  0.140220
 401    37  136.445952  0.149068
 401    52  1091.636246  1.000251
 401   384  127.866101  2.000000
 401   400  6482.978316  0.183824
 402    37  92.354048  0.149068
 402    52  3785.362341  1.036220
 402   385  231.620390  2.000001
 402   403  677.865339  1.000037
 402   412  783.131579  2.000133
 403   386  19.071562  2.000000
 403   402  1618.905952  1.001212
 403   404  658.793778  1.000033
 404   387  551.657421  2.000033
 404   403  1610.368598  1.001186
 404   405  1333.155383  2.001114
 404   413  1276.768421  2.000938
 405   388  188.774178  2.000000
 405   404  2146.252352  2.007486
 405   406  1218.963902  2.000779
 405   414  427.467046  2.000012
 406    38  616.100000  0.149068
 406    53  1401.644701  1.080660
 406   389  912.153162  2.000244
 406   405  1846.383467  2.004100
 406   415  1016.132954  2.000376
 407    38  1693.600000  0.149076
 407    53  1820.222556  1.061901
 407   390  285.502266  2.579927
 407   408  3121.539527  1.098012
 407   416  387.900000  2.000008
 408   211  2358.780425  0.721167
 408   407  3199.258944  1.099882
 408   409  1445.096743  0.500385
 409   167  686.300000  0.501585
 409   408  2579.700384  0.503906
 409   410  819.577612  0.220093
 410   396  854.016331  2.000188
 410   409  652.179869  0.220083
 410   411  37.000000  2.000000
 411     8  37.000000  1.000000
 411   410  722.100000  2.000096
 412    21  783.131579  1.000066
 412   402  1415.780973  2.001418
 413    21  1276.768421  1.000469
 413   404  1226.019027  2.000797
 414    22  427.467046  1.000006
 414   405  488.643063  2.000020
 415    22  1016.132954  1.000188
 415   406  1035.756937  2.000406
 416    23  387.900000  1.000004
 416   407  1522.500000  2.001896
