<METADATA>
<Number of Links> 914
<Total Flows> 104694.400000
<Optimal Objective> 1292378.663562

<LINKS>
~ Init node | Term node | Flow | Cost
   1   117  7074.900000  1.152920
   2    87  9662.500000  1.307773
   3    74  7669.000000  1.176694
   4   233  12173.800000  1.638023
   5   165  2586.800000  1.091575
   6   213  6576.600000  1.137096
   7   253  7137.100000  1.155146
   8   411  722.100000  1.000048
   9   379  1270.152858  1.000459
   9   395  967.347142  1.000154
  10   338  76.359951  1.000000
  10   362  72.940049  1.000000
  11   309  485.800000  1.000010
  12   275  488.200000  1.000010
  13   262  37.000000  1.000000
  14   257  125.200000  1.000000
  15   254  407.100000  1.000005
  16   263  249.000000  1.000001
  17   276  648.300000  1.000031
  18   322  2185.178180  1.004022
  18   348  683.621820  1.000039
  19   364  767.959729  1.000061
  19   380  270.040271  1.000001
  20   397  503.600000  1.000011
  21   412  1390.743769  1.000660
  21   413  1251.056231  1.000432
  22   414  515.678405  1.000012
  22   415  1008.721595  1.000183
  23   416  1522.500000  1.000948
  24   266  199.790101  0.149068
  24   267  176.109899  0.149068
  25   268  4619.715168  0.149472
  25   269  3934.484832  0.149281
  26   273  2391.841652  0.149097
  26   274  583.158348  0.149068
  27   302  318.123995  0.149068
  27   303  229.576005  0.149068
  28   303  1444.129941  0.149072
  28   304  639.070059  0.149068
  29   308  741.823090  0.149069
  29   337  402.976910  0.149068
  30   340  1820.037077  0.149078
  30   341  1115.462923  0.149070
  31   329  1563.500000  0.149074
  31   330  2075.300000  0.149085
  32   332  1313.550963  0.149071
  32   333  744.349037  0.149069
  33   337  864.608209  0.149069
  33   361  918.591791  0.149069
  34   369  3886.476868  0.149271
  34   385  1435.723132  0.149072
  35   373  1514.624520  0.149073
  35   389  449.875480  0.149068
  36   378  491.835276  0.149068
  36   394  440.964724  0.149068
  37   401  226.057547  0.149068
  37   402  111.542453  0.149068
  38   406  576.552858  0.149068
  38   407  935.247142  0.149069
  39   266  21.577745  1.459848
  39   267  24.928621  1.459848
  40   268  37.377745  1.320076
  40   269  14.028621  1.320076
  41   273  295.006035  1.000001
  41   274  55.769905  1.000000
  42   302  405.979593  1.000005
  42   303  303.199313  1.000001
  43   303  5.600000  1.540152
  43   304  12.100000  1.540152
  44   308  430.568543  1.000006
  44   337  47.855515  3.000000
  45   340  99.720931  1.000000
  45   341  0.000000  1.000000
  46   329  329.868997  1.000002
  46   330  674.475141  1.000037
  47   332  188.076571  0.920076
  47   333  0.000000  0.940152
  48   337  393.581706  1.000004
  48   361  8.842682  1.000000
  49   369  81.800000  1.000000
  49   385  131.928739  1.000000
  50   373  564.020512  1.000018
  50   389  278.337297  1.000001
  51   378  89.947880  1.000000
  51   394  0.000000  1.000000
  52   401  3736.460892  1.034384
  52   402  1102.712554  1.000261
  53   406  1823.092174  1.082029
  53   407  1444.537829  1.060663
  54    56  2343.325361  0.333563
  54   230  560.253818  0.333334
  55    59  2894.588621  0.333868
  56   102  5492.793151  0.340270
  57    54  2903.579179  0.333875
  57   235  1287.800000  0.333354
  58   137  2293.400554  0.333544
  58   145  3142.332897  0.334076
  59   146  3348.465013  0.334291
  60   102  635.971272  0.333335
  60   230  2150.796948  0.333496
  61   136  3763.831551  0.334863
  62     2  13602.200000  1.943887
  63    62  13602.200000  3.174023
  64    63  5581.712634  0.574769
  64   189  509.299468  0.333335
  65    64  6091.012102  0.375844
  66    65  6091.012102  0.246634
  67    66  4858.712102  0.281094
  67   260  0.000000  0.500000
  68    67  4858.712102  1.810291
  69    68  4752.161673  0.280375
  69   258  739.856225  0.502141
  70    69  5492.017897  1.478078
  71    70  5332.266828  0.284916
  71   255  2404.705810  0.738901
  72    71  7736.972638  0.327139
  73    72  2578.977659  0.469972
  73   141  5090.022341  0.345822
  74    73  7669.000000  1.300994
  75     3  5676.600000  1.116346
  76    75  5676.600000  1.153659
  77    76  1957.269447  0.469199
  77   141  2662.717351  0.334269
  78    77  4619.986798  0.279547
  79    78  4355.167731  0.278089
  79   256  1233.080252  0.516517
  80    79  5588.247984  1.483219
  81    80  4333.245178  0.277980
  81   259  59.459825  0.500000
  82    81  4392.705003  1.792166
  83    82  4392.705003  0.278280
  83   261  942.100000  0.505628
  84    83  5334.805003  0.239392
  85    84  5334.805003  0.364809
  86    85  4591.683386  0.558757
  86   189  5070.816614  0.345635
  87    86  9662.500000  1.621011
  88     1  8328.000000  1.210379
  89    88  8328.000000  1.383233
  90    89  7743.814727  0.327333
  90   293  626.562137  0.501101
  91    90  8370.376864  0.291792
  92    91  8370.376864  0.402826
  93    92  3603.293554  0.352313
  93   183  1285.768897  0.333384
  93   195  1676.200344  0.333480
  94    93  6565.262795  0.770219
  95    94  5118.259443  0.283057
  95   290  0.000000  0.500000
  96    95  5118.259443  1.290698
  97    96  4573.015567  0.279269
  97   288  1240.241785  0.516904
  98    97  5813.257352  0.661271
  99    98  5745.780353  0.289200
  99   283  827.051280  0.503343
 100    99  6572.831633  0.433508
 101   100  6128.764423  0.294083
 101   278  0.000000  0.500000
 102   101  6128.764423  0.835242
 103    59  453.876392  0.333334
 103    61  3631.661479  0.334659
 103   237  2747.630547  0.333768
 104   103  6833.168419  0.868486
 105   104  6833.168419  0.305789
 105   279  409.205887  0.500200
 106   105  7242.374305  0.452896
 107   106  6264.425085  0.296048
 107   284  0.000000  0.500000
 108   107  6264.425085  0.675079
 109   108  4491.609867  0.278808
 109   289  811.800000  0.503103
 110   109  5303.409867  1.297970
 111   110  5303.409867  0.284652
 111   291  630.626237  0.501130
 112   111  5934.036104  0.746149
 113   112  3585.961484  0.352251
 113   183  1646.260346  0.333470
 113   195  2633.204350  0.334228
 114   113  7865.426179  0.383738
 115   114  7865.426179  0.277966
 116   115  6819.400000  0.305522
 116   294  255.500000  0.500030
 117   116  7074.900000  1.242952
 118     5  4644.200000  1.102056
 119   118  4644.200000  1.118773
 120   119  3183.616735  0.274178
 120   400  2842.237727  0.966244
 121   120  6025.854462  0.585354
 122   121  6025.854462  0.667393
 123   122  5886.730448  0.290888
 123   382  1036.973406  0.508261
 124   123  6923.703854  0.971913
 125   124  6923.703854  0.307582
 125   366  1011.114824  0.507468
 126   125  7934.818678  1.052022
 127   126  7289.424321  0.315577
 127   350  0.000000  0.500000
 128   127  7289.424321  0.719610
 129   128  7289.424321  0.366021
 130   129  6450.655706  0.298961
 130   324  1723.933031  0.563104
 131   130  8174.588737  1.076126
 132   131  8048.304991  0.390243
 132   314  401.553087  0.500186
 133   132  8449.858078  0.602216
 134   133  8449.858078  0.448346
 135   134  8229.559231  0.342409
 135   298  499.500000  0.500445
 136   135  8729.059231  0.202083
 137   136  4965.227680  0.653837
 138    60  2786.768219  0.333793
 138   137  2671.827126  0.131310
 138   236  2512.000000  0.333637
 139   138  7970.595345  1.336118
 140   139  7679.039692  0.325525
 140   265  73.700000  0.500000
 141   140  7752.739692  1.126943
 142    72  5157.994979  0.346502
 142    76  3719.330553  0.336894
 143   142  8877.325532  1.262931
 144   143  8821.854153  0.364775
 144   264  383.310498  0.500154
 145   144  9205.164651  1.252639
 146   145  6062.831754  0.129041
 147    57  4191.379179  0.335685
 147   146  2714.366741  0.765634
 148   147  6905.745919  0.258112
 149   148  6389.145919  0.297971
 149   297  112.400000  0.500001
 150   149  6501.545919  0.383838
 151   150  6501.545919  0.251880
 152   151  5248.561019  0.647975
 152   310  222.200000  0.500017
 153   152  5470.761019  0.732743
 154   153  3622.582745  0.275235
 154   323  340.089241  0.500096
 155   154  3962.671986  0.320543
 156   155  3962.671986  0.630200
 157   156  3962.671986  0.276367
 157   349  516.954364  0.500510
 158   157  4479.626350  0.880783
 159   158  3177.820465  0.274166
 159   365  0.000000  0.500000
 160   159  3177.820465  0.866324
 161   160  3177.820465  0.274166
 161   381  184.500651  0.500008
 162   161  3362.321116  0.626079
 163   162  3362.321116  0.549119
 164   163  1832.100000  0.272786
 164   399  754.700000  0.502318
 165   164  2586.800000  1.093184
 166     6  6522.200000  1.135572
 167   166  6522.200000  1.200599
 168   167  5835.900000  0.290265
 168   409  2086.082560  0.635300
 169   168  7921.982560  0.944478
 170   169  4402.793124  0.356350
 171   170  3441.541494  0.065981
 171   216  1737.670059  0.333503
 172   171  5179.211552  0.294949
 172   393  409.781032  0.500201
 173   172  5588.992584  0.528973
 174   173  5588.992584  0.241511
 175   174  5588.992584  0.287462
 175   377  880.449077  0.504293
 176   175  6469.441661  0.897809
 177   176  5878.958396  0.290791
 177   360  0.000000  0.500000
 178   177  5878.958396  0.872374
 179   178  5460.327746  0.286141
 179   336  837.308217  0.503512
 180   179  6297.635963  2.075842
 181   180  5733.529713  0.289058
 181   307  759.857547  0.502382
 182   181  6493.387260  0.167768
 183   182  6493.387260  0.431565
 184    92  1982.673307  0.333621
 184   112  2115.097877  0.333706
 184   183  3561.358017  0.396132
 185   184  7659.129201  0.883842
 186   185  7659.129201  0.468018
 187   186  5386.444703  0.285424
 187   272  193.671379  0.500010
 188   187  5580.116082  0.942653
 189   188  5580.116082  0.816168
 190    63  8020.487366  0.410326
 190    85  743.121617  0.333339
 191   190  8763.608983  1.029179
 192   191  8763.608983  1.188675
 193   192  8015.308983  0.335420
 193   271  1928.356801  0.598796
 194   193  9943.665784  0.606853
 195   194  9943.665784  1.146029
 196    92  2784.410003  0.334452
 196   112  232.976743  0.333333
 196   195  5634.261090  0.414690
 197   196  8651.647837  0.515383
 198   197  8651.647837  0.200351
 199   198  8018.075626  0.335506
 199   306  294.060810  0.500053
 200   199  8312.136437  2.416768
 201   200  7251.505815  0.314689
 201   335  698.715440  0.501703
 202   201  7950.221255  1.000211
 203   202  7950.221255  0.333404
 203   359  461.632949  0.500324
 204   203  8411.854204  1.046401
 205   204  7005.563760  0.309266
 205   376  0.000000  0.500000
 206   205  7005.563760  0.259830
 207   206  7005.563760  0.569095
 208   207  6515.979365  0.312092
 209   208  3843.043851  0.066266
 209   392  396.507027  0.500177
 210   209  4239.550877  0.355323
 210   250  3053.018041  0.334950
 211   210  7292.568918  0.896496
 212   211  5277.322464  0.284417
 212   408  1299.277536  0.520360
 213   212  6576.600000  1.204320
 214     7  4983.600000  1.105837
 215   214  4983.600000  1.105837
 216   215  3779.700000  0.394438
 217   169  3519.189436  0.336187
 217   216  2042.029941  0.589040
 218   217  5561.219377  0.289761
 218   392  469.800000  0.500348
 219   218  6031.019377  0.797686
 220   219  5350.608121  0.511052
 220   363  0.000000  0.500000
 221   220  5350.608121  1.188739
 222   221  5350.608121  0.322117
 223   222  5167.308121  0.432169
 223   346  621.237297  0.501064
 224   223  5788.545418  0.995377
 225   224  4468.115476  0.627308
 225   330  1466.575638  0.533051
 226   225  5934.691115  0.964433
 227   226  5845.213441  0.403084
 227   311  156.729180  0.500004
 228   227  6001.942621  1.122810
 229   228  5966.728341  0.482400
 229   277  332.921182  0.500088
 230   229  6299.649524  0.124312
 231    56  3149.467791  0.334083
 231   230  3588.598758  0.295623
 232    58  5435.733451  0.339986
 232   231  6738.066549  0.331093
 233   232  12173.800000  1.638023
 234     4  10223.900000  1.362852
 235   234  10223.900000  1.362852
 236   235  8936.100000  0.137485
 237   236  6424.100000  0.260485
 238    55  2894.588621  0.333868
 238    61  132.170071  0.333333
 238   237  3676.469453  0.229994
 239   238  6703.228145  0.239610
 240   239  5743.782712  0.480480
 240   299  419.805882  0.500222
 241   240  6163.588594  0.968780
 242   241  5472.341378  0.634389
 242   317  197.102512  0.500011
 243   242  5669.443890  0.959987
 244   243  5303.143890  0.399706
 244   339  2400.138011  0.737088
 245   244  7703.281901  1.131160
 246   245  6304.209866  0.644092
 246   347  33.885100  0.500000
 247   246  6338.094966  1.209924
 248   247  5837.831511  0.403032
 248   374  351.097522  0.500109
 249   248  6188.929032  0.924253
 250   249  5511.405477  0.367358
 251   250  2458.387436  0.054568
 251   391  2005.777049  0.615638
 252   208  2672.935515  0.334283
 252   251  4464.164485  0.528089
 253   252  7137.100000  1.155146
 254    15  3703.300000  1.033180
 254   255  407.100000  2.000010
 255    70  159.751069  0.500005
 255   254  3703.300000  2.066359
 255   256  247.348931  0.500000
 256    78  264.819066  0.500035
 256   255  1298.594190  0.500251
 256   266  12.329865  1.920076
 257    14  37.000000  1.000000
 257   258  125.200000  2.000000
 258    68  106.550429  0.500001
 258   257  37.000000  2.000000
 258   259  795.400640  0.500035
 259    80  1255.002806  0.517724
 259   258  73.894844  0.500000
 259   267  798.585741  1.920214
 260    66  1232.300000  0.516475
 260   261  0.000000  0.500000
 261    82  0.000000  0.500000
 261   260  1232.300000  0.500203
 261   269  942.100000  1.860107
 262    13  592.800000  1.000022
 262   273  37.000000  2.000000
 263    16  241.500000  1.000001
 263   264  249.000000  2.000001
 264   143  55.471379  0.500000
 264   263  241.500000  2.000001
 264   265  398.816864  0.500002
 265   139  291.555653  0.500052
 265   264  63.477745  0.500000
 265   266  264.016864  1.000001
 266    24  352.109225  0.149068
 266    39  24.928621  1.459848
 266   256  95.313938  1.920076
 266   265  146.533398  1.000000
 266   277  46.864312  3.579924
 267    24  294.990775  0.149068
 267    39  21.577745  1.459848
 267   259  1272.622927  1.920964
 267   268  2045.923792  1.003091
 267   281  1244.925585  1.640847
 268    25  4463.382275  0.149420
 268    40  14.028621  1.320076
 268   267  2688.537179  1.009217
 268   287  2138.585223  1.726423
 269    25  3917.317725  0.149277
 269    40  37.377745  1.320076
 269   261  1232.300000  1.860605
 269   270  1258.567656  1.000443
 269   290  1457.645797  2.501991
 270   269  2401.190277  1.005865
 270   271  1258.567656  0.580181
 271   192  748.300000  0.502240
 271   270  2401.190277  0.583325
 271   272  1302.911926  0.500254
 272   186  2272.684498  0.690602
 272   271  1265.477745  0.500226
 272   273  498.344270  2.279949
 273    26  324.633515  0.149068
 273    41  55.769905  1.000000
 273   262  592.800000  2.000044
 273   272  2539.923208  0.281979
 273   292  31.048538  2.000000
 274    26  356.466485  0.149068
 274    41  295.006035  1.000001
 274   275  501.600000  2.000022
 274   293  883.628253  1.420228
 275    12  501.600000  1.000011
 275   274  488.200000  2.000020
 276    17  1184.000000  1.000347
 276   296  648.300000  2.000062
 277   228  35.214279  0.500000
 277   266  168.034920  3.579925
 277   299  344.571215  0.720078
 278   100  444.067210  0.500278
 278   279  0.000000  0.500000
 279   104  0.000000  0.500000
 279   278  444.067210  0.500003
 279   280  409.205887  0.420078
 280   279  444.067210  0.420079
 280   300  409.205887  0.420078
 281   267  1191.879383  1.640735
 281   282  1244.925585  0.580170
 282   281  1191.879383  0.580131
 282   283  1244.925585  0.360001
 283    98  67.476999  0.500000
 283   282  1191.879383  0.359977
 283   284  1244.925585  0.500212
 284   106  977.949220  0.506535
 284   283  432.305101  0.500003
 284   285  266.976364  0.279924
 285   284  432.305101  0.279926
 285   286  266.976364  0.579925
 286   285  432.305101  0.579928
 286   302  266.976364  0.420076
 287   268  2601.516593  1.733974
 287   288  2138.585223  0.722733
 288    96  545.243876  0.500631
 288   287  2601.516593  0.725894
 288   289  2236.934842  0.502208
 289   108  1772.815218  0.570570
 289   288  2004.868302  0.501425
 289   303  1571.452124  1.221388
 290    94  1447.003352  0.531322
 290   269  611.405194  2.500062
 290   291  191.600000  0.500000
 291   110  0.000000  0.500000
 291   290  792.362750  0.500035
 291   304  404.751462  1.279930
 292   273  321.983210  2.000004
 292   305  31.048538  1.859848
 293    89  584.185273  0.500832
 293   274  909.572520  1.420247
 293   294  603.358348  0.500012
 294   115  1046.026179  0.508554
 294   293  586.925750  0.500010
 294   295  578.858348  0.279930
 295   294  1352.951929  0.280090
 295   308  578.858348  0.720090
 296   276  1184.000000  2.000693
 296   297  584.807581  0.420084
 296   310  63.492419  1.579924
 297   148  516.600000  0.500509
 297   296  894.000000  0.420123
 297   298  180.607581  0.500000
 298   134  220.298847  0.500017
 298   297  894.000000  0.500056
 298   299  124.400000  1.140152
 299   239  959.445434  0.506054
 299   277  168.034920  0.720076
 299   298  558.591267  1.140171
 299   300  312.081381  1.000002
 299   315  262.635350  1.920077
 300   280  444.067210  0.420079
 300   299  424.352741  1.000006
 300   301  206.335865  0.500000
 300   316  409.205887  1.920085
 301   300  424.352741  0.500003
 301   302  206.335865  0.500000
 302    27  207.300000  0.149068
 302    42  303.199313  1.000001
 302   286  432.305101  0.420078
 302   301  424.352741  0.500003
 302   311  554.227211  1.140170
 303    27  144.400000  0.149068
 303    28  811.886203  0.149069
 303    42  405.979593  1.000005
 303    43  12.100000  1.540152
 303   289  2300.400802  1.226103
 303   319  1546.957383  2.142314
 304    28  467.313797  0.149068
 304    43  5.600000  1.540152
 304   291  374.887975  1.279929
 304   305  689.403048  0.920112
 304   312  251.000000  0.279924
 305   292  321.983210  1.859852
 305   304  295.802637  0.920077
 305   306  658.174589  0.720100
 305   321  0.000000  3.279924
 306   198  633.572210  0.501151
 306   305  290.599476  0.720077
 306   307  286.090425  0.500001
 307   180  564.106250  0.500723
 307   306  258.026712  0.500000
 307   308  908.777913  0.500060
 308    29  1023.057547  0.149069
 308    44  47.855515  1.000000
 308   295  1352.951929  0.720501
 308   307  684.962903  0.500019
 308   309  37.000000  2.000000
 309    11  37.000000  1.000000
 309   308  485.800000  2.000020
 310   151  1252.984901  0.517610
 310   296  290.000000  1.579926
 310   313  63.492419  0.279924
 311   226  89.477673  0.500000
 311   302  723.968549  1.140207
 311   317  591.615270  0.720091
 312   304  436.480663  0.279926
 312   320  251.000000  2.720078
 313   310  1320.784901  0.280075
 313   314  0.000000  0.779924
 313   325  465.045507  1.720090
 314   131  126.283746  0.500002
 314   313  401.553087  0.279926
 314   315  0.000000  1.640152
 315   299  947.658513  1.920349
 315   314  126.283746  1.720076
 315   316  0.000000  2.579924
 315   327  505.455189  1.079937
 316   300  338.321694  1.920080
 316   315  369.103585  1.000003
 316   317  365.854484  0.859851
 316   328  401.201557  1.079929
 317   241  691.247216  0.501631
 317   311  694.105101  0.720105
 317   316  361.099255  1.000003
 317   318  0.000000  1.140152
 317   329  356.799761  1.079927
 318   317  0.000000  1.140152
 318   319  0.000000  1.000000
 319   303  1667.766598  2.143072
 319   318  0.000000  0.859848
 319   320  1190.743171  1.000355
 319   330  1513.821115  0.860645
 320   312  436.480663  2.720093
 320   319  10.200000  2.579924
 320   321  1046.000703  1.720439
 320   332  272.536269  0.720076
 321   305  264.909374  3.279927
 321   320  10.200000  1.640152
 321   333  0.000000  0.720076
 321   334  1046.000703  0.279983
 322    18  1647.874748  1.001301
 322   323  2185.178180  2.008044
 323   153  1848.178273  0.583358
 323   322  1647.874748  2.002602
 323   324  677.089147  0.500019
 324   129  838.768615  0.503536
 324   323  1647.874748  0.500650
 324   325  1054.417916  0.580051
 325   313  1320.784901  1.720999
 325   324  1140.039101  0.580097
 325   326  390.899906  0.859852
 325   340  1199.368271  0.359980
 326   325  752.339933  0.859897
 326   327  390.899906  1.579931
 327   315  947.658513  1.080078
 327   326  752.339933  1.580014
 327   328  809.243982  1.000076
 327   341  594.311820  1.000022
 328   316  704.176178  1.079971
 328   327  841.196565  1.000088
 328   329  1028.256149  1.000197
 328   342  526.216244  1.000014
 329    31  1191.100000  0.149070
 329    46  674.475141  1.000037
 329   317  948.679068  1.080079
 329   328  966.211252  1.000154
 329   343  539.057506  1.000015
 330    31  3156.500000  0.149156
 330    46  329.868997  1.000002
 330   224  1320.429941  0.521719
 330   319  2815.173501  0.869375
 330   331  392.500000  0.420078
 330   339  549.191173  0.640162
 331   330  972.023242  0.420142
 331   332  392.500000  1.920084
 332    32  836.621369  0.149069
 332    47  0.000000  0.920076
 332   320  313.274463  0.720077
 332   331  972.023242  1.920378
 332   345  386.007573  0.720079
 333    32  558.378631  0.149068
 333    47  188.076571  0.940152
 333   321  162.752566  0.720076
 333   334  589.583524  0.420085
 333   358  0.000000  2.079924
 334   321  112.356807  0.779924
 334   333  726.443563  0.420096
 334   335  1635.584227  0.280278
 335   200  1060.630622  0.509042
 335   334  838.800370  0.279949
 335   336  1463.762883  0.500405
 336   178  418.630650  0.500219
 336   335  1028.894208  0.500099
 336   337  1913.507369  0.501183
 337    29  838.842453  0.149069
 337    33  594.739639  0.149068
 337    44  430.568543  3.000018
 337    48  8.842682  1.000000
 337   336  1059.961127  0.500111
 337   338  765.935215  2.000121
 338    10  765.935215  1.000061
 338   337  76.359951  2.000000
 339   243  366.300000  0.500129
 339   330  1861.468477  0.641507
 339   344  862.139112  0.420117
 340    30  1091.681856  0.149070
 340    45  0.000000  1.000000
 340   325  1779.288823  0.360485
 340   351  253.766358  1.720077
 341    30  1585.318144  0.149074
 341    45  99.720931  1.000000
 341   327  1366.002589  1.000614
 341   342  617.907685  1.000026
 341   353  384.040618  2.000008
 342   328  923.188344  1.000128
 342   341  927.136765  1.000130
 342   343  393.800822  1.000004
 342   354  407.320612  2.000010
 343   329  1041.098060  1.000207
 343   342  773.382749  1.000063
 343   344  21.858502  2.000000
 343   355  470.922526  2.000017
 344   339  140.578405  0.420076
 344   343  692.247839  2.000081
 344   356  204.749675  2.000001
 345   332  341.262844  0.720077
 345   346  386.007573  0.640154
 346   222  183.300000  0.500008
 346   345  341.262844  0.640153
 346   347  823.944870  1.080012
 347   245  1399.072035  0.527373
 347   346  341.262844  1.079927
 347   357  823.944870  0.279947
 348    18  502.325252  1.000011
 348   349  683.621820  2.000077
 349   156  0.000000  0.500000
 349   348  502.325252  2.000022
 349   350  726.350932  0.500025
 350   126  645.394357  0.501240
 350   349  28.100000  0.500000
 350   351  113.573310  0.859849
 351   340  5.610759  1.720076
 351   350  60.716735  0.859848
 351   352  98.922781  0.720076
 351   367  268.416887  2.000002
 352   351  60.716735  0.720076
 352   353  98.922781  1.420076
 353   341  1416.078458  2.001419
 353   352  60.716735  1.420076
 353   354  517.971344  1.000013
 353   369  617.667882  2.000051
 354   342  733.939865  2.000102
 354   353  291.498645  1.000001
 354   355  524.210902  1.000013
 354   370  282.247864  2.000002
 355   343  682.155669  2.000076
 355   354  201.284281  1.000000
 355   356  389.632733  2.000008
 355   371  442.274797  2.000013
 356   344  153.578306  2.000000
 356   355  185.636481  2.000000
 356   357  351.983901  2.000005
 356   372  280.686433  2.000002
 357   347  1706.449779  0.280343
 357   356  197.924308  2.000001
 357   358  237.140482  2.000001
 357   373  724.294995  2.000097
 358   333  27.998692  2.079924
 358   357  329.947885  2.000004
 358   359  250.336548  0.720076
 358   363  0.000000  1.720076
 359   202  0.000000  0.500000
 359   358  329.947885  0.720077
 359   360  711.969497  0.500023
 360   176  590.483265  0.500869
 360   359  329.947885  0.500001
 360   361  711.969497  0.500023
 361    33  441.460361  0.149068
 361    48  393.581706  1.000004
 361   360  920.431150  0.500063
 361   362  393.464785  2.000008
 361   378  63.142682  2.000000
 362    10  393.464785  1.000004
 362   361  72.940049  2.000000
 363   358  41.194758  1.720076
 363   375  0.000000  0.279924
 364    19  991.126757  1.000170
 364   365  767.959729  2.000123
 365   158  1301.805885  0.520519
 365   364  991.126757  2.000340
 365   366  106.259729  0.500000
 366   124  0.000000  0.500000
 366   365  1631.232642  0.500625
 366   367  375.531878  0.859852
 367   351  5.610759  2.000000
 367   366  889.389967  0.859943
 367   368  403.507689  0.720079
 367   384  213.475510  2.279925
 368   367  862.424401  0.720146
 368   369  403.507689  1.420082
 369    34  1350.576530  0.149071
 369    49  131.928739  1.000000
 369   353  1837.972376  2.004026
 369   368  862.424401  1.420214
 369   370  1570.853175  1.001074
 370   354  705.321039  2.000087
 370   369  764.302782  1.000060
 370   371  882.145342  1.000107
 370   386  0.000000  2.000000
 371   355  534.577570  2.000029
 371   370  482.054917  1.000010
 371   372  760.181020  2.000118
 371   387  460.249740  2.000016
 372   356  179.578405  2.000000
 372   371  500.029860  2.000022
 372   373  780.288354  2.000131
 372   388  242.604156  2.000001
 373    35  858.385591  0.149069
 373    50  278.337297  1.000001
 373   357  1359.932909  2.001207
 373   372  482.054917  2.000019
 373   374  1328.648445  1.420856
 374   247  500.263456  0.500447
 374   373  724.130777  1.420145
 374   375  1328.648445  0.580243
 375   219  680.411256  0.501531
 375   363  41.194758  0.279924
 375   374  873.296711  0.579984
 375   376  635.041123  0.720096
 375   390  0.000000  2.000000
 376   204  1406.290443  0.527941
 376   375  873.296711  0.720150
 376   377  13.196205  0.500000
 377   174  0.000000  0.500000
 377   376  1657.742236  0.500666
 377   378  566.853523  0.500009
 378    36  421.545076  0.149068
 378    51  0.000000  1.000000
 378   361  499.736665  2.000022
 378   377  1330.950477  0.500277
 378   379  229.700000  2.000001
 379     9  229.700000  1.000000
 379   378  1270.152858  2.000918
 380    19  311.073243  1.000002
 380   381  270.040271  2.000002
 381   160  0.000000  0.500000
 381   380  311.073243  2.000003
 381   382  270.040271  0.500000
 382   122  139.124014  0.500003
 382   381  126.572592  0.500000
 382   383  1167.889663  0.580115
 383   382  126.572592  0.579924
 383   384  1167.889663  0.420214
 384   367  5.610759  2.279924
 384   383  126.572592  0.420076
 384   385  277.538941  2.000002
 384   401  2380.707423  2.011334
 385    34  319.323470  0.149068
 385    49  81.800000  1.000000
 385   384  1281.153783  2.000950
 385   386  658.012422  1.000033
 385   402  1272.546134  2.000925
 386   370  16.613206  2.000000
 386   385  1527.405387  1.000960
 386   387  655.935827  1.000033
 386   403  8.550560  2.000000
 387   371  412.613249  2.000010
 387   386  1535.955947  1.000982
 387   388  806.680241  2.000149
 387   404  604.452134  2.000047
 388   372  179.578405  2.000000
 388   387  1680.158341  2.002812
 388   389  596.470303  2.000045
 388   405  432.501111  2.000012
 389    35  267.414409  0.149068
 389    50  564.020512  1.000018
 389   388  1641.759601  2.002563
 389   390  543.394249  2.000031
 389   406  1159.057247  2.000637
 390   375  27.998692  2.000000
 390   389  2003.716585  2.005687
 390   391  1067.773149  0.720241
 390   407  182.700000  2.579925
 391   249  677.523556  0.501505
 391   390  2186.416585  0.722979
 391   392  1630.445608  0.420599
 392   207  489.584395  0.500410
 392   391  1420.835550  0.420378
 392   393  2070.677524  0.421438
 393   170  961.251630  0.506100
 393   392  1484.344835  0.420435
 393   394  1423.770292  0.140253
 394    36  543.154924  0.149068
 394    51  89.947880  1.000000
 394   393  1388.908201  0.140244
 394   395  603.100000  2.000047
 394   396  388.170834  0.579927
 395     9  603.100000  1.000023
 395   394  967.347142  2.000309
 396   215  1203.900000  0.515008
 396   394  181.199680  0.579924
 396   410  1.548370  2.000000
 397    20  6087.100000  1.242191
 397   398  503.600000  2.000023
 398   397  6087.100000  2.484382
 398   399  503.600000  0.579931
 399   163  1530.221116  0.539173
 399   398  6087.100000  0.720377
 399   400  744.795343  0.500027
 400   119  1460.583265  0.532514
 400   399  7103.816460  0.724622
 400   401  1313.604412  0.140225
 401    37  135.235894  0.149068
 401    52  1102.712554  1.000261
 401   384  127.910759  2.000000
 401   400  6290.971066  0.178876
 402    37  93.564106  0.149068
 402    52  3736.460892  1.034384
 402   385  240.239609  2.000001
 402   403  683.550727  1.000039
 402   412  742.947440  2.000107
 403   386  14.536611  2.000000
 403   402  1619.217864  1.001213
 403   404  669.014117  1.000035
 404   387  563.357663  2.000036
 404   403  1610.667304  1.001187
 404   405  1356.712685  2.001195
 404   413  1316.952560  2.001061
 405   388  197.664162  2.000001
 405   404  2323.167730  2.010277
 405   406  1358.922623  2.001203
 405   414  430.291173  2.000012
 406    38  616.100000  0.149068
 406    53  1444.537829  1.080754
 406   389  847.246354  2.000182
 406   405  2005.153488  2.005703
 406   415  1013.308827  2.000372
 407    38  1693.600000  0.149076
 407    53  1823.092174  1.061914
 407   390  552.377592  2.579967
 407   408  2917.160306  1.093720
 407   416  387.900000  2.000008
 408   211  2015.246454  0.617839
 408   407  3289.145102  1.102221
 408   409  1442.466279  0.500382
 409   167  686.300000  0.501585
 409   408  2530.419993  0.503616
 409   410  816.929166  0.220093
 410   396  998.477216  2.000351
 410   409  505.100320  0.220078
 410   411  37.000000  2.000000
 411     8  37.000000  1.000000
 411   410  722.100000  2.000096
 412    21  742.947440  1.000054
 412   402  1390.743769  2.001320
 413    21  1316.952560  1.000531
 413   404  1251.056231  2.000864
 414    22  430.291173  1.000006
 414   405  515.678405  2.000025
 415    22  1013.308827  1.000186
 415   406  1008.721595  2.000365
 416    23  387.900000  1.000004
 416   407  1522.500000  2.001896
