<METADATA>
<Number of Links> 914
<Total Flows> 104694.400000
<Optimal Objective> 1286210.339283

<LINKS>
~ Init node | Term node | Flow | Cost
   1   117  7074.900000  1.152920
   2    87  9662.500000  1.307773
   3    74  7669.000000  1.176694
   4   233  12173.800000  1.638023
   5   165  2586.800000  1.091575
   6   213  6576.600000  1.137096
   7   253  7137.100000  1.155146
   8   411  722.100000  1.000048
   9   379  1133.028035  1.000225
   9   395  1104.471965  1.000335
  10   338  68.332987  1.000000
  10   362  80.967013  1.000000
  11   309  485.800000  1.000010
  12   275  488.200000  1.000010
  13   262  37.000000  1.000000
  14   257  125.200000  1.000000
  15   254  407.100000  1.000005
  16   263  249.000000  1.000001
  17   276  648.300000  1.000031
  18   322  2185.800000  1.004027
  18   348  683.000000  1.000038
  19   364  748.948005  1.000055
  19   380  289.051995  1.000001
  20   397  503.600000  1.000011
  21   412  1428.731731  1.000745
  21   413  1213.068269  1.000376
  22   414  619.800000  1.000026
  22   415  904.600000  1.000118
  23   416  1522.500000  1.000948
  24   266  203.100000  0.149068
  24   267  172.800000  0.149068
  25   268  4694.900000  0.149499
  25   269  3859.300000  0.149265
  26   273  2660.000000  0.149113
  26   274  315.000000  0.149068
  27   302  314.200000  0.149068
  27   303  233.500000  0.149068
  28   303  1486.400000  0.149073
  28   304  596.800000  0.149068
  29   308  753.293946  0.149069
  29   337  391.506054  0.149068
  30   340  1807.925912  0.149078
  30   341  1127.574088  0.149070
  31   329  1563.500000  0.149074
  31   330  2075.300000  0.149085
  32   332  1391.098491  0.149072
  32   333  666.801509  0.149068
  33   337  765.818456  0.149069
  33   361  1017.381544  0.149069
  34   369  3838.241192  0.149256
  34   385  1483.958808  0.149073
  35   373  1529.200000  0.149073
  35   389  435.300000  0.149068
  36   378  433.568830  0.149068
  36   394  499.231170  0.149068
  37   401  222.900000  0.149068
  37   402  114.700000  0.149068
  38   406  350.100000  0.149068
  38   407  1161.700000  0.149070
  39   266  19.589269  1.459848
  39   267  24.725330  1.459848
  40   268  35.389269  1.320076
  40   269  13.825330  1.320076
  41   273  342.500000  1.000002
  41   274  55.300000  1.000000
  42   302  290.261808  1.000001
  42   303  252.200000  1.000001
  43   303  5.600000  1.540152
  43   304  12.100000  1.540152
  44   308  203.542251  1.000000
  44   337  32.200000  3.000000
  45   340  0.000000  1.000000
  45   341  0.000000  1.000000
  46   329  291.238189  1.000001
  46   330  736.360673  1.000052
  47   332  143.100000  0.920076
  47   333  0.000000  0.940152
  48   337  81.542251  1.000000
  48   361  17.400000  1.000000
  49   369  82.776839  1.000000
  49   385  116.841553  1.000000
  50   373  281.144476  1.000001
  50   389  275.000000  1.000001
  51   378  20.800000  1.000000
  51   394  0.000000  1.000000
  52   401  3216.456797  1.020076
  52   402  982.807943  1.000210
  53   406  1662.469108  1.081081
  53   407  962.015571  1.060013
  54    56  1893.471057  0.333432
  54   230  481.700000  0.333334
  55    59  2546.968582  0.333650
  56   102  4447.971057  0.336330
  57    54  2375.171057  0.333578
  57   235  1287.800000  0.333354
  58   137  2338.655913  0.333569
  58   145  3788.300000  0.334903
  59   146  3119.222688  0.334042
  60   102  932.529370  0.333339
  60   230  2060.375533  0.333473
  61   136  3289.196793  0.334037
  62     2  13602.200000  1.943887
  63    62  13602.200000  3.174023
  64    63  6657.770430  0.606922
  64   189  214.063058  0.333333
  65    64  6871.833489  0.394021
  66    65  6871.833489  0.258562
  67    66  5639.533489  0.288677
  67   260  0.000000  0.500000
  68    67  5639.533489  1.859124
  69    68  5534.433489  0.287525
  69   258  735.882241  0.502096
  70    69  6270.315730  1.532773
  71    70  6113.133489  0.294718
  71   255  2426.189419  0.764025
  72    71  8539.322907  0.357377
  73    72  2284.988388  0.469538
  73   141  5384.011612  0.348874
  74    73  7669.000000  1.300994
  75     3  5676.600000  1.116346
  76    75  5676.600000  1.153659
  77    76  1856.580822  0.469135
  77   141  2895.673326  0.335062
  78    77  4752.254149  0.281942
  79    78  4482.036390  0.280075
  79   256  1200.627245  0.514084
  80    79  5682.663635  1.501181
  81    80  4436.776132  0.279744
  81   259  56.600000  0.500000
  82    81  4493.376132  1.803869
  83    82  4493.376132  0.280097
  83   261  942.100000  0.505628
  84    83  5435.476132  0.242076
  85    84  5435.476132  0.368898
  86    85  4821.455568  0.564718
  86   189  4841.044432  0.341898
  87    86  9662.500000  1.621011
  88     1  8328.000000  1.210379
  89    88  8328.000000  1.383233
  90    89  7777.300000  0.328285
  90   293  748.485285  0.502283
  91    90  8525.785285  0.296691
  92    91  8525.785285  0.409589
  93    92  4321.545070  0.356452
  93   183  1745.953569  0.333501
  93   195  646.929570  0.333336
  94    93  6714.428209  0.778457
  95    94  4764.112239  0.280095
  95   290  0.000000  0.500000
  96    95  4764.112239  1.277191
  97    96  3934.812239  0.276061
  97   288  1924.717759  0.598036
  98    97  5859.529998  0.661021
  99    98  5859.529998  0.289883
  99   283  0.000000  0.500000
 100    99  5859.529998  0.417475
 101   100  5380.500428  0.285337
 101   278  0.000000  0.500000
 102   101  5380.500428  0.810401
 103    59  572.254107  0.333334
 103    61  3289.196793  0.334037
 103   237  2796.755318  0.333796
 104   103  6658.206218  0.849449
 105   104  6658.206218  0.299086
 105   279  422.826956  0.500277
 106   105  7081.033173  0.442330
 107   106  6365.630951  0.298604
 107   284  27.202588  0.500000
 108   107  6392.833539  0.682074
 109   108  4296.990079  0.276852
 109   289  784.597412  0.502650
 110   109  5081.587491  1.281961
 111   110  5081.587491  0.281141
 111   291  349.445549  0.500140
 112   111  5431.033040  0.727209
 113   112  3502.253933  0.351965
 113   183  1668.200000  0.333477
 113   195  2714.547516  0.334350
 114   113  7885.001449  0.384604
 115   114  7885.001449  0.278593
 116   115  6819.400000  0.305522
 116   294  255.500000  0.500030
 117   116  7074.900000  1.242952
 118     5  4644.200000  1.102056
 119   118  4644.200000  1.118773
 120   119  3210.500000  0.274231
 120   400  3583.477463  1.804386
 121   120  6793.977463  0.613667
 122   121  6793.977463  0.699674
 123   122  6748.355758  0.305918
 123   382  59.418748  0.500000
 124   123  6807.774506  0.966655
 125   124  6807.774506  0.305918
 125   366  858.681356  0.503809
 126   125  7666.455862  1.029946
 127   126  7022.773041  0.310197
 127   350  0.000000  0.500000
 128   127  7022.773041  0.707344
 129   128  7022.773041  0.359782
 130   129  6220.907547  0.295656
 130   324  1501.489949  0.537326
 131   130  7722.397495  1.034868
 132   131  7382.497316  0.369389
 132   314  920.950438  0.504660
 133   132  8303.447755  0.593496
 134   133  8303.447755  0.441854
 135   134  8086.924954  0.338701
 135   298  499.500000  0.500445
 136   135  8586.424954  0.199603
 137   136  5297.228162  0.665108
 138    60  2992.904903  0.333944
 138   137  2958.572249  0.131666
 138   236  2512.000000  0.333637
 139   138  8463.477152  1.433372
 140   139  8205.984938  0.348623
 140   265  73.700000  0.500000
 141   140  8279.684938  1.208606
 142    72  6254.334519  0.363511
 142    76  3820.019178  0.337235
 143   142  10074.353697  1.493778
 144   143  10018.679026  0.430692
 144   264  311.785311  0.500068
 145   144  10330.464338  1.479899
 146   145  6542.164338  0.132850
 147    57  3662.971057  0.334713
 147   146  3422.941649  0.769816
 148   147  7085.912707  0.263046
 149   148  6569.312707  0.302644
 149   297  112.400000  0.500001
 150   149  6681.712707  0.390136
 151   150  6681.712707  0.256012
 152   151  5441.198799  0.654252
 152   310  222.200000  0.500017
 153   152  5663.398799  0.740698
 154   153  3861.198799  0.276344
 154   323  334.700000  0.500090
 155   154  4195.898799  0.322178
 156   155  4195.898799  0.633413
 157   156  4195.898799  0.277776
 157   349  575.299821  0.500780
 158   157  4771.198620  0.888385
 159   158  3233.031551  0.274286
 159   365  0.000000  0.500000
 160   159  3233.031551  0.866703
 161   160  3233.031551  0.274286
 161   381  190.626306  0.500009
 162   161  3423.657857  0.626436
 163   162  3423.657857  0.549432
 164   163  1832.100000  0.272786
 164   399  754.700000  0.502318
 165   164  2586.800000  1.093184
 166     6  6522.200000  1.135572
 167   166  6522.200000  1.200599
 168   167  5835.900000  0.290265
 168   409  1893.286812  0.574859
 169   168  7729.186812  0.921126
 170   169  4212.988321  0.354640
 171   170  3259.716062  0.065837
 171   216  1695.400000  0.333487
 172   171  4955.116062  0.292410
 172   393  566.082489  0.501298
 173   172  5521.198551  0.527568
 174   173  5521.198551  0.240870
 175   174  5521.198551  0.286698
 175   377  870.000000  0.504093
 176   175  6391.198551  0.893747
 177   176  5827.598551  0.290098
 177   360  0.000000  0.500000
 178   177  5827.598551  0.870294
 179   178  5417.592497  0.285721
 179   336  852.100000  0.503766
 180   179  6269.692497  2.072872
 181   180  6000.300000  0.292339
 181   307  756.639327  0.502342
 182   181  6756.939327  0.170380
 183   182  6756.939327  0.438285
 184    92  1468.286661  0.333400
 184   112  1808.655163  0.333455
 184   183  3342.785758  0.395389
 185   184  6619.727581  0.807995
 186   185  6619.727581  0.427855
 187   186  4861.232821  0.279792
 187   272  193.874670  0.500010
 188   187  5055.107491  0.921974
 189   188  5055.107491  0.798263
 190    63  6944.429570  0.375316
 190    85  614.020565  0.333336
 191   190  7558.450135  0.911946
 192   191  7558.450135  1.053275
 193   192  6810.150135  0.304476
 193   271  2502.554451  0.769283
 194   193  9312.704586  0.552503
 195   194  9312.704586  1.043391
 196    92  2735.953555  0.334373
 196   112  120.123943  0.333333
 196   195  5951.227500  0.419687
 197   196  8807.304999  0.524016
 198   197  8807.304999  0.203707
 199   198  8433.104998  0.349303
 199   306  245.921728  0.500026
 200   199  8679.026726  2.510649
 201   200  7817.481543  0.329449
 201   335  836.600000  0.503500
 202   201  8654.081543  1.073904
 203   202  8654.081543  0.357968
 203   359  452.700000  0.500300
 204   203  9106.781543  1.131835
 205   204  7407.223793  0.318328
 205   376  0.000000  0.500000
 206   205  7407.223793  0.267444
 207   206  7407.223793  0.585771
 208   207  6843.715571  0.318401
 209   208  3993.715571  0.066404
 209   392  555.172939  0.500603
 210   209  4548.888511  0.357296
 210   250  3294.946954  0.335527
 211   210  7843.835464  0.937028
 212   211  5419.145188  0.285599
 212   408  1157.454812  0.513469
 213   212  6576.600000  1.204320
 214     7  4983.600000  1.105837
 215   214  4983.600000  1.105837
 216   215  3779.700000  0.394438
 217   169  3516.198491  0.336175
 217   216  2084.300000  0.589060
 218   217  5600.498491  0.289935
 218   392  469.800000  0.500348
 219   218  6070.298491  0.798292
 220   219  5389.398491  0.511323
 220   363  0.000000  0.500000
 221   220  5389.398491  1.189369
 222   221  5389.398491  0.322287
 223   222  5210.200000  0.432402
 223   346  617.900000  0.501041
 224   223  5828.100000  0.996065
 225   224  4465.400000  0.627295
 225   330  1387.400000  0.526471
 226   225  5852.800000  0.962995
 227   226  5766.100000  0.402529
 227   311  87.435546  0.500000
 228   227  5853.535546  1.119410
 229   228  5783.635546  0.480676
 229   277  250.784074  0.500030
 230   229  6034.419620  0.123599
 231    56  2554.500000  0.333658
 231   230  3492.344087  0.295486
 232    58  6126.955913  0.344211
 232   231  6046.844087  0.325731
 233   232  12173.800000  1.638023
 234     4  10223.900000  1.362852
 235   234  10223.900000  1.362852
 236   235  8936.100000  0.137485
 237   236  6424.100000  0.260485
 238    55  2546.968582  0.333650
 238    61  0.000000  0.333333
 238   237  3627.344682  0.229950
 239   238  6174.313263  0.236630
 240   239  5605.548557  0.479441
 240   299  469.100000  0.500346
 241   240  6074.648557  0.967145
 242   241  5395.648557  0.633742
 242   317  414.100179  0.500211
 243   242  5809.748736  0.962369
 244   243  5443.448736  0.400524
 244   339  1872.700000  0.587871
 245   244  7316.148736  1.115690
 246   245  6036.100179  0.640516
 246   347  0.000000  0.500000
 247   246  6036.100179  1.202297
 248   247  5770.808593  0.403151
 248   374  462.946775  0.500328
 249   248  6233.755368  0.926819
 250   249  5691.046954  0.368398
 251   250  2396.100000  0.054564
 251   391  1891.000000  0.591356
 252   208  2850.000000  0.334561
 252   251  4287.100000  0.527379
 253   252  7137.100000  1.155146
 254    15  3703.300000  1.033180
 254   255  407.100000  2.000010
 255    70  157.182241  0.500004
 255   254  3703.300000  2.066359
 255   256  249.917759  0.500000
 256    78  270.217759  0.500038
 256   255  1277.110581  0.500207
 256   266  9.500000  1.920076
 257    14  37.000000  1.000000
 257   258  125.200000  2.000000
 258    68  105.100000  0.500001
 258   257  37.000000  2.000000
 258   259  794.282241  0.500035
 259    80  1245.887503  0.516787
 259   258  75.300000  0.500000
 259   267  799.682241  1.920214
 260    66  1232.300000  0.516475
 260   261  0.000000  0.500000
 261    82  0.000000  0.500000
 261   260  1232.300000  0.500203
 261   269  942.100000  1.860107
 262    13  592.800000  1.000022
 262   273  37.000000  2.000000
 263    16  241.500000  1.000001
 263   264  249.000000  2.000001
 264   143  55.674670  0.500000
 264   263  241.500000  2.000001
 264   265  325.099910  0.500001
 265   139  257.492214  0.500031
 265   264  61.489269  0.500000
 265   266  190.299910  1.000000
 266    24  340.300000  0.149068
 266    39  24.725330  1.459848
 266   256  106.283336  1.920076
 266   265  110.481483  1.000000
 266   277  81.407786  3.579924
 267    24  306.800000  0.149068
 267    39  19.589269  1.459848
 267   259  1269.987503  1.920935
 267   268  1413.107571  1.000703
 267   281  1044.007229  1.640266
 268    25  4077.300000  0.149314
 268    40  13.825330  1.320076
 268   267  2452.481414  1.004055
 268   287  2412.475012  1.735351
 269    25  4303.400000  0.149373
 269    40  35.389269  1.320076
 269   261  1232.300000  1.860605
 269   270  498.909360  1.000005
 269   290  2141.915970  2.510858
 270   269  3017.743720  1.014159
 270   271  498.909360  0.579927
 271   192  748.300000  0.502240
 271   270  3017.743720  0.588135
 271   272  498.909360  0.500003
 272   186  1758.494761  0.555931
 272   271  1263.489269  0.500225
 272   273  454.000000  2.279941
 273    26  305.972464  0.149068
 273    41  55.300000  1.000000
 273   262  592.800000  2.000044
 273   272  2783.200000  0.282887
 273   292  56.400000  2.000000
 274    26  375.127536  0.149068
 274    41  342.500000  1.000002
 274   275  501.600000  2.000022
 274   293  615.000000  1.420112
 275    12  501.600000  1.000011
 275   274  488.200000  2.000020
 276    17  1184.000000  1.000347
 276   296  648.300000  2.000062
 277   228  69.900000  0.500000
 277   266  240.708756  3.579926
 277   299  262.291860  0.720076
 278   100  479.029570  0.500237
 278   279  0.000000  0.500000
 279   104  0.000000  0.500000
 279   278  479.029570  0.500003
 279   280  422.826956  0.420079
 280   279  479.029570  0.420078
 280   300  422.826956  0.420079
 281   267  603.802588  1.640191
 281   282  1044.007229  0.579965
 282   281  603.802588  0.579938
 282   283  1044.007229  0.359874
 283    98  0.000000  0.500000
 283   282  603.802588  0.359857
 283   284  1044.007229  0.500035
 284   106  715.402222  0.500358
 284   283  603.802587  0.500012
 284   285  328.605007  0.279925
 285   284  576.600000  0.279930
 285   286  328.605007  0.579925
 286   285  576.600000  0.579936
 286   302  328.605007  0.420077
 287   268  2812.684915  1.738745
 287   288  2412.475012  0.726470
 288    96  829.300000  0.503379
 288   287  2812.684915  0.727891
 288   289  2564.392771  0.505543
 289   108  2095.843460  0.727365
 289   288  1869.184915  0.501049
 289   303  1698.500000  1.221867
 290    94  1950.315970  0.622745
 290   269  378.945549  2.500012
 290   291  191.600000  0.500000
 291   110  0.000000  0.500000
 291   290  378.945549  0.500002
 291   304  379.400000  1.279929
 292   273  300.172464  2.000003
 292   305  56.400000  1.859848
 293    89  550.700000  0.500657
 293   274  975.727536  1.420302
 293   294  335.200000  0.500001
 294   115  1065.601449  0.509404
 294   293  498.142251  0.500005
 294   295  310.700000  0.279925
 295   294  1283.743700  0.280059
 295   308  310.700000  0.720077
 296   276  1184.000000  2.000693
 296   297  607.411240  0.420086
 296   310  40.888760  1.579924
 297   148  516.600000  0.500509
 297   296  894.000000  0.420123
 297   298  203.211240  0.500000
 298   134  216.522800  0.500009
 298   297  894.000000  0.500056
 298   299  124.400000  1.140152
 299   239  568.764707  0.500700
 299   277  240.708756  0.720076
 299   298  532.211561  1.140165
 299   300  204.160376  1.000000
 299   315  239.765619  1.920076
 300   280  479.029570  0.420078
 300   299  347.430001  1.000001
 300   301  185.200000  0.500000
 300   316  384.553196  1.920089
 301   300  309.156242  0.500001
 301   302  185.200000  0.500000
 302    27  207.300000  0.149068
 302    42  252.200000  1.000001
 302   286  576.600000  0.420084
 302   301  309.156242  0.500001
 302   311  611.410573  1.140178
 303    27  144.400000  0.149068
 303    28  840.800000  0.149069
 303    42  290.261808  1.000001
 303    43  12.100000  1.540152
 303   289  2314.538192  1.226473
 303   319  1669.200000  2.143082
 304    28  438.400000  0.149068
 304    43  5.600000  1.540152
 304   291  217.300000  1.279925
 304   305  730.305149  0.920122
 304   312  251.000000  0.279924
 305   292  300.172464  1.859851
 305   304  248.700000  0.920076
 305   306  558.560673  0.720088
 305   321  0.000000  3.279924
 306   198  374.200000  0.500140
 306   305  298.021728  0.720077
 306   307  194.360673  0.500000
 307   180  269.392497  0.500038
 307   306  62.100000  0.500000
 307   308  856.100000  0.500047
 308    29  1019.900000  0.149069
 308    44  32.200000  1.000000
 308   295  1283.743700  0.720422
 308   307  236.592497  0.500000
 308   309  37.000000  2.000000
 309    11  37.000000  1.000000
 309   308  485.800000  2.000020
 310   151  1240.513907  0.516933
 310   296  290.000000  1.579926
 310   313  40.888760  0.279924
 311   226  86.700000  0.500000
 311   302  838.400000  1.140251
 311   317  612.146119  0.720091
 312   304  405.605149  0.279926
 312   320  251.000000  2.720078
 313   310  1308.313907  0.280069
 313   314  0.000000  0.779924
 313   325  961.839199  1.720313
 314   131  339.900179  0.500096
 314   313  920.950438  0.279956
 314   315  0.000000  1.640152
 315   299  582.389157  1.920106
 315   314  339.900179  1.720080
 315   316  0.000000  2.579924
 315   327  342.940246  1.079926
 316   300  460.069194  1.920085
 316   315  443.074806  1.000007
 316   317  471.600000  0.859856
 316   328  463.404086  1.079940
 317   241  679.000000  0.501519
 317   311  838.400000  0.720139
 317   316  521.925695  1.000015
 317   318  0.000000  1.140152
 317   329  430.120602  1.079929
 318   317  0.000000  1.140152
 318   319  0.000000  1.000000
 319   303  1595.100000  2.142596
 319   318  0.000000  0.859848
 319   320  890.260673  1.000111
 319   330  1635.200000  0.860933
 320   312  405.605149  2.720089
 320   319  10.200000  2.579924
 320   321  722.400000  1.720158
 320   332  273.400000  0.720076
 321   305  22.706260  3.279924
 321   320  10.200000  1.640152
 321   333  0.000000  0.720076
 321   334  722.400000  0.279938
 322    18  1629.600179  1.001245
 322   323  2185.800000  2.008054
 323   153  1802.200000  0.575367
 323   322  1629.600179  2.002491
 323   324  718.300000  0.500023
 324   129  801.865494  0.503100
 324   323  1629.600179  0.500623
 324   325  782.989770  0.579965
 325   313  1308.313907  1.720965
 325   324  994.665494  0.580028
 325   326  437.500000  0.859854
 325   340  1301.528968  0.360024
 326   325  745.638189  0.859898
 326   327  437.500000  1.579934
 327   315  582.389157  1.079941
 327   326  745.638189  1.580015
 327   328  552.216245  1.000018
 327   341  515.546511  1.000012
 328   316  931.669194  1.080037
 328   327  918.244454  1.000146
 328   329  1304.855967  1.000754
 328   342  497.987681  1.000019
 329    31  1191.100000  0.149070
 329    46  736.360673  1.000052
 329   317  971.600000  1.080094
 329   328  952.828049  1.000172
 329   343  587.130742  1.000012
 330    31  3156.500000  0.149156
 330    46  291.238189  1.000001
 330   224  1362.700000  0.524636
 330   319  2441.160673  0.865235
 330   331  392.500000  0.420078
 330   339  628.300000  0.640169
 331   330  933.838189  0.420134
 331   332  392.500000  1.920084
 332    32  803.600000  0.149069
 332    47  0.000000  0.920076
 332   320  260.144476  0.720076
 332   331  933.838189  1.920343
 332   345  375.560302  0.720078
 333    32  591.400000  0.149068
 333    47  143.100000  0.940152
 333   321  16.572464  0.720076
 333   334  646.127536  0.420089
 333   358  4.101509  2.079924
 334   321  16.333796  0.779924
 334   333  734.500000  0.420097
 334   335  1368.527536  0.280097
 335   200  861.545184  0.503804
 335   334  750.833796  0.279940
 335   336  1516.100000  0.500466
 336   178  410.006054  0.500192
 336   335  923.351443  0.500063
 336   337  1981.500000  0.501360
 337    29  842.000000  0.149069
 337    33  577.300000  0.149068
 337    44  203.542251  3.000001
 337    48  17.400000  1.000000
 337   336  946.657497  0.500068
 337   338  734.000000  2.000102
 338    10  734.000000  1.000051
 338   337  68.332987  2.000000
 339   243  366.300000  0.500129
 339   330  1504.300000  0.640730
 339   344  875.100000  0.420119
 340    30  1298.440208  0.149071
 340    45  0.000000  1.000000
 340   325  1551.541212  0.360217
 340   351  270.473461  1.720077
 341    30  1378.559792  0.149072
 341    45  0.000000  1.000000
 341   327  697.105402  1.000036
 341   342  883.954649  1.000107
 341   353  394.533804  2.000006
 342   328  1684.308916  1.001664
 342   341  736.351071  1.000047
 342   343  325.428823  1.000001
 342   354  495.361547  2.000038
 343   329  849.304706  1.000046
 343   342  711.592482  1.000040
 343   344  55.277935  2.000000
 343   355  520.019851  2.000017
 344   339  244.700000  0.420076
 344   343  639.295084  2.000060
 344   356  317.277935  2.000003
 345   332  173.044476  0.720076
 345   346  375.560302  0.640154
 346   222  179.198491  0.500007
 346   345  173.044476  0.640152
 346   347  814.261811  1.080004
 347   245  1280.048557  0.519534
 347   346  173.044476  1.079924
 347   357  814.261811  0.279945
 348    18  520.599821  1.000013
 348   349  683.000000  2.000077
 349   156  0.000000  0.500000
 349   348  520.599821  2.000026
 349   350  765.800000  0.500030
 350   126  643.682821  0.501234
 350   349  28.100000  0.500000
 350   351  181.617179  0.859849
 351   340  11.000000  1.720076
 351   350  87.600000  0.859848
 351   352  133.653871  0.720076
 351   367  318.436768  2.000003
 352   351  87.600000  0.720076
 352   353  133.653871  1.420076
 353   341  974.681977  2.000285
 353   352  87.600000  1.420076
 353   354  1000.495393  1.000294
 353   369  604.741514  2.000030
 354   342  1147.915545  2.000583
 354   353  283.211104  1.000001
 354   355  510.318735  1.000008
 354   370  422.890533  2.000020
 355   343  584.340325  2.000028
 355   354  228.364525  1.000000
 355   356  385.363292  2.000008
 355   371  481.532596  2.000016
 356   344  270.895084  2.000002
 356   355  195.063776  2.000000
 356   357  352.520121  2.000006
 356   372  386.324056  2.000008
 357   347  1453.093033  0.280147
 357   356  218.461811  2.000001
 357   358  287.300000  2.000002
 357   373  696.820121  2.000084
 358   333  0.000000  2.079924
 358   357  446.848557  2.000015
 358   359  287.300000  0.720077
 358   363  4.101509  1.720076
 359   202  0.000000  0.500000
 359   358  446.848557  0.720081
 359   360  740.000000  0.500026
 360   176  563.600000  0.500721
 360   359  446.848557  0.500004
 360   361  740.000000  0.500026
 361    33  458.900000  0.149068
 361    48  81.542251  1.000000
 361   360  1010.448557  0.500094
 361   362  425.400000  2.000012
 361   378  71.700000  2.000000
 362    10  425.400000  1.000006
 362   361  80.967013  2.000000
 363   358  0.000000  1.720076
 363   375  4.101509  0.279924
 364    19  1006.927691  1.000170
 364   365  748.948005  2.000110
 365   158  1538.167069  0.550285
 365   364  1006.927691  2.000340
 365   366  87.248005  0.500000
 366   124  0.000000  0.500000
 366   365  1883.394759  0.501297
 366   367  186.246752  0.859849
 367   351  11.000000  2.000000
 367   366  1123.712151  0.860163
 367   368  248.298820  0.720076
 367   384  245.367309  2.279926
 368   367  1112.694759  0.720328
 368   369  248.298820  1.420077
 369    34  1362.117013  0.149071
 369    49  116.841553  1.000000
 369   353  1856.120105  2.005252
 369   368  1112.694759  1.420574
 369   370  1275.735878  1.000227
 370   354  640.114451  2.000013
 370   369  949.450943  1.000177
 370   371  660.852607  1.000032
 370   386  11.082536  2.000000
 371   355  454.198375  2.000015
 371   370  542.150965  1.000014
 371   372  647.254232  2.000058
 371   387  517.735546  2.000022
 372   356  283.700000  2.000002
 372   371  578.353915  2.000038
 372   373  695.975338  2.000076
 372   388  301.400000  2.000003
 373    35  862.564793  0.149069
 373    50  275.000000  1.000001
 373   357  1042.044476  2.000414
 373   372  542.150965  2.000028
 373   374  1288.300000  1.420766
 374   247  265.291586  0.500008
 374   373  806.920299  1.420176
 374   375  1288.300000  0.580206
 375   219  680.900000  0.501536
 375   363  0.000000  0.279924
 375   374  609.265111  0.579931
 375   376  607.400000  0.720093
 375   390  4.101509  2.000000
 376   204  1699.557749  0.560163
 376   375  609.265111  0.720085
 376   377  0.000000  0.500000
 377   174  0.000000  0.500000
 377   376  1701.422860  0.500594
 377   378  545.100000  0.500008
 378    36  405.731755  0.149068
 378    51  0.000000  1.000000
 378   361  192.242251  2.000000
 378   377  1376.522860  0.500241
 378   379  229.700000  2.000001
 379     9  229.700000  1.000000
 379   378  1133.028035  2.000451
 380    19  295.272309  1.000002
 380   381  289.051995  2.000003
 381   160  0.000000  0.500000
 381   380  295.272309  2.000003
 381   382  289.051995  0.500001
 382   122  45.621705  0.500000
 382   381  104.646004  0.500000
 382   383  302.849038  0.579925
 383   382  104.646004  0.579924
 383   384  302.849038  0.420076
 384   367  11.000000  2.279924
 384   383  104.646004  0.420076
 384   385  294.339788  2.000001
 384   401  2081.745483  2.005711
 385    34  307.782987  0.149068
 385    49  82.776839  1.000000
 385   384  1810.214928  2.003436
 385   386  679.901714  1.000036
 385   402  675.818023  2.000088
 386   370  20.723161  2.000000
 386   385  1478.275950  1.000899
 386   387  693.047814  1.000040
 386   403  37.949289  2.000000
 387   371  440.600000  2.000013
 387   386  1493.094050  1.000976
 387   388  1033.932768  2.000387
 387   404  1013.582891  2.000469
 388   372  283.700000  2.000002
 388   387  1988.941395  2.006933
 388   389  882.783664  2.000254
 388   405  452.549103  2.000009
 389    35  263.235207  0.149068
 389    50  281.144476  1.000001
 389   388  1957.642239  2.006469
 389   390  901.708222  2.000223
 389   406  1008.761686  2.000407
 390   375  0.000000  2.000000
 390   389  2072.408964  2.007831
 390   391  913.780470  0.720161
 390   407  193.657581  2.579925
 391   249  542.708414  0.501097
 391   390  2261.965036  0.724024
 391   392  1680.080470  0.420655
 392   207  563.508222  0.500672
 392   391  1679.973450  0.420967
 392   393  2141.545188  0.421593
 393   170  953.272259  0.505871
 393   392  1679.973450  0.420967
 393   394  1494.816857  0.140270
 394    36  558.968245  0.149068
 394    51  20.800000  1.000000
 394   393  1420.434889  0.140282
 394   395  603.100000  2.000047
 394   396  531.116856  0.579932
 395     9  603.100000  1.000023
 395   394  1104.471965  2.000671
 396   215  1203.900000  0.515008
 396   394  35.900000  0.579924
 396   410  2.671669  2.000000
 397    20  6087.100000  1.242191
 397   398  503.600000  2.000023
 398   397  6087.100000  2.484382
 398   399  503.600000  0.579931
 399   163  1591.557857  0.546347
 399   398  6087.100000  0.720377
 399   400  737.300000  0.500026
 400   119  1433.700000  0.530186
 400   399  7157.657857  0.732075
 400   401  1198.778927  0.140217
 401    37  134.413943  0.149068
 401    52  982.807943  1.000210
 401   384  133.300000  2.000000
 401   400  5469.359321  0.162060
 402    37  94.386057  0.149068
 402    52  3216.456797  1.020076
 402   385  183.078391  2.000000
 402   403  688.325988  1.000044
 402   412  628.164454  2.000061
 403   386  45.917915  2.000000
 403   402  1608.353991  1.001131
 403   404  654.456727  1.000035
 404   387  781.484953  2.000127
 404   403  1582.453356  1.001011
 404   405  1086.040043  2.000523
 404   413  1431.735546  2.001418
 405   388  314.999157  2.000004
 405   404  2000.606011  2.004497
 405   406  1029.189146  2.000350
 405   414  509.400000  2.000024
 406    38  616.100000  0.149068
 406    53  962.015571  1.080091
 406   389  746.999202  2.000113
 406   405  1695.805168  2.002252
 406   415  934.200000  2.000269
 407    38  1693.600000  0.149076
 407    53  1662.469108  1.060984
 407   390  12.072248  2.579924
 407   408  3183.743502  1.099609
 407   416  387.900000  2.000008
 408   211  2424.690277  0.748709
 408   407  3099.911707  1.095481
 408   409  1300.154812  0.500263
 409   167  686.300000  0.501585
 409   408  2483.558481  0.502876
 409   410  673.983144  0.220084
 410   396  711.354812  2.000098
 410   409  650.400000  0.220083
 410   411  37.000000  2.000000
 411     8  37.000000  1.000000
 411   410  722.100000  2.000096
 412    21  628.164454  1.000030
 412   402  1428.731731  2.001491
 413    21  1431.735546  1.000709
 413   404  1213.068269  2.000752
 414    22  509.400000  1.000012
 414   405  619.800000  2.000052
 415    22  934.200000  1.000134
 415   406  904.600000  2.000236
 416    23  387.900000  1.000004
 416   407  1522.500000  2.001896
