<METADATA>
<File Name> ./SiouxFalls/SiouxFalls_COL_1.0_1.0_0.0_1.0_flow.txt
<Number of Links> 76
<theta | lambda> 1.000000 | 1.000000
<stoch | determ> 0.000000 | 1.000000
<Optimal Objective> 7207941.077812
<System Cost> 7207941.077812

<LINKS>
~ Init node | Term node | Flow | Cost
   1     2  7498.369186  6.031550
   1     3  11126.745420  4.153695
   2     1  7526.336556  6.032217
   2     6  6542.557226  16.344666
   3     1  11098.778050  4.151536
   3     4  17160.173861  7.024275
   3    12  13906.880448  4.371837
   4     3  17114.139874  6.982626
   4     5  19223.540945  4.041133
   4    11  6134.865766  17.032762
   5     4  19250.957807  4.055663
   5     6  6990.845378  15.918847
   5     9  16930.425324  35.699698
   6     2  6570.524596  16.619969
   6     5  6966.055365  15.905171
   6     8  12559.325398  66.666107
   7     8  13266.544109  21.469089
   7    18  16478.118537  2.369215
   8     6  12562.502755  67.438401
   8     7  13226.793265  21.242658
   8     9  7562.268097  47.213232
   8    16  7963.099762  28.177377
   9     5  16982.632199  35.962561
   9     8  7529.760332  47.177434
   9    10  21716.360355  16.287253
  10     9  21836.059465  16.619311
  10    11  17468.051991  40.220984
  10    15  23307.329883  45.790905
  10    16  10746.482950  75.851574
  10    17  8357.961053  55.096105
  11     4  6161.414917  17.080086
  11    10  17382.529263  39.412445
  11    12  7319.577505  28.474946
  11    14  9425.899620  46.128990
  12     3  13924.947064  4.373986
  12    11  7313.847280  28.381662
  12    13  15098.589917  3.259717
  13    12  15210.926309  3.267538
  13    24  10573.311075  59.811256
  14    11  9472.656268  46.358976
  14    15  8926.367722  39.200119
  14    23  7735.426034  22.230957
  15    10  23396.475046  46.532333
  15    14  8986.068929  39.598903
  15    19  18435.588294  8.778749
  15    22  16414.685638  22.269735
  16     8  7959.034040  28.157016
  16    10  10772.510499  76.932575
  16    17  10643.289515  27.816636
  16    18  18550.743503  4.774326
  17    10  8348.010179  54.818721
  17    16  10634.190632  27.741691
  17    19  8292.357720  15.138767
  18     7  16517.869381  2.372890
  18    16  18581.804214  4.792058
  18    20  20835.955863  5.879911
  19    15  18488.304565  8.831262
  19    17  8273.307963  15.012106
  19    20  8743.129733  31.950727
  20    18  20806.767418  5.875233
  20    19  8776.796247  32.228992
  20    21  6427.050546  17.707628
  20    22  7126.550978  19.582236
  21    20  6394.651357  17.505796
  21    22  7937.816928  9.912178
  21    24  9803.902907  39.352917
  22    15  16410.815737  22.231770
  22    20  7063.428235  19.070141
  22    21  7963.997633  10.034710
  22    23  9298.226574  40.270119
  23    14  7722.481475  22.108614
  23    22  9257.414634  39.636281
  23    24  7708.111794  9.997371
  24    13  10585.647467  60.073396
  24    21  9745.323014  38.493825
  24    23  7654.355295  9.775831
