<METADATA>
<Number of Links> 76
<Total Flows> 360600.000000
<System Cost> 7655049.666378
<Optimal Objective> 12919646.467203

<LINKS>
~ Init node | Term node | Flow | Cost
   1     2  5196.444749  6.001458
   1     3  8523.602071  4.010557
   2     1  5217.443408  6.001482
   2     6  6356.281460  7.025742
   3     1  8502.603412  4.010453
   3     4  14330.689427  4.295234
   3    12  10626.310762  4.025501
   4     3  14198.377867  4.284481
   4     5  18402.269286  2.344038
   4    11  6159.898178  8.231643
   5     4  18627.581225  2.361199
   5     6  8331.653088  8.823452
   5     9  16216.773893  10.187041
   6     2  6377.280119  7.052645
   6     5  8316.946467  8.789501
   6     8  12530.743856  14.845310
   7     8  13093.120007  6.497193
   7    18  15609.495231  2.059368
   8     6  12537.035894  14.871159
   8     7  13088.971625  6.492762
   8     9  7144.949540  16.009737
   8    16  8090.255293  9.956580
   9     5  16456.792452  10.500998
   9     8  7104.422804  15.874557
   9    10  21948.408561  5.784797
  10     9  22247.900384  5.939931
  10    11  17522.889292  12.070964
  10    15  22660.185245  13.119054
  10    16  10981.310473  19.705093
  10    17  8517.817773  18.159461
  11     4  5902.274679  7.881096
  11    10  17599.032116  12.194857
  11    12  8433.680075  13.841515
  11    14  9890.223123  14.151467
  12     3  10737.623664  4.026587
  12    11  8358.083440  13.564128
  12    13  13535.732764  3.033568
  13    12  13671.449031  3.034935
  13    24  11016.819585  17.154573
  14    11  9884.339082  14.127827
  14    15  9164.186229  12.652319
  14    23  8315.091706  8.876064
  15    10  22746.364059  13.227817
  15    14  9204.154933  12.787138
  15    19  18034.358925  4.057798
  15    22  17988.540334  8.549567
  16     8  8132.925686  10.061984
  16    10  11009.307249  19.865874
  16    17  12021.298155  10.374328
  16    18  17702.539116  3.294621
  17    10  8526.991182  18.203298
  17    16  12001.683121  10.319801
  17    19  9943.628684  7.416135
  18     7  15613.643613  2.059432
  18    16  17792.821319  3.300677
  18    20  19845.056373  4.310198
  19    15  18043.304488  4.059899
  19    17  9933.187058  7.393419
  19    20  9286.832338  11.125836
  20    18  19839.486958  4.309850
  20    19  9285.336275  11.121243
  20    21  6298.875508  8.161340
  20    22  7791.994130  9.165548
  21    20  6236.114507  8.076474
  21    22  9075.952959  4.720902
  21    24  9941.276412  10.716073
  22    15  18005.742289  8.570837
  22    20  7747.689653  9.071628
  22    21  9089.794133  4.737545
  22    23  9478.673836  11.749245
  23    14  8269.238961  8.769374
  23    22  9465.412490  11.706041
  23    24  8503.190348  4.357777
  24    13  11052.535852  17.325972
  24    21  9864.674237  10.480958
  24    23  8444.076257  4.292906
