<METADATA>
<Number of Links> 76
<Total Flows> 360600.000000
<System Cost> 7412436.547882
<Optimal Objective> 6663510.289455

<LINKS>
~ Init node | Term node | Flow | Cost
   1     2  4861.299054  6.001117
   1     3  8441.666528  4.010156
   2     1  4871.778968  6.001127
   2     6  6019.824158  6.629697
   3     1  8431.186615  4.010106
   3     4  14618.414995  4.319669
   3    12  10712.872727  4.026342
   4     3  14682.404107  4.325301
   4     5  18423.060732  2.345596
   4    11  5788.258174  7.739898
   5     4  18409.169274  2.344554
   5     6  8517.836690  9.269283
   5     9  16043.192513  9.968494
   6     2  6030.304072  6.641076
   6     5  8546.020769  9.339360
   6     8  12577.916487  15.039854
   7     8  12585.069074  5.985172
   7    18  15820.998763  2.062652
   8     6  12616.580480  15.200914
   8     7  12532.521760  5.935627
   8     9  6968.872171  15.438882
   8    16  8085.024933  9.943779
   9     5  16001.116976  9.916559
   9     8  6938.982004  15.346165
   9    10  21817.584440  5.718994
  10     9  21845.618735  5.732989
  10    11  17738.360807  12.425465
  10    15  22996.192367  13.550609
  10    16  11015.437587  19.901236
  10    17  8153.493197  16.529669
  11     4  5966.138744  7.963837
  11    10  17562.108027  12.134448
  11    12  8174.127449  12.919897
  11    14  9833.078056  13.919412
  12     3  10638.403702  4.025618
  12    11  8235.614170  13.130403
  12    13  12971.683551  3.028313
  13    12  13058.701246  3.029080
  13    24  10984.900353  17.002771
  14    11  9873.219126  14.081792
  14    15  9083.536182  12.386964
  14    23  8297.148321  8.834061
  15    10  23055.138981  13.628519
  15    14  9126.744212  12.527939
  15    19  18621.972305  4.202549
  15    22  18008.062724  8.573723
  16     8  8101.031780  9.983040
  16    10  11047.588523  20.087694
  16    17  11230.970394  8.379895
  16    18  15917.146133  3.192567
  17    10  8166.682722  16.584995
  17    16  11215.223344  8.344191
  17    19  9866.817869  7.250711
  18     7  15873.546076  2.063489
  18    16  15981.050966  3.195678
  18    20  19517.072850  4.290194
  19    15  18646.681893  4.208944
  19    17  9864.260344  7.245271
  19    20  8792.747289  9.726166
  20    18  19533.524996  4.291174
  20    19  8814.899352  9.784089
  20    21  6331.047432  8.205834
  20    22  7223.932710  8.077328
  21    20  6283.461999  8.140260
  21    22  8499.125145  4.092382
  21    24  10103.231339  11.231301
  22    15  17985.507780  8.545816
  22    20  7210.122353  8.053856
  22    21  8498.881113  4.092144
  22    23  9514.119362  11.865903
  23    14  8294.081361  8.826993
  23    22  9477.510029  11.745431
  23    24  7768.966160  3.642969
  24    13  10971.918048  16.941414
  24    21  10055.889937  11.078095
  24    23  7729.289866  3.609664
