<METADATA>
<File Name> ./SiouxFalls/SiouxFalls_MIX_0.20_0.00_1.30_flow.txt
<Number of Links> 76
<theta | lambda> 0.200000 | 0.000000
<stoch | determ> 0.000000 | 1.000000
<distant tolerance> 1.300000
<optimal objective> 2192969.383447
<system cost> 10964846.917234

<LINKS>
~ Init node | Term node | Flow | Cost
   1     2  5261.310038  6.001533
   1     3  8880.216736  4.012437
   2     1  5280.189658  6.001555
   2     6  7037.667330  8.044295
   3     1  8861.337117  4.012332
   3     4  11350.900045  4.116204
   3    12  8414.033610  4.010024
   4     3  11314.889661  4.114736
   4     5  15711.777019  2.182819
   4    11  5636.549786  7.564534
   5     4  15713.271393  2.182889
   5     6  9241.565008  11.301569
   5     9  13370.169118  7.396673
   6     2  7056.546949  8.077094
   6     5  9241.339448  11.300856
   6     8  13678.148984  20.236733
   7     8  12452.227797  5.861114
   7    18  15320.805055  2.055097
   8     6  13696.803044  20.336421
   8     7  12420.610393  5.832166
   8     9  2448.309649  10.082856
   8    16  7509.356866  8.679123
   9     5  13371.889051  7.397907
   9     8  2435.542575  10.081141
   9    10  21019.269822  5.342350
  10     9  21108.222681  5.382253
  10    11  18514.236125  13.812202
  10    15  24793.467372  16.202646
  10    16  16300.338667  80.244806
  10    17  4199.947014  8.600527
  11     4  5699.045028  7.635084
  11    10  18358.176815  13.518820
  11    12  9774.338184  20.147547
  11    14  10038.048410  14.772401
  12     3  8431.164374  4.010106
  12    11  9776.672676  20.161068
  12    13  12538.572120  3.024717
  13    12  12658.037376  3.025672
  13    24  11538.429852  19.828447
  14    11  10042.149849  14.790018
  14    15  9462.744339  13.699578
  14    23  8920.208358  10.458032
  15    10  24838.471972  16.276927
  15    14  9450.759744  13.655589
  15    19  20452.969041  4.749949
  15    22  18869.740986  9.719541
  16     8  7509.160596  8.678739
  16    10  16400.346236  82.133238
  16    17  15100.382017  22.849522
  16    18  14390.936545  3.128670
  17    10  4199.947014  8.600527
  17    16  15100.382017  22.849522
  17    19  13500.341646  20.403007
  18     7  15352.422459  2.055553
  18    16  14490.747845  3.132277
  18    20  13629.638044  4.069019
  19    15  20456.285408  4.751084
  19    17  13500.341646  20.403007
  19    20  9725.501462  12.570645
  20    18  13661.066748  4.069658
  20    19  9728.817829  12.582342
  20    21  6198.943148  8.027408
  20    22  7574.639439  8.719857
  21    20  6137.436697  7.948133
  21    22  8897.964531  4.513663
  21    24  10282.423510  11.830983
  22    15  18799.444625  9.619969
  22    20  7570.890961  8.712500
  22    21  8911.847338  4.529387
  22    23  9783.938183  12.796827
  23    14  8936.294392  10.504741
  23    22  9723.776151  12.582445
  23    24  8438.680377  4.287045
  24    13  11557.895109  19.935528
  24    21  10207.034251  11.574827
  24    23  8394.604379  4.239636
