<METADATA>
<File Name> ./SiouxFalls/SiouxFalls_COL_0.20_1.00_0.00_1.00_1.40_flow.txt
<Number of Links> 76
<theta | lambda> 0.200000 | 1.000000
<stoch | determ> 0.000000 | 1.000000
<distant tolerance> 1.400000
<optimal objective> 8299377.668911
<system cost> 8299377.668911

<LINKS>
~ Init node | Term node | Flow | Cost
   1     2  6062.855229  6.013493
   1     3  9756.395214  4.090544
   2     1  6098.629641  6.013816
   2     6  7676.254421  26.521439
   3     1  9720.620802  4.089217
   3     4  11906.029756  4.703299
   3    12  9072.176151  4.067765
   4     3  11861.578102  4.693374
   4     5  16363.674429  3.075720
   4    11  5745.830884  14.437049
   5     4  16375.117471  3.078618
   5     6  8523.113445  30.419195
   5     9  14697.776456  22.502263
   6     2  7712.028833  26.927541
   6     5  8525.582001  30.449963
   6     8  13590.124175  90.819467
   7     8  12770.130398  18.880736
   7    18  15975.619811  2.326913
   8     6  13628.367143  91.828488
   8     7  12736.027655  18.720731
   8     9  3093.986404  11.055875
   8    16  7660.276306  24.770856
   9     5  14706.750942  22.542929
   9     8  3087.720013  11.049955
   9    10  20846.092580  14.331010
  10     9  20948.800676  14.559233
  10    11  17976.399615  43.997650
  10    15  24536.621809  55.085375
  10    16  11859.479937  110.848962
  10    17  8667.420586  62.457154
  11     4  5789.936188  14.715149
  11    10  17853.720186  43.254258
  11    12  9437.959176  67.534340
  11    14  9923.797932  54.959773
  12     3  9080.853393  4.067953
  12    11  9440.217039  67.479025
  12    13  13111.288621  3.147937
  13    12  13222.223726  3.152692
  13    24  11416.805965  79.989682
  14    11  9942.965944  56.262725
  14    15  9173.808785  42.755636
  14    23  8751.005410  34.059431
  15    10  24595.203386  55.275464
  15    14  9188.216353  44.176302
  15    19  19583.479974  10.352512
  15    22  18479.525442  33.808401
  16     8  7670.682921  24.879241
  16    10  11926.285883  113.270861
  16    17  11252.257460  34.139348
  16    18  14912.934337  3.744632
  17    10  8667.420586  62.457154
  17    16  11252.257460  34.139348
  17    19  12416.919109  67.848627
  18     7  16009.722554  2.329564
  18    16  14990.146899  3.760137
  18    20  15488.021756  4.575555
  19    15  19610.565823  10.397891
  19    17  12416.919109  67.848627
  19    20  9590.431316  44.504461
  20    18  15499.337062  4.576956
  20    19  9617.517164  45.016188
  20    21  6467.427056  18.016724
  20    22  7410.102606  22.022123
  21    20  6397.988954  17.510038
  21    22  8530.181187  12.687014
  21    24  10054.646361  43.649769
  22    15  18425.428738  33.664020
  22    20  7417.941863  22.103634
  22    21  8515.734990  12.626719
  22    23  9545.727756  43.395790
  23    14  8755.765854  33.757984
  23    22  9485.024112  42.985223
  23    24  8254.360620  12.376002
  24    13  11427.741070  80.100396
  24    21  9999.654455  42.734000
  24    23  8198.417420  12.141442
