<METADATA>
<File Name> ./SiouxFalls/SiouxFalls_MIX_0.20_1.00_0.00_1.00_1.25_flow.txt
<Number of Links> 76
<theta | lambda> 0.200000 | 1.000000
<stoch | determ> 0.000000 | 1.000000
<distant tolerance> 1.250000
<optimal objective> 2355483.896668
<system cost> 11777419.483338

<LINKS>
~ Init node | Term node | Flow | Cost
   1     2  3799.844778  6.000417
   1     3  6600.126245  4.003795
   2     1  3799.844778  6.000417
   2     6  5999.873755  6.608201
   3     1  6600.126245  4.003795
   3     4  10817.346806  4.095848
   3    12  7062.097138  4.004975
   4     3  11061.147977  4.104785
   4     5  17226.849487  2.264207
   4    11  6579.340077  8.904431
   5     4  17077.923862  2.255189
   5     6  11008.659723  18.701846
   5     9  12718.237486  6.962316
   6     2  5999.873755  6.608201
   6     5  10859.770615  17.922483
   6     8  14429.014192  24.583142
   7     8  12092.705500  5.544725
   7    18  16539.876152  2.074839
   8     6  14280.125083  23.665353
   8     7  12241.945645  5.672691
   8     9  1399.971023  10.008858
   8    16  8000.362215  9.739930
   9     5  12718.200969  6.962294
   9     8  1399.971023  10.008858
   9    10  19718.382372  4.814122
  10     9  19818.345855  4.851189
  10    11  18548.086798  13.876827
  10    15  24912.720000  16.400360
  10    16  16301.077288  80.258627
  10    17  3299.840625  8.228839
  11     4  7072.066873  9.877190
  11    10  18192.622572  13.215661
  11    12  9299.204166  17.590838
  11    14  9984.311177  14.543573
  12     3  6818.295968  4.004322
  12    11  9300.081756  17.595214
  12    13  12060.767363  3.021159
  13    12  11917.843782  3.020174
  13    24  12572.830567  26.314323
  14    11  10220.696157  15.578100
  14    15  9363.266302  13.339485
  14    23  9133.449050  11.098056
  15    10  25168.118732  16.833450
  15    14  9490.063987  13.800479
  15    19  21354.639078  5.079548
  15    22  19313.092031  10.373660
  16     8  8000.713251  9.740762
  16    10  16401.106266  82.147722
  16    17  15700.908179  26.369323
  16    18  14499.729395  3.132605
  17    10  3299.840625  8.228839
  17    16  15701.259215  26.371503
  17    19  14200.748804  24.529666
  18     7  16390.636007  2.072174
  18    16  14599.758372  3.136303
  18    20  14739.006308  4.094385
  19    15  21474.441696  5.126608
  19    17  14201.099840  24.531893
  19    20  9853.346157  13.030264
  20    18  14589.795140  4.090621
  20    19  9973.499810  13.478854
  20    21  6843.632402  9.011738
  20    22  7721.392596  9.016622
  21    20  6867.963171  9.054797
  21    22  9211.698523  4.887375
  21    24  10303.864366  11.904871
  22    15  19475.485831  10.624811
  22    20  7568.004313  8.706841
  22    21  9214.121826  4.890415
  22    23  9780.216210  12.783448
  23    14  9243.036345  11.444899
  23    22  9791.645030  12.824577
  23    24  8826.289654  4.737091
  24    13  12329.906987  24.639095
  24    21  10325.771832  11.980845
  24    23  8947.305769  4.890318
