<METADATA>
<File Name> ./SiouxFalls/SiouxFalls_MIX_0.50_0.80_1.25_flow.txt
<Number of Links> 76
<theta | lambda> 0.500000 | 0.000000
<stoch | determ> 0.800000 | 0.200000
<distant tolerance> 1.250000
<optimal objective> 7492359.038515
<system cost> 7659891.637691

<LINKS>
~ Init node | Term node | Flow | Cost
   1     2  5041.180337  6.001292
   1     3  8476.201223  4.010324
   2     1  5059.897381  6.001311
   2     6  6273.848020  6.922683
   3     1  8457.484179  4.010233
   3     4  14910.188784  4.345964
   3    12  11181.360673  4.031261
   4     3  14910.349284  4.345979
   4     5  18625.267293  2.361020
   4    11  6068.601810  8.102259
   5     4  18670.020105  2.364502
   5     6  8476.342537  9.167352
   5     9  16485.139802  10.539006
   6     2  6292.565064  6.945730
   6     5  8494.871057  9.212682
   6     8  12506.277303  14.745296
   7     8  13382.841846  6.817160
   7    18  15940.122030  2.064560
   8     6  12543.522867  14.897806
   8     7  13323.430030  6.749826
   8     9  7070.213681  15.762215
   8    16  7958.978984  9.642616
   9     5  16511.364094  10.574335
   9     8  7020.799187  15.602805
   9    10  22186.980283  5.907864
  10     9  22263.790080  5.948341
  10    11  17553.054033  12.119869
  10    15  23093.102178  13.678791
  10    16  11238.449938  21.228577
  10    17  7856.894017  15.354631
  11     4  6124.009498  8.180094
  11    10  17418.206175  11.903590
  11    12  7836.353232  11.845043
  11    14  9804.513284  13.804367
  12     3  11162.483129  4.031051
  12    11  7859.991731  11.915890
  12    13  13030.986781  3.028834
  13    12  13135.747736  3.029773
  13    24  10997.696765  17.063466
  14    11  9801.434616  13.792058
  14    15  9173.099514  12.682351
  14    23  8535.875827  9.414926
  15    10  23106.105463  13.696101
  15    14  9197.858875  12.765630
  15    19  18751.875422  4.236456
  15    22  18300.679581  8.944903
  16     8  7986.227227  9.706521
  16    10  11295.590092  21.581643
  16    17  12093.439316  10.577164
  16    18  16604.638449  3.228055
  17    10  7898.408233  15.511309
  17    16  12085.857060  10.555673
  17    19  10199.795370  7.996193
  18     7  15999.533846  2.065528
  18    16  16696.609103  3.233149
  18    20  18522.480912  4.235411
  19    15  18715.116264  4.226790
  19    17  10233.727330  8.076383
  19    20  9379.403215  11.414235
  20    18  18573.863380  4.238034
  20    19  9376.576018  11.405299
  20    21  6244.387748  8.087517
  20    22  7496.707744  8.569117
  21    20  6210.046040  8.041972
  21    22  9051.197197  4.691339
  21    24  9848.624729  10.432406
  22    15  18275.201384  8.911866
  22    20  7479.604723  8.536658
  22    21  9066.426843  4.709499
  22    23  9449.800420  11.655292
  23    14  8508.037797  9.344632
  23    22  9422.448849  11.567046
  23    24  8465.002842  4.315714
  24    13  11002.457720  17.086102
  24    21  9799.053374  10.283893
  24    23  8409.813242  4.255911
