<METADATA>
<File Name> ./SiouxFalls/SiouxFalls_MIX_0.50_0.50_1.05_flow.txt
<Number of Links> 76
<theta | lambda> 0.500000 | 0.000000
<stoch | determ> 0.500000 | 0.500000
<distant tolerance> 1.050000
<optimal objective> 5814540.000045
<system cost> 10371854.249781

<LINKS>
~ Init node | Term node | Flow | Cost
   1     2  4349.190332  6.000716
   1     3  7285.413994  4.005634
   2     1  4353.070541  6.000718
   2     6  5912.144214  6.516184
   3     1  7281.533784  4.005622
   3     4  14323.708870  4.294659
   3    12  10227.950926  4.021887
   4     3  14328.008300  4.295013
   4     5  18757.781243  2.371404
   4    11  6740.819107  9.200239
   5     4  18823.145962  2.376608
   5     6  9040.878888  10.687698
   5     9  14929.354528  8.725850
   6     2  5916.024424  6.520168
   6     5  9066.533584  10.763931
   6     8  13504.031773  19.325729
   7     8  14427.516995  8.156005
   7    18  16504.777310  2.074206
   8     6  13533.566679  19.477801
   8     7  14425.559771  8.153208
   8     9  8242.134912  20.641876
   8    16  9019.425724  12.656828
   9     5  14969.064550  8.765650
   9     8  8223.999769  20.548523
   9    10  23672.166922  6.768194
  10     9  23793.741802  6.846203
  10    11  17017.271725  11.289571
  10    15  23656.348485  14.455798
  10    16  13912.097418  44.457048
  10    17  6339.088743  11.116482
  11     4  6779.753818  9.274820
  11    10  16888.013926  11.100643
  11    12  8527.325426  14.195643
  11    14  10783.610445  18.347365
  12     3  10219.771287  4.021817
  12    11  8530.164940  14.206565
  12    13  13504.074983  3.033255
  13    12  13598.734857  3.034197
  13    24  11463.541411  19.421502
  14    11  10790.447843  18.383788
  14    15  9137.885421  12.565063
  14    23  8967.058490  10.594778
  15    10  23687.168208  14.499949
  15    14  9169.365042  12.669849
  15    19  18730.492325  4.230826
  15    22  20329.176265  12.052218
  16     8  9065.138549  12.813240
  16    10  13934.121003  44.713840
  16    17  16016.822082  28.390631
  16    18  17856.668538  3.305016
  17    10  6437.078115  11.313694
  17    16  15801.983323  27.002922
  17    19  13760.941288  21.865630
  18     7  16506.734534  2.074241
  18    16  18139.243706  3.324786
  18    20  17110.569474  4.171430
  19    15  18792.555792  4.247221
  19    17  13644.091900  21.199429
  19    20  10069.855108  13.850503
  20    18  17295.101866  4.178946
  20    19  10015.069187  13.637876
  20    21  5584.790299  7.335666
  20    22  7291.465641  8.194021
  21    20  5657.281184  7.406376
  21    22  9706.950635  5.560210
  21    24  10461.266307  12.461590
  22    15  20229.412142  11.875829
  22    20  7248.721227  8.119780
  22    21  9771.743098  5.656222
  22    23  9951.479878  13.415034
  23    14  8942.416268  10.522584
  23    22  9873.763804  13.124355
  23    24  8109.020742  3.950070
  24    13  11458.201285  19.392787
  24    21  10468.964730  12.489472
  24    23  8006.662445  3.853457
