<METADATA>
<File Name> ./SiouxFalls/SiouxFalls_MLT_0.20_1.00_0.50_0.50_1.05_flow.txt
<Number of Links> 76
<theta | lambda> 0.200000 | 1.000000
<stoch | determ> 0.500000 | 0.500000
<distant tolerance> 1.050000
<optimal objective> 9011656.860613
<system cost> 10541787.355644

<LINKS>
~ Init node | Term node | Flow | Cost
   1     2  4293.721317  6.000680
   1     3  7515.741337  4.006381
   2     1  4302.809716  6.000686
   2     6  5953.289727  6.558834
   3     1  7506.652938  4.006351
   3     4  14743.726432  4.330771
   3    12  10366.336648  4.023096
   4     3  14739.687788  4.330408
   4     5  19043.131460  2.394525
   4    11  7091.469564  9.919915
   5     4  19081.263820  2.397695
   5     6  9131.043571  10.958502
   5     9  15010.008491  8.807019
   6     2  5962.378126  6.568375
   6     5  9143.780832  10.997410
   6     8  13506.408758  19.337931
   7     8  14472.583435  8.220730
   7    18  17147.925432  2.086466
   8     6  13528.234418  19.450272
   8     7  14432.154201  8.162637
   8     9  8254.534522  20.706060
   8    16  8978.066312  12.517347
   9     5  15035.403589  8.832848
   9     8  8231.415405  20.586621
   9    10  23325.371736  6.552185
  10     9  23427.647717  6.614897
  10    11  16838.056559  11.028776
  10    15  23379.612644  14.067018
  10    16  14105.807858  46.757826
  10    17  6431.019916  11.301237
  11     4  7149.298561  10.049351
  11    10  16685.099163  10.812680
  11    12  8398.505287  13.711515
  11    14  11055.560664  19.850336
  12     3  10361.286893  4.023051
  12    11  8401.444504  13.722316
  12    13  13476.725531  3.032987
  13    12  13574.614993  3.033955
  13    24  11415.093098  19.162447
  14    11  11057.493048  19.861421
  14    15  9106.994543  12.463285
  14    23  8891.296029  10.374710
  15    10  23493.150512  14.224866
  15    14  9137.946172  12.565265
  15    19  19608.496396  4.478350
  15    22  20453.578830  12.275837
  16     8  8982.581855  12.532482
  16    10  14137.823344  47.147333
  16    17  16059.086922  28.670292
  16    18  18118.141432  3.323278
  17    10  6440.699940  11.321158
  17    16  16057.921646  28.662552
  17    19  13513.194110  20.473187
  18     7  17188.354666  2.087285
  18    16  18155.837738  3.325977
  18    20  17833.093359  4.202272
  19    15  19576.401378  4.468694
  19    17  13521.708857  20.519791
  19    20  10069.065323  13.847413
  20    18  17811.218899  4.201282
  20    19  10045.485052  13.755492
  20    21  5890.296546  7.652796
  20    22  7317.536787  8.239948
  21    20  5813.306189  7.568062
  21    22  9717.582846  5.575834
  21    24  10689.066743  13.313029
  22    15  20530.163344  12.415546
  22    20  7249.072413  8.120385
  22    21  9708.785400  5.562903
  22    23  9966.345471  13.471418
  23    14  8862.276784  10.291894
  23    22  9965.668165  13.468843
  23    24  8131.035742  3.971333
  24    13  11412.982560  19.151236
  24    21  10620.873832  13.052361
  24    23  8101.339191  3.942691
