<METADATA>
<File Name> ./SiouxFalls/SiouxFalls_MLT_0.1_0.9_0.7_0.3_flow.txt
<Number of Links> 76
<Total Flows> 360600.000000
<System Cost> 7971056.660919
<Optimal Objective> 20617825.361498

<LINKS>
~ Init node | Term node | Flow | Cost
   1     2  5204.256779  6.001467
   1     3  8568.341562  4.010780
   2     1  5261.440420  6.001533
   2     6  6388.276072  7.066838
   3     1  8511.157921  4.010495
   3     4  14890.904445  4.344178
   3    12  11223.469766  4.031735
   4     3  14630.093837  4.320690
   4     5  18431.331818  2.346217
   4    11  7207.585612  10.183034
   5     4  18913.804445  2.383917
   5     6  8369.505173  8.911717
   5     9  16266.815408  10.251363
   6     2  6445.459712  7.141841
   6     5  8347.714473  8.860760
   6     8  12560.661360  14.968445
   7     8  13424.749927  6.865199
   7    18  15516.962209  2.057973
   8     6  12596.054301  15.115222
   8     7  13390.141525  6.825496
   8     9  7499.259970  17.293460
   8    16  8226.907161  10.300048
   9     5  16771.078735  10.933429
   9     8  7423.190053  17.001995
   9    10  21767.008037  5.693870
  10     9  22295.201448  5.965016
  10    11  17428.963919  11.920752
  10    15  23542.081767  14.293514
  10    16  11364.551579  22.014941
  10    17  8069.553845  16.183811
  11     4  6564.302377  8.877960
  11    10  17757.410396  12.457156
  11    12  8308.243959  13.385312
  11    14  9989.946295  14.567670
  12     3  11427.096733  4.034102
  12    11  8105.458583  12.690232
  12    13  14220.726452  3.040897
  13    12  14321.568044  3.042069
  13    24  11139.234866  17.749041
  14    11  9977.894913  14.516236
  14    15  9145.063515  12.589052
  14    23  8406.079023  9.093026
  15    10  23629.821623  14.418030
  15    14  9154.582714  12.620325
  15    19  18318.032115  4.125940
  15    22  17903.786013  8.445714
  16     8  8303.761617  10.500890
  16    10  11405.777439  22.277721
  16    17  12106.288961  10.613670
  16    18  17951.460096  3.311545
  17    10  8040.335062  16.065920
  17    16  12132.555433  10.688674
  17    19  10081.693276  7.723261
  18     7  15551.570611  2.058492
  18    16  18043.273940  3.317967
  18    20  19890.007837  4.313019
  19    15  18319.061167  4.126195
  19    17  10078.740966  7.716562
  19    20  9587.305986  12.093789
  20    18  19916.430082  4.314685
  20    19  9585.382728  12.087320
  20    21  6361.904848  8.249156
  20    22  8059.338430  9.767341
  21    20  6313.255213  8.181142
  21    22  9143.469998  4.802782
  21    24  9880.854656  10.530167
  22    15  17900.016016  8.441142
  22    20  8032.487051  9.704121
  22    21  9155.991478  4.818158
  22    23  9494.253620  11.800349
  23    14  8384.508442  9.040917
  23    22  9476.153724  11.741046
  23    24  9106.485588  5.101564
  24    13  11140.076458  17.753221
  24    21  9819.683542  10.345437
  24    23  9066.815110  5.047856
