<METADATA>
<File Name> ./SiouxFalls/SiouxFalls_MIX_0.50_0.20_1.05_flow.txt
<Number of Links> 76
<theta | lambda> 0.500000 | 0.000000
<stoch | determ> 0.200000 | 0.800000
<distant tolerance> 1.050000
<optimal objective> 6432066.214039
<system cost> 24612356.323259

<LINKS>
~ Init node | Term node | Flow | Cost
   1     2  4017.231381  6.000521
   1     3  7363.567994  4.005880
   2     1  4020.458028  6.000523
   2     6  6023.479270  6.633659
   3     1  7360.341347  4.005870
   3     4  13917.826268  4.262654
   3    12  9283.784534  4.014857
   4     3  13921.858061  4.262958
   4     5  18469.704693  2.349109
   4    11  6914.121439  9.542254
   5     4  18514.358139  2.352497
   5     6  9361.263169  11.687266
   5     9  12948.053414  7.108042
   6     2  6026.705917  6.637162
   6     5  9361.249545  11.687221
   6     8  14715.556093  26.431180
   7     8  12332.232486  5.752414
   7    18  15781.153599  2.062023
   8     6  14718.769116  26.452524
   8     7  12296.928319  5.721031
   8     9  6416.696661  13.909357
   8    16  11870.159083  27.969922
   9     5  12992.720482  7.137281
   9     8  6382.392765  13.826427
   9    10  21277.079894  5.459401
  10     9  21387.443066  5.510827
  10    11  17131.175692  11.459664
  10    15  19738.023248  10.098061
  10    16  21920.000000  253.336555
  10    17  4679.999810  8.925850
  11     4  6973.499786  9.665514
  11    10  16969.708772  11.219548
  11    12  9179.833823  17.007051
  11    14  12151.295473  27.131602
  12     3  9276.526094  4.014811
  12    11  9163.291530  16.927925
  12    13  13011.173157  3.028659
  13    12  13087.372425  3.029337
  13    24  11023.593693  17.186947
  14    11  12165.749192  27.241857
  14    15  9035.679780  12.232244
  14    23  8625.277480  9.645371
  15    10  19829.853334  10.174859
  15    14  9056.856208  12.300282
  15    19  20159.441762  4.651635
  15    22  20417.552393  12.210656
  16     8  11872.371837  27.987054
  16    10  22000.000000  256.996480
  16    17  21360.000000  85.473643
  16    18  16387.628163  3.216364
  17    10  4679.999817  8.925850
  17    16  21360.000000  85.473643
  17    19  17520.000183  54.197078
  18     7  15816.457765  2.062580
  18    16  16469.840916  3.220739
  18    20  14014.943892  4.077161
  19    15  20160.184246  4.651878
  19    17  17520.000189  54.197078
  19    20  8517.927615  9.043143
  20    18  14032.460811  4.077547
  20    19  8518.670105  9.044902
  20    21  4907.155936  6.796141
  20    22  6229.520393  6.701754
  21    20  4831.255333  6.748015
  21    22  11268.910959  8.466543
  21    24  11317.436917  15.960430
  22    15  20429.816424  12.232806
  22    20  6223.680406  6.695382
  22    21  11254.036659  8.432469
  22    23  10296.166486  14.788808
  23    14  8618.554771  9.627791
  23    22  10287.716230  14.753433
  23    24  6785.514779  2.956110
  24    13  10999.792962  17.073429
  24    21  11256.410614  15.683140
  24    23  6770.341815  2.947587
