<METADATA>
<File Name> ./SiouxFalls/SiouxFalls_MIX_0.50_0.80_2.00_flow.txt
<Number of Links> 76
<theta | lambda> 0.500000 | 0.000000
<stoch | determ> 0.800000 | 0.200000
<distant tolerance> 2.000000
<optimal objective> 7403141.394581
<system cost> 7458349.719071

<LINKS>
~ Init node | Term node | Flow | Cost
   1     2  5333.850317  6.001619
   1     3  8775.580689  4.011861
   2     1  5377.053118  6.001672
   2     6  6328.409219  6.990444
   3     1  8732.377889  4.011629
   3     4  16110.909088  4.471605
   3    12  12471.851244  4.048390
   4     3  16088.949252  4.469039
   4     5  18651.261592  2.363040
   4    11  6784.664114  9.284317
   5     4  18722.676661  2.368632
   5     6  7962.140307  8.023031
   5     9  16564.691273  10.646699
   6     2  6371.612019  7.045357
   6     5  7968.829919  8.036568
   6     8  12393.874620  14.293233
   7     8  13239.527485  6.656259
   7    18  15562.082958  2.058650
   8     6  12443.767033  14.492381
   8     7  13165.870473  6.575570
   8     9  7444.322464  17.082067
   8    16  7875.900182  9.451785
   9     5  16629.416730  10.735474
   9     8  7394.364278  16.893863
   9    10  22310.668201  5.973251
  10     9  22425.435472  6.034903
  10    11  17733.007972  12.416362
  10    15  23011.706088  13.571101
  10    16  10951.077056  19.532848
  10    17  8253.767509  16.957076
  11     4  6791.289209  9.297164
  11    10  17628.395724  12.242899
  11    12  7520.836924  10.959026
  11    14  9802.747068  13.797304
  12     3  12450.608280  4.048061
  12    11  7537.161001  11.002221
  12    13  13982.417491  3.038223
  13    12  14077.498604  3.039274
  13    24  10696.737995  15.691141
  14    11  9788.435838  13.740216
  14    15  9162.951699  12.648413
  14    23  8165.701951  8.534968
  15    10  23023.301473  13.586373
  15    14  9182.899985  12.715235
  15    19  18317.411427  4.125787
  15    22  17844.560620  8.374020
  16     8  7902.093767  9.511304
  16    10  11026.997188  19.968084
  16    17  11433.425310  8.852512
  16    18  16347.244208  3.214239
  17    10  8285.631512  17.096195
  17    16  11413.946828  8.805934
  17    19  9734.593802  6.974863
  18     7  15635.739971  2.059769
  18    16  16468.836407  3.220685
  18    20  18917.688724  4.256155
  19    15  18323.937397  4.127393
  19    17  9746.979323  7.000230
  19    20  8998.845535  10.282214
  20    18  19012.937936  4.261353
  20    19  9017.757026  10.335190
  20    21  6222.807423  8.058809
  20    22  7470.738133  8.519918
  21    20  6251.250929  8.096710
  21    22  8812.199682  4.418141
  21    24  9765.384613  10.184301
  22    15  17769.578321  8.284262
  22    20  7456.455329  8.493077
  22    21  8867.150885  4.479024
  22    23  9347.875891  11.330321
  23    14  8131.442435  8.459340
  23    22  9313.561991  11.223280
  23    24  8338.423139  4.180280
  24    13  10691.819107  15.669651
  24    21  9738.876916  10.106612
  24    23  8269.849723  4.109439
