<METADATA>
<File Name> ./SiouxFalls/SiouxFalls_MIX_0.50_0.50_1.10_flow.txt
<Number of Links> 76
<theta | lambda> 0.500000 | 0.000000
<stoch | determ> 0.500000 | 0.500000
<distant tolerance> 1.100000
<optimal objective> 5598044.911331
<system cost> 9491232.916775

<LINKS>
~ Init node | Term node | Flow | Cost
   1     2  4590.240894  6.000888
   1     3  7487.018213  4.006284
   2     1  4597.713615  6.000894
   2     6  5910.564357  6.514564
   3     1  7479.545492  4.006259
   3     4  14406.145217  4.301501
   3    12  10236.997190  4.021964
   4     3  14400.065732  4.300993
   4     5  19227.611253  2.410037
   4    11  6400.645092  8.601517
   5     4  19276.365417  2.414211
   5     6  9662.115449  12.724147
   5     9  15817.670011  9.694954
   6     2  5918.037078  6.522238
   6     5  9680.835638  12.791955
   6     8  13007.648165  16.915329
   7     8  14239.012976  7.891775
   7    18  15668.637103  2.060273
   8     6  13033.841075  17.035830
   8     7  14180.146971  7.811383
   8     9  8018.492104  19.533012
   8    16  8613.519322  11.368775
   9     5  15847.703986  9.730714
   9     8  7982.711203  19.363991
   9    10  23251.485218  6.507390
  10     9  23345.738292  6.564607
  10    11  16943.822101  11.181684
  10    15  22989.482069  13.541896
  10    16  13444.904241  39.290240
  10    17  5357.562082  9.590106
  11     4  6445.811443  8.675729
  11    10  16817.277408  10.999071
  11    12  8363.033269  13.582056
  11    14  10650.619347  17.652583
  12     3  10235.603954  4.021952
  12    11  8367.198541  13.597173
  12    13  13344.906479  3.031715
  13    12  13447.678516  3.032703
  13    24  11414.871747  19.161271
  14    11  10665.075733  17.726859
  14    15  8986.436053  12.075867
  14    23  8687.514362  9.810083
  15    10  23074.799784  13.654477
  15    14  9007.663463  12.142962
  15    19  18907.983546  4.278147
  15    22  19843.902833  11.218343
  16     8  8616.627127  11.377971
  16    10  13471.158842  39.566701
  16    17  15095.026603  22.819961
  16    18  17007.292458  3.250993
  17    10  5366.787533  9.601087
  17    16  15119.254494  22.953949
  17    19  12714.341006  16.477220
  18     7  15727.503109  2.061184
  18    16  17012.426972  3.251296
  18    20  17966.465356  4.208392
  19    15  18906.322639  4.277698
  19    17  12747.794349  16.630190
  19    20  10004.977840  13.599089
  20    18  17930.465876  4.206727
  20    19  10036.770275  13.721683
  20    21  6046.794443  7.835572
  20    22  7033.268293  7.765077
  21    20  5962.331266  7.735142
  21    22  9073.447957  4.717902
  21    24  10287.399678  11.848090
  22    15  19852.108866  11.231945
  22    20  7013.524424  7.734159
  22    21  9056.132837  4.697215
  22    23  9989.897681  13.561266
  23    14  8680.743338  9.791990
  23    22  9961.044726  13.451284
  23    24  8076.836177  3.919295
  24    13  11417.643783  19.176003
  24    21  10220.251621  11.619329
  24    23  8041.212197  3.885657
