<METADATA>
<File Name> ./SiouxFalls/SiouxFalls_MIX_0.02_0.50_1.10_flow.txt
<Number of Links> 76
<theta | lambda> 0.020000 | 0.000000
<stoch | determ> 0.500000 | 0.500000
<distant tolerance> 1.100000
<optimal objective> 53668077.607965
<system cost> 12082961.294891

<LINKS>
~ Init node | Term node | Flow | Cost
   1     2  6402.810597  6.003361
   1     3  10183.922712  4.021512
   2     1  6404.694387  6.003365
   2     6  7715.881979  9.398596
   3     1  10182.038922  4.021497
   3     4  16986.265110  4.582760
   3    12  14366.896000  4.085208
   4     3  16983.768851  4.582417
   4     5  21420.547440  2.631602
   4    11  8234.799270  13.127607
   5     4  21488.020218  2.639598
   5     6  9031.997195  10.661457
   5     9  17212.689393  11.583490
   6     2  7717.765769  9.402893
   6     5  9073.719658  10.785401
   6     8  13333.184728  18.465439
   7     8  15324.647969  9.563100
   7    18  19129.909763  2.133922
   8     6  13376.790982  18.681899
   8     7  15401.131000  9.695105
   8     9  9202.004644  26.534425
   8    16  9591.585376  14.792531
   9     5  17238.439707  11.622974
   9     8  9071.529622  25.616417
   9    10  24239.432815  7.142581
  10     9  24234.708107  7.139353
  10    11  17068.967134  11.366346
  10    15  24055.122283  15.040533
  10    16  14957.860224  58.063186
  10    17  7151.887081  13.049401
  11     4  8264.830232  13.232150
  11    10  16909.976776  11.132440
  11    12  9685.411258  19.639673
  11    14  11222.474051  20.829446
  12     3  14367.508469  4.085223
  12    11  9672.039626  19.564506
  12    13  14630.047571  3.045812
  13    12  14717.288408  3.046915
  13    24  11351.907509  18.829511
  14    11  11206.886287  20.736138
  14    15  8976.069303  12.043273
  14    23  8808.731516  10.141206
  15    10  24057.190054  15.043642
  15    14  8989.074920  12.084182
  15    19  19132.064888  4.339823
  15    22  20705.681431  12.741683
  16     8  9842.149683  15.856585
  16    10  15019.913773  58.965922
  16    17  15698.639692  26.355243
  16    18  19446.869090  3.429062
  17    10  7142.031411  13.021626
  17    16  15751.381162  26.684193
  17    19  12985.546540  17.752544
  18     7  19053.426731  2.131793
  18    16  19706.745477  3.452461
  18    20  22014.149878  4.469719
  19    15  19119.844553  4.336403
  19    17  13028.432340  17.961673
  19    20  9691.000375  12.449674
  20    18  22097.543233  4.476877
  20    19  9721.665841  12.557133
  20    21  8098.077760  11.904706
  20    22  9748.151929  15.203933
  21    20  8074.755695  11.836979
  21    22  9984.249075  5.984795
  21    24  10309.878963  11.925681
  22    15  20632.975154  12.605573
  22    20  9785.532815  15.361350
  22    21  9991.597507  5.996539
  22    23  10230.737821  14.517174
  23    14  8780.138135  10.061855
  23    22  10202.760862  14.402604
  23    24  8446.575946  4.295616
  24    13  11339.148346  18.762952
  24    21  10279.208466  11.819943
  24    23  8390.005606  4.234733
