<METADATA>
<File Name> ./SiouxFalls/SiouxFalls_MIX_0.02_0.30_2.00_flow.txt
<Number of Links> 76
<theta | lambda> 0.020000 | 0.000000
<stoch | determ> 0.300000 | 0.700000
<distant tolerance> 2.000000
<optimal objective> 29746138.622582
<system cost> 8500829.994426

<LINKS>
~ Init node | Term node | Flow | Cost
   1     2  7803.615148  6.007417
   1     3  11968.802204  4.041042
   2     1  7880.370065  6.007713
   2     6  7269.881330  8.466419
   3     1  11892.047287  4.040000
   3     4  17994.079280  4.733866
   3    12  15171.601405  4.105963
   4     3  18024.069391  4.738770
   4     5  21100.987092  2.594747
   4    11  7440.201980  10.749748
   5     4  21101.310172  2.594784
   5     6  7505.860025  7.177137
   5     9  17735.576105  12.420659
   6     2  7346.636247  8.615147
   6     5  7604.741954  7.347896
   6     8  12810.233478  16.030266
   7     8  14165.800839  7.791941
   7    18  17437.835529  2.092463
   8     6  12985.870324  16.815693
   8     7  14325.269288  8.011389
   8     9  8124.420511  20.046826
   8    16  8107.334946  9.998571
   9     5  17637.017256  12.257079
   9     8  8348.671719  21.202858
   9    10  23708.499978  6.791382
  10     9  23934.192337  6.937824
  10    11  17579.847908  12.163441
  10    15  23508.102195  14.245824
  10    16  11346.725599  21.902182
  10    17  9081.884623  21.129894
  11     4  7569.869011  11.089618
  11    10  17504.494422  12.041409
  11    12  8140.472459  12.806599
  11    14  9491.982482  12.612775
  12     3  15064.856376  4.103013
  12    11  8209.248506  13.039557
  12    13  15758.266483  3.061664
  13    12  15820.297502  3.062641
  13    24  10529.526388  14.977079
  14    11  9577.519979  12.927455
  14    15  8998.948311  12.115358
  14    23  7921.875137  8.017095
  15    10  23564.229457  14.324856
  15    14  9015.794228  12.168787
  15    19  19682.236685  4.500714
  15    22  16734.893608  7.156882
  16     8  8218.189032  10.277617
  16    10  11468.747267  22.684767
  16    17  11719.569433  9.564688
  16    18  17522.169076  3.282796
  17    10  9104.781539  21.262806
  17    16  11976.915322  10.251336
  17    19  9041.669215  5.702578
  18     7  17278.367080  2.089127
  18    16  17497.698941  3.281219
  18    20  21591.450735  4.434668
  19    15  19582.245876  4.470449
  19    17  9321.912019  6.183404
  19    20  9713.033780  12.526781
  20    18  21307.512152  4.412250
  20    19  9893.285775  13.177570
  20    21  8494.769639  13.149521
  20    22  8623.096846  11.247863
  21    20  7909.231900  11.372888
  21    22  9777.640430  5.665056
  21    24  9704.059843  10.005529
  22    15  16807.857597  7.229853
  22    20  9004.947996  12.430247
  22    21  9352.290987  5.067725
  22    23  9355.891517  11.355496
  23    14  7990.566717  8.158249
  23    22  9385.357213  11.448597
  23    24  8663.305652  4.540453
  24    13  10491.557407  14.819602
  24    21  9543.871547  9.554287
  24    23  8761.462928  4.657560
