<METADATA>
<File Name> ./SiouxFalls/SiouxFalls_MIX_0.20_0.00_2.00_flow.txt
<Number of Links> 76
<theta | lambda> 0.200000 | 0.000000
<stoch | determ> 0.000000 | 1.000000
<distant tolerance> 2.000000
<optimal objective> 1455387.247730
<system cost> 7276936.238648

<LINKS>
~ Init node | Term node | Flow | Cost
   1     2  7060.908359  6.004971
   1     3  10652.632452  4.025755
   2     1  7086.200136  6.005043
   2     6  6593.845829  7.345994
   3     1  10627.340675  4.025511
   3     4  17556.975814  4.665115
   3    12  14328.868072  4.084310
   4     3  17536.261158  4.661982
   4     5  18830.213281  2.377174
   4    11  6518.443305  8.798384
   5     4  18932.682146  2.385452
   5     6  6944.376503  6.327915
   5     9  16936.466147  11.170956
   6     2  6619.137606  7.382196
   6     5  6976.526929  6.371326
   6     8  12465.837738  14.581244
   7     8  13246.478253  6.663943
   7    18  15115.146814  2.052197
   8     6  12523.279941  14.814748
   8     7  13144.906481  6.552851
   8     9  7490.538735  17.259580
   8    16  7842.103709  9.375863
   9     5  17006.784586  11.274081
   9     8  7421.523252  16.995705
   9    10  22829.726494  6.259748
  10     9  22931.029448  6.317993
  10    11  17488.187183  12.015206
  10    15  23503.044985  14.238730
  10    16  10844.381052  18.936293
  10    17  8145.005263  16.494206
  11     4  6495.259785  8.758785
  11    10  17440.779407  11.939446
  11    12  7544.406668  11.021484
  11    14  9496.590918  12.629513
  12     3  14324.290950  4.084202
  12    11  7577.408266  11.109924
  12    13  15715.456990  3.060997
  13    12  15843.881467  3.063015
  13    24  10625.385161  15.382304
  14    11  9492.998023  12.616461
  14    15  8918.759084  11.865110
  14    23  7706.055965  7.596904
  15    10  23426.880397  14.132454
  15    14  8990.701008  12.089310
  15    19  18560.681739  4.186795
  15    22  16373.155295  6.808951
  16     8  7866.989624  9.431673
  16    10  10901.728822  19.254756
  16    17  10802.192006  7.459991
  16    18  16149.859634  3.204078
  17    10  8212.532812  16.779419
  17    16  10837.511277  7.531751
  17    19  8229.813091  4.541380
  18     7  15216.718587  2.053615
  18    16  16196.774049  3.206460
  18    20  20222.296404  4.334466
  19    15  18598.607506  4.196525
  19    17  8332.659910  4.670819
  19    20  8777.357523  9.686181
  20    18  20270.782591  4.337685
  20    19  8918.130109  10.059834
  20    21  6331.729348  8.206784
  20    22  7470.145684  8.518801
  21    20  6312.011982  8.179424
  21    22  8084.165155  3.712715
  21    24  9812.625173  10.324330
  22    15  16231.006863  6.678390
  22    20  7579.121824  8.728670
  22    21  8112.470898  3.736829
  22    23  9278.484997  11.115075
  23    14  7630.521146  7.457936
  23    22  9273.618449  11.100160
  23    24  7852.848568  3.715084
  24    13  10653.809638  15.504591
  24    21  9764.602063  10.181998
  24    23  7772.447201  3.645916
