<METADATA>
<File Name> ./SiouxFalls/SiouxFalls_MIX_0.02_0.90_1.10_flow.txt
<Number of Links> 76
<theta | lambda> 0.020000 | 0.000000
<stoch | determ> 0.100000 | 0.900000
<distant tolerance> 1.100000
<optimal objective> 13143361.841390
<system cost> 26315013.995564

<LINKS>
~ Init node | Term node | Flow | Cost
   1     2  3988.569583  6.000506
   1     3  7070.762663  4.004999
   2     1  3998.177105  6.000511
   2     6  6370.770698  7.044277
   3     1  7061.155140  4.004972
   3     4  13241.083712  4.215175
   3    12  9297.720433  4.014946
   4     3  13246.247865  4.215511
   4     5  19407.373785  2.425587
   4    11  7007.966034  9.738520
   5     4  19424.764956  2.427115
   5     6  11692.538295  22.709806
   5     9  13668.869658  7.618133
   6     2  6380.378220  7.056636
   6     5  11692.273421  22.708111
   6     8  15047.678027  28.712571
   7     8  11471.823126  5.060994
   7    18  14662.164437  2.046216
   8     6  15057.020675  28.778973
   8     7  11446.042859  5.042530
   8     9  5177.521412  11.657093
   8    16  11679.861345  26.531987
   9     5  13686.525703  7.631686
   9     8  5163.189433  11.638821
   9    10  20671.385695  5.191087
  10     9  20774.709760  5.235224
  10    11  16145.090037  10.095926
  10    15  16875.959938  8.189968
  10    16  21974.284872  255.815673
  10    17  2013.620108  8.031730
  11     4  7095.739017  9.929364
  11    10  15958.970198  9.864976
  11    12  8757.601439  15.117429
  11    14  13084.649350  35.100240
  12     3  9282.948757  4.014852
  12    11  8756.429430  15.112550
  12    13  12224.996314  3.022335
  13    12  12309.052629  3.022956
  13    24  11467.872284  19.444820
  14    11  13087.474502  35.127108
  14    15  8613.783000  10.973178
  14    23  7205.611902  6.749689
  15    10  16976.852357  8.242810
  15    14  8608.879632  10.959589
  15    19  19412.169691  4.420026
  15    22  22262.612401  16.019082
  16     8  11677.755706  26.516464
  16    10  22063.307977  259.921201
  16    17  22120.874626  98.018198
  16    18  14586.595137  3.135812
  17    10  2013.148489  8.031700
  17    16  22291.210577  101.009984
  17    19  17888.906569  58.734202
  18     7  14687.944704  2.046542
  18    16  14503.176652  3.132731
  18    20  14521.708846  4.088941
  19    15  19418.317883  4.421826
  19    17  18058.770901  60.919970
  19    20  7375.583460  6.834987
  20    18  14364.070627  4.085141
  20    19  7551.595984  7.115448
  20    21  5825.817378  7.581605
  20    22  6959.891299  7.651479
  21    20  5745.806309  7.496492
  21    22  10507.896438  6.888859
  21    24  11361.002526  16.161146
  22    15  22252.453261  15.995334
  22    20  6958.276674  7.649020
  22    21  10488.913101  6.853626
  22    23  11442.046102  20.454550
  23    14  7213.340422  6.761505
  23    22  11411.289000  20.278338
  23    24  7640.481140  3.536949
  24    13  11451.928599  19.359108
  24    21  11299.974793  15.880627
  24    23  7617.452558  3.518503
