<METADATA>
<File Name> ./SiouxFalls/SiouxFalls_MIX_0.10_0.80_1.10_flow.txt
<Number of Links> 76
<theta | lambda> 0.100000 | 0.000000
<stoch | determ> 0.800000 | 0.200000
<distant tolerance> 1.100000
<optimal objective> 21879395.253303
<system cost> 8740815.979763

<LINKS>
~ Init node | Term node | Flow | Cost
   1     2  5911.456280  6.002442
   1     3  9862.698875  4.018924
   2     1  6131.471867  6.002827
   2     6  7054.480209  8.073490
   3     1  9642.683287  4.017291
   3     4  17123.370344  4.601804
   3    12  14187.093081  4.081022
   4     3  16608.470296  4.532619
   4     5  18607.424275  2.359639
   4    11  8117.032546  12.728540
   5     4  18976.213914  2.389009
   5     6  8333.504330  8.827750
   5     9  16392.478505  10.415515
   6     2  7274.495796  8.475229
   6     5  8096.734170  8.302032
   6     8  12592.258888  15.099427
   7     8  13748.239778  7.251433
   7    18  17404.115447  2.091750
   8     6  12575.504315  15.029848
   8     7  13734.537720  7.234510
   8     9  8037.098042  19.621801
   8    16  8973.898044  12.503396
   9     5  16998.038304  11.261184
   9     8  7915.642655  19.053240
   9    10  22463.783188  6.055715
  10     9  23047.887600  6.386147
  10    11  17419.435538  11.905539
  10    15  23174.579806  13.787736
  10    16  11469.176093  22.687562
  10    17  8216.864119  16.797955
  11     4  7333.342859  10.482700
  11    10  17877.752570  12.661485
  11    12  8171.838277  12.912112
  11    14  10277.139702  15.835986
  12     3  14481.977542  4.087971
  12    11  8007.089778  12.371336
  12    13  14513.397562  3.044369
  13    12  14743.533524  3.047250
  13    24  10986.268206  17.009250
  14    11  10216.515546  15.559168
  14    15  9261.606298  12.983163
  14    23  8546.243894  9.441283
  15    10  23208.585910  13.833548
  15    14  9230.507165  12.876477
  15    19  17421.981323  3.921277
  15    22  19151.320632  10.129692
  16     8  9064.896800  12.812406
  16    10  11648.160533  23.881683
  16    17  13473.160073  15.213633
  16    18  20937.568091  3.576536
  17    10  8029.660956  16.023173
  17    16  13654.582578  15.939850
  17    19  10710.512945  9.290391
  18     7  17417.817506  2.092040
  18    16  21026.128781  3.586352
  18    20  19452.670503  4.286383
  19    15  17439.754537  3.925042
  19    17  10704.732287  9.274665
  19    20  9479.608799  11.736191
  20    18  19454.933252  4.286516
  20    19  9491.601355  11.775413
  20    21  8057.578402  11.787469
  20    22  8006.962043  9.644613
  21    20  7982.973007  11.576082
  21    22  10343.931880  6.590785
  21    24  9413.177606  9.202576
  22    15  19036.454390  9.960174
  22    20  7995.822743  9.618820
  22    21  10398.901268  6.689151
  22    23  9815.278719  12.910084
  23    14  8516.718870  9.366479
  23    22  9744.242564  12.654930
  23    24  9336.826495  5.427470
  24    13  11116.404168  17.636684
  24    21  9283.602822  8.868043
  24    23  9236.265316  5.282178
