<METADATA>
<File Name> ./SiouxFalls/SiouxFalls_MIX_0.20_1.00_0.00_1.00_1.90_flow.txt
<Number of Links> 76
<theta | lambda> 0.200000 | 1.000000
<stoch | determ> 0.000000 | 1.000000
<distant tolerance> 1.900000
<optimal objective> 1458565.397278
<system cost> 7292826.986392

<LINKS>
~ Init node | Term node | Flow | Cost
   1     2  6899.313313  6.004532
   1     3  10568.461112  4.024950
   2     1  6974.240005  6.004732
   2     6  6511.941213  7.231586
   3     1  10493.534421  4.024250
   3     4  17572.660992  4.667495
   3    12  14251.738972  4.082509
   4     3  17470.730582  4.652142
   4     5  18728.652634  2.369103
   4    11  6444.252995  8.673142
   5     4  18777.145132  2.372940
   5     6  6891.789667  6.258199
   5     9  16988.594982  11.247282
   6     2  6586.867904  7.336079
   6     5  6935.548218  6.316100
   6     8  12431.186627  14.441939
   7     8  13259.104087  6.677932
   7    18  15640.633541  2.059844
   8     6  12549.871869  14.923939
   8     7  13065.502701  6.467779
   8     9  7459.453607  17.139822
   8    16  7799.792684  9.282187
   9     5  16993.328929  11.254248
   9     8  7349.874167  16.729440
   9    10  22611.216939  6.136729
  10     9  22606.371446  6.134041
  10    11  17511.178757  12.052170
  10    15  23609.989046  14.389709
  10    16  10745.484626  18.398849
  10    17  8272.178028  17.037260
  11     4  6393.830087  8.590455
  11    10  17409.943279  11.890499
  11    12  7493.424578  10.887121
  11    14  9575.963419  12.921652
  12     3  14278.742691  4.083136
  12    11  7533.442995  10.992358
  12    13  15687.308293  3.060561
  13    12  15854.330428  3.063182
  13    24  10532.232117  14.988367
  14    11  9484.286616  12.584877
  14    15  8935.334072  11.916286
  14    23  7809.003637  7.792999
  15    10  23434.749259  14.143386
  15    14  8973.541682  12.035343
  15    19  18325.106528  4.127680
  15    22  16687.693261  7.110182
  16     8  7834.455979  9.358818
  16    10  10887.031514  19.172658
  16    17  11209.545720  8.331351
  16    18  15228.556207  3.161345
  17    10  8302.260913  17.169440
  17    16  11297.575327  8.532589
  17    19  8878.372442  5.442256
  18     7  15834.234927  2.062862
  18    16  15316.736783  3.165115
  18    20  19465.208210  4.287122
  19    15  18601.177653  4.197186
  19    17  8996.484934  5.629119
  19    20  8433.621195  8.846429
  20    18  19646.990173  4.297999
  20    19  8827.804812  9.818036
  20    21  6522.903255  8.485617
  20    22  7362.153998  8.319694
  21    20  6421.561847  8.334711
  21    22  8172.800156  3.789072
  21    24  9788.832264  10.253550
  22    15  16174.589959  6.627513
  22    20  7939.460986  9.489960
  22    21  8095.620925  3.722444
  22    23  9283.282595  11.129803
  23    14  7679.119224  7.546874
  23    22  9270.307050  11.090024
  23    24  7954.135001  3.805296
  24    13  10599.254252  15.270747
  24    21  9764.670086  10.182198
  24    23  7811.275044  3.679052
