<METADATA>
<File Name> ./SiouxFalls/SiouxFalls_MIX_0.02_0.10_1.05_flow.txt
<Number of Links> 76
<theta | lambda> 0.020000 | 0.000000
<stoch | determ> 0.100000 | 0.900000
<distant tolerance> 1.050000
<optimal objective> 15889399.831855
<system cost> 39468095.266229

<LINKS>
~ Init node | Term node | Flow | Cost
   1     2  4246.801723  6.000651
   1     3  6871.287712  4.004458
   2     1  4246.995870  6.000651
   2     6  6610.864513  7.370308
   3     1  6871.093565  4.004458
   3     4  12306.462374  4.160558
   3    12  8054.219788  4.008416
   4     3  12306.266859  4.160547
   4     5  17490.678357  2.280768
   4    11  7636.252600  11.270512
   5     4  17638.308868  2.290368
   5     6  10326.358019  15.382110
   5     9  10602.551749  5.947770
   6     2  6611.058660  7.370587
   6     5  10332.869301  15.410845
   6     8  16212.158480  37.991594
   7     8  10805.936898  4.622545
   7    18  15069.471781  2.051569
   8     6  16218.863909  38.051176
   8     7  10796.582149  4.616933
   8     9  4479.901301  10.928823
   8    16  13402.489545  42.331485
   9     5  10743.670978  5.999245
   9     8  4477.169580  10.926560
   9    10  19753.871882  4.827217
  10     9  19992.259389  4.917029
  10    11  17538.921705  12.096968
  10    15  16064.954155  7.798381
  10    16  24660.720467  403.435626
  10    17  2127.828327  8.039564
  11     4  7588.426574  11.139710
  11    10  17486.666118  12.012766
  11    12  9986.613595  21.417171
  11    14  13145.523194  35.683043
  12     3  8054.221157  4.008416
  12    11  9964.901205  21.283530
  12    13  12918.389896  3.027851
  13    12  12996.678875  3.028532
  13    24  11044.497303  17.287255
  14    11  13167.153970  35.892094
  14    15  8503.720399  10.673690
  14    23  8122.848893  8.440518
  15    10  16165.659727  7.843901
  15    14  8504.457634  10.675658
  15    19  19793.530610  4.534946
  15    22  22087.383979  15.614005
  16     8  13402.571946  42.332403
  16    10  24750.704082  409.297558
  16    17  24095.847165  137.180227
  16    18  15118.348310  3.156725
  17    10  2127.782234  8.039561
  17    16  24095.935913  137.182219
  17    19  19875.382775  88.451348
  18     7  15078.826531  2.051698
  18    16  15208.325577  3.160490
  18    20  12620.199859  4.050734
  19    15  19793.736775  4.535010
  19    17  19875.425431  88.452090
  19    20  6982.220645  6.276878
  20    18  12619.531876  4.050723
  20    19  6982.469465  6.277203
  20    21  4710.456481  6.675962
  20    22  6980.467983  7.682975
  21    20  4617.278196  6.624043
  21    22  12438.076195  11.597480
  21    24  12157.099785  20.256274
  22    15  22088.620622  15.616830
  22    20  6973.227105  7.671860
  22    21  12419.354398  11.539826
  22    23  10952.193245  17.812606
  23    14  8143.742434  8.486382
  23    22  10927.467214  17.688293
  23    24  6239.610304  2.683607
  24    13  11022.786282  17.183084
  24    21  12082.643297  19.837395
  24    23  6235.777813  2.681929
