<METADATA>
<File Name> ./SiouxFalls/SiouxFalls_MIX_0.10_0.10_1.20_flow.txt
<Number of Links> 76
<theta | lambda> 0.100000 | 0.000000
<stoch | determ> 0.100000 | 0.900000
<distant tolerance> 1.200000
<optimal objective> 4123972.579739
<system cost> 11126337.820103

<LINKS>
~ Init node | Term node | Flow | Cost
   1     2  4092.345502  6.000561
   1     3  7227.273387  4.005457
   2     1  4092.964020  6.000561
   2     6  5970.070943  6.576485
   3     1  7226.654870  4.005455
   3     4  12919.146834  4.194999
   3    12  8349.501354  4.009720
   4     3  12925.645623  4.195392
   4     5  18579.602441  2.357492
   4    11  7052.055292  9.833492
   5     4  18606.665156  2.359580
   5     6  10162.135405  14.675150
   5     9  14374.194253  8.201808
   6     2  5970.689461  6.577138
   6     5  10162.722989  14.677619
   6     8  13690.199308  20.301084
   7     8  11719.966174  5.245186
   7    18  16178.787342  2.068515
   8     6  13691.405409  20.307534
   8     7  11699.557548  5.229588
   8     9  4749.552153  11.173464
   8    16  9619.711906  14.907900
   9     5  14400.669386  8.225462
   9     8  4729.799241  11.154065
   9    10  21175.795673  5.412905
  10     9  21282.517893  5.461916
  10    11  17955.408081  12.795471
  10    15  24409.654184  15.585401
  10    16  15939.180617  73.708819
  10    17  3525.500208  8.298154
  11     4  7131.491365  10.009158
  11    10  17781.464719  12.497758
  11    12  8764.721620  15.147116
  11    14  10481.685912  16.806780
  12     3  8342.384048  4.009687
  12    11  8765.676324  15.151102
  12    13  12543.739279  3.024758
  13    12  12637.576676  3.025507
  13    24  11954.833977  22.240035
  14    11  10486.223920  16.828973
  14    15  9296.609611  13.104535
  14    23  8921.446871  10.461619
  15    10  24499.534761  15.727363
  15    14  9302.493097  13.125071
  15    19  21152.699121  5.001996
  15    22  18858.984836  9.704233
  16     8  9620.262293  14.910168
  16    10  16028.048926  75.276505
  16    17  15652.036657  26.067324
  16    18  13954.645626  3.113762
  17    10  3527.416904  8.298803
  17    16  15652.278880  26.068813
  17    19  13475.057633  20.265530
  18     7  16199.195968  2.068861
  18    16  14043.822098  3.116698
  18    20  15099.102515  4.103952
  19    15  21163.017583  5.005905
  19    17  13477.216552  20.277239
  19    20  9860.878520  13.057909
  20    18  15108.687613  4.104217
  20    19  9873.355901  13.103841
  20    21  6748.541729  8.847805
  20    22  7856.213336  9.304587
  21    20  6660.910771  8.702745
  21    22  9129.569094  4.785772
  21    24  10233.196208  11.663079
  22    15  18844.430438  9.683561
  22    20  7865.906774  9.325872
  22    21  9106.473320  4.757689
  22    23  9707.960728  12.526745
  23    14  8920.101393  10.457722
  23    22  9680.003993  12.428948
  23    24  8778.567127  4.678373
  24    13  11948.671374  22.202453
  24    21  10168.661023  11.446605
  24    23  8749.264914  4.642791
