<METADATA>
<File Name> ./SiouxFalls/SiouxFalls_MIX_0.20_1.00_0.00_1.00_1.50_flow.txt
<Number of Links> 76
<theta | lambda> 0.200000 | 1.000000
<stoch | determ> 0.000000 | 1.000000
<distant tolerance> 1.500000
<optimal objective> 1473632.445115
<system cost> 7368162.225574

<LINKS>
~ Init node | Term node | Flow | Cost
   1     2  6669.309811  6.003957
   1     3  10305.658620  4.022560
   2     1  6702.687056  6.004037
   2     6  6679.516597  7.470313
   3     1  10272.281375  4.022269
   3     4  16033.346100  4.462588
   3    12  12913.715848  4.055621
   4     3  16003.482424  4.459152
   4     5  18737.378253  2.369791
   4    11  6105.543546  8.153917
   5     4  18781.702296  2.373303
   5     6  7208.457578  6.702735
   5     9  16682.397919  10.808917
   6     2  6712.893842  7.520060
   6     5  7214.941579  6.712473
   6     8  12883.564291  16.354294
   7     8  12782.651996  6.177100
   7    18  15444.358689  2.056896
   8     6  12923.425538  16.532767
   8     7  12753.725568  6.148439
   8     9  6400.294805  13.869539
   8    16  7629.845148  8.920995
   9     5  16720.237960  10.861801
   9     8  6399.921664  13.868637
   9    10  22225.120270  5.927910
  10     9  22362.587171  6.001024
  10    11  17479.145455  12.000709
  10    15  23845.170102  14.729019
  10    16  10773.552746  18.549884
  10    17  8108.892292  16.344560
  11     4  6131.355827  8.190573
  11    10  17347.908908  11.792815
  11    12  8368.927287  13.603453
  11    14  9668.544002  13.271707
  12     3  12910.202280  4.055560
  12    11  8365.604853  13.591386
  12    13  15233.012820  3.053845
  13    12  15326.176817  3.055174
  13    24  10820.404346  16.241240
  14    11  9666.442170  13.263647
  14    15  8906.425226  11.827213
  14    23  7835.139108  7.844032
  15    10  23866.199180  14.759853
  15    14  8945.055242  11.946433
  15    19  18698.230587  4.222368
  15    22  16741.469408  7.163419
  16     8  7641.153106  8.944291
  16    10  10917.967628  19.345851
  16    17  12022.599437  10.377952
  16    18  14817.265234  3.144608
  17    10  8112.151780  16.357985
  17    16  12026.880891  10.389893
  17    19  9683.454627  6.871145
  18     7  15473.285117  2.057323
  18    16  14968.706621  3.150612
  18    20  18627.613248  4.240801
  19    15  18962.255193  4.292885
  19    17  9690.995568  6.886336
  19    20  8312.763852  8.574538
  20    18  18707.981063  4.244984
  20    19  8584.329400  9.202247
  20    21  6393.007405  8.293461
  20    22  7102.456831  7.875497
  21    20  6223.148264  8.059260
  21    22  8278.188953  3.883153
  21    24  9768.214310  10.192631
  22    15  16437.103895  6.868807
  22    20  7524.249335  8.621856
  22    21  8141.238681  3.761596
  22    23  9264.015399  11.070796
  23    14  7794.407260  7.764719
  23    22  9244.492118  11.011379
  23    24  7953.607252  3.804817
  24    13  10813.568343  16.210335
  24    21  9735.305442  10.096193
  24    23  7893.352123  3.750743
