<METADATA>
<File Name> ./SiouxFalls/SiouxFalls_DSD_0.02_0.30_2.00_flow.txt
<Number of Links> 76
<theta | lambda> 0.020000 | 0.000000
<stoch | determ> 0.300000 | 0.800000
<distant tolerance> 2.000000
<optimal objective> 118629133.222844
<system cost> 11973710.257702

<LINKS>
~ Init node | Term node | Flow | Cost
   1     2  6358.947779  6.003270
   1     3  11302.703466  4.032644
   2     1  6677.798103  6.003977
   2     6  6271.255271  6.918653
   3     1  10983.853141  4.029113
   3     4  17255.530594  4.621731
   3    12  18201.070767  4.219255
   4     3  16970.958233  4.579867
   4     5  21696.859342  2.664834
   4    11  9259.913144  17.411078
   5     4  21101.595981  2.594565
   5     6  9233.734529  11.269700
   5     9  18601.261841  13.985407
   6     2  6590.105595  7.339731
   6     5  8805.139993  10.018903
   6     8  12471.597155  14.591032
   7     8  14903.398085  8.871113
   7    18  15927.870331  2.064348
   8     6  12361.852944  14.165369
   8     7  14598.569122  8.404536
   8     9  9217.106469  26.647209
   8    16  8938.691735  12.379371
   9     5  18434.593016  13.657856
   9     8  9231.908506  26.766762
   9    10  22606.835146  6.136445
  10     9  22554.968359  6.105810
  10    11  17164.941326  11.507953
  10    15  26300.979364  18.946783
  10    16  11813.620686  24.988675
  10    17  10043.709259  27.656936
  11     4  9670.604144  19.509591
  11    10  17244.337044  11.635489
  11    12  9391.985929  18.058024
  11    14  9731.818074  13.513516
  12     3  18166.792803  4.218262
  12    11  9675.374026  19.579777
  12    13  15663.756789  3.060122
  13    12  16012.866921  3.065887
  13    24  10988.839375  17.013782
  14    11  10038.516697  14.740093
  14    15  9339.193402  13.256151
  14    23  8578.607911  9.528073
  15    10  26084.547893  18.491038
  15    14  9520.535811  13.894929
  15    19  21977.808606  5.337003
  15    22  19031.479047  9.957824
  16     8  8509.316523  11.062331
  16    10  11782.986783  24.796258
  16    17  14685.475642  20.638497
  16    18  18565.584924  3.355945
  17    10  10059.512127  27.837296
  17    16  14418.838104  19.276930
  17    19  10684.661122  9.213196
  18     7  16232.699294  2.069427
  18    16  18372.213347  3.342341
  18    20  19585.759874  4.294005
  19    15  22150.512274  5.407869
  19    17  10433.826453  8.554066
  19    20  12361.533395  26.478637
  20    18  19597.217259  4.295535
  20    19  12283.402394  25.845777
  20    21  11588.791396  30.677888
  20    22  11196.426625  22.834789
  21    20  11515.074833  30.214011
  21    22  12783.052667  12.665374
  21    24  8533.814979  7.219389
  22    15  18723.686317  9.496221
  22    20  11103.469573  22.158396
  22    21  13043.077844  13.692946
  22    23  9949.235964  13.383980
  23    14  8703.964125  9.854363
  23    22  9808.511357  12.885991
  23    24  12077.855204  11.594740
  24    13  11237.949507  18.303235
  24    21  8200.073240  6.566430
  24    23  12062.486810  11.560695
