<METADATA>
<File Name> ./SiouxFalls/SiouxFalls_COL_0.20_1.00_0.00_1.00_3.00_flow.txt
<Number of Links> 76
<theta | lambda> 0.200000 | 1.000000
<stoch | determ> 0.000000 | 1.000000
<distant tolerance> 3.000000
<optimal objective> 7208932.903497
<system cost> 7208932.903497

<LINKS>
~ Init node | Term node | Flow | Cost
   1     2  7550.575483  6.032607
   1     3  11188.186728  4.156279
   2     1  7588.724308  6.033037
   2     6  6600.291834  16.820217
   3     1  11150.037904  4.154897
   3     4  17249.396865  7.084069
   3    12  14063.360043  4.392447
   4     3  17215.761143  7.087837
   4     5  18832.860702  3.877499
   4    11  6151.513970  17.141139
   5     4  18888.070466  3.915487
   5     6  7021.081528  16.271973
   5     9  16942.423051  35.599838
   6     2  6638.440658  16.998675
   6     5  7047.965029  16.356114
   6     8  12538.940218  66.878523
   7     8  13295.415421  21.622456
   7    18  16499.053877  2.368097
   8     6  12603.972543  67.642638
   8     7  13235.491035  21.107270
   8     9  7567.328920  47.901842
   8    16  7948.117077  28.425211
   9     5  16970.749314  36.200940
   9     8  7547.360885  46.976196
   9    10  21698.239224  16.249022
  10     9  21806.597451  16.583998
  10    11  17494.461491  39.912928
  10    15  23371.530604  46.437230
  10    16  10668.275981  73.810442
  10    17  8333.150765  54.495331
  11     4  6162.668484  17.219731
  11    10  17381.468840  39.448825
  11    12  7315.376757  28.045256
  11    14  9458.056157  46.135384
  12     3  14058.846941  4.389105
  12    11  7313.264358  28.329229
  12    13  15241.829451  3.269781
  13    12  15335.203950  3.276451
  13    24  10585.524528  60.068918
  14    11  9458.330418  46.657009
  14    15  8915.755102  39.325096
  14    23  7763.072938  22.399936
  15    10  23429.422428  46.559238
  15    14  8952.050098  39.934810
  15    19  18285.017515  8.595402
  15    22  16534.383397  22.873131
  16     8  7973.193051  28.314120
  16    10  10743.183544  76.093210
  16    17  10605.141243  27.449305
  16    18  18771.357617  4.860049
  17    10  8321.702258  54.279912
  17    16  10536.916533  26.662016
  17    19  8220.355038  14.693993
  18     7  16558.978263  2.376477
  18    16  18939.565863  4.924182
  18    20  20745.858427  5.847867
  19    15  18499.128163  8.847339
  19    17  8140.681821  14.131349
  19    20  8576.338345  30.045946
  20    18  20873.991060  5.902897
  20    19  8710.775776  31.403439
  20    21  6534.235616  18.512842
  20    22  7077.951226  19.185282
  21    20  6288.929785  16.740812
  21    22  8086.975925  10.635769
  21    24  9806.834804  39.427099
  22    15  16314.459568  21.719718
  22    20  7485.827121  22.741716
  22    21  7907.080357  9.813079
  22    23  9274.700835  39.818545
  23    14  7727.052203  22.302678
  23    22  9282.757334  39.227371
  23    24  7738.793382  10.117566
  24    13  10578.899027  59.928168
  24    21  9741.424540  38.769943
  24    23  7710.829146  9.914713
