<METADATA>
<File Name> ./SiouxFalls/SiouxFalls_MIX_0.02_0.80_1.05_flow.txt
<Number of Links> 76
<theta | lambda> 0.020000 | 0.000000
<stoch | determ> 0.800000 | 0.200000
<distant tolerance> 1.050000
<optimal objective> 91042469.935428
<system cost> 11234290.389375

<LINKS>
~ Init node | Term node | Flow | Cost
   1     2  7569.650949  6.006566
   1     3  12691.902485  4.051896
   2     1  7468.479954  6.006222
   2     6  7832.936505  9.671649
   3     1  12793.073480  4.053571
   3     4  20461.983285  5.227125
   3    12  16978.607483  4.166203
   4     3  19702.963966  5.054932
   4     5  21193.248336  2.605217
   4    11  7380.269402  10.598546
   5     4  20777.594452  2.559117
   5     6  8159.128628  8.436180
   5     9  17150.325086  11.488595
   6     2  7731.765510  9.434927
   6     5  8082.502604  8.271865
   6     8  13771.351441  20.738895
   7     8  14574.446300  8.369270
   7    18  19043.791189  2.131527
   8     6  13593.554423  19.789750
   8     7  14696.113347  8.550817
   8     9  8808.623437  23.883261
   8    16  10345.655244  18.254562
   9     5  16811.297226  10.990543
   9     8  8719.785770  23.331609
   9    10  23200.546933  6.476755
  10     9  22872.681405  6.284351
  10    11  17858.942256  12.629291
  10    15  24816.107788  16.239964
  10    16  12281.034754  28.567649
  10    17  8924.732630  20.244419
  11     4  7136.903967  10.021343
  11    10  17128.971251  11.456340
  11    12  10314.769652  23.545665
  11    14  10686.481202  17.837393
  12     3  17838.797797  4.202531
  12    11  9460.594744  18.416679
  12    13  15598.594927  3.059203
  13    12  15704.610333  3.060829
  13    24  10955.026636  16.861902
  14    11  10667.319669  17.738415
  14    15  9631.859535  14.338353
  14    23  9092.788231  10.972499
  15    10  25128.854322  16.766004
  15    14  9378.865096  13.395197
  15    19  18351.596899  4.134215
  15    22  20496.434138  12.353822
  16     8  10378.362941  18.422975
  16    10  12249.923320  28.319645
  16    17  14858.970028  21.547859
  16    18  22372.561989  3.751595
  17    10  8945.203008  20.357144
  17    16  14814.757365  21.316238
  17    19  11732.694764  12.497862
  18     7  18922.124142  2.128197
  18    16  22418.370915  3.757770
  18    20  22418.167509  4.505162
  19    15  18592.816723  4.195035
  19    17  11708.952479  12.413146
  19    20  10146.979481  14.155765
  20    18  22242.309387  4.489496
  20    19  10364.457020  15.054821
  20    21  9672.608138  18.018352
  20    22  9450.142094  14.012220
  21    20  9376.400476  16.612437
  21    22  12913.277903  13.150398
  21    24  9534.360282  9.528198
  22    15  20214.966409  11.850503
  22    20  9687.969172  14.954270
  22    21  12841.348512  12.904027
  22    23  9779.605042  12.781253
  23    14  9326.621137  11.717871
  23    22  9664.035000  12.373465
  23    24  10250.396489  6.978966
  24    13  10961.042042  16.890176
  24    21  9310.082012  8.935279
  24    23  10368.659353  7.212751
