<METADATA>
<File Name> ./SiouxFalls/SiouxFalls_MIX_0.50_0.10_1.05_flow.txt
<Number of Links> 76
<theta | lambda> 0.500000 | 0.000000
<stoch | determ> 0.100000 | 0.900000
<distant tolerance> 1.050000
<optimal objective> 8488205.464607
<system cost> 38720771.574805

<LINKS>
~ Init node | Term node | Flow | Cost
   1     2  4180.594438  6.000611
   1     3  6960.670560  4.004695
   2     1  4180.679031  6.000611
   2     6  6387.223460  7.065476
   3     1  6960.585967  4.004695
   3     4  12715.041854  4.182966
   3    12  8408.249391  4.009997
   4     3  12720.894461  4.183303
   4     5  17573.961964  2.286154
   4    11  7211.650691  10.192474
   5     4  17607.271841  2.288330
   5     6  10129.072588  14.536899
   5     9  10912.449862  6.063531
   6     2  6387.308054  7.065586
   6     5  10130.647081  14.543452
   6     8  15928.682428  35.539543
   7     8  10816.807010  4.629083
   7    18  15009.446175  2.050753
   8     6  15930.341514  35.553519
   8     7  10789.358092  4.612610
   8     9  4484.805883  10.932897
   8    16  13230.000288  40.446452
   9     5  10944.185246  6.075957
   9     8  4459.016050  10.911623
   9    10  19857.723401  4.865946
  10     9  19963.668952  4.906087
  10    11  17704.545400  12.368861
  10    15  16719.996299  8.110126
  10    16  24660.000000  403.388950
  10    17  2340.000000  8.057866
  11     4  7284.193421  10.363727
  11    10  17531.506524  12.084973
  11    12  9736.569394  19.930142
  11    14  12815.427556  32.618560
  12     3  8402.312190  4.009968
  12    11  9729.677533  19.890743
  12    13  12859.128174  3.027343
  13    12  12946.299113  3.028092
  13    24  11085.217765  17.484299
  14    11  12821.823271  32.675733
  14    15  8663.378614  11.111938
  14    23  8314.373414  8.874368
  15    10  16808.980727  8.155407
  15    14  8674.536767  11.143486
  15    19  19534.574544  4.456183
  15    22  21386.560009  14.087653
  16     8  13230.000288  40.446452
  16    10  24750.000000  409.251442
  16    17  24030.000000  135.708635
  16    18  15299.999712  3.164394
  17    10  2340.000000  8.057866
  17    16  24030.000000  135.708635
  17    19  19710.000000  85.609622
  18     7  15036.895093  2.051125
  18    16  15389.999712  3.168297
  18    20  12369.615936  4.046823
  19    15  19535.676055  4.456511
  19    17  19710.000000  85.609622
  19    20  6840.071723  6.097047
  20    18  12387.064855  4.047087
  20    19  6841.173234  6.098398
  20    21  4652.626516  6.643374
  20    22  6305.483683  6.786290
  21    20  4570.823720  6.599306
  21    22  12100.908732  10.598374
  21    24  11946.755644  19.092630
  22    15  21385.601078  14.085664
  22    20  6305.836908  6.786691
  22    21  12094.172089  10.579243
  22    23  10650.449399  16.352162
  23    14  8309.610976  8.863209
  23    22  10643.107051  16.318135
  23    24  6388.848461  2.751393
  24    13  11072.388704  17.421985
  24    21  11871.689491  18.691961
  24    23  6376.743675  2.745714
