<METADATA>
<File Name> ./SiouxFalls/SiouxFalls_MIX_0.10_0.10_1.30_flow.txt
<Number of Links> 76
<theta | lambda> 0.100000 | 0.000000
<stoch | determ> 0.100000 | 0.900000
<distant tolerance> 1.300000
<optimal objective> 3763040.292359
<system cost> 9582582.012726

<LINKS>
~ Init node | Term node | Flow | Cost
   1     2  5359.970045  6.001651
   1     3  9181.798577  4.014215
   2     1  5363.114504  6.001655
   2     6  6900.483312  7.813778
   3     1  9178.654119  4.014195
   3     4  12995.155428  4.199629
   3    12  9687.612241  4.017616
   4     3  12974.170684  4.198343
   4     5  17273.177236  2.267061
   4    11  6059.270024  8.089358
   5     4  17314.025494  2.269596
   5     6  8793.550449  9.985372
   5     9  15162.676920  8.964284
   6     2  6903.627770  7.818910
   6     5  8804.785258  10.016018
   6     8  12991.917645  16.843310
   7     8  13638.444958  7.117242
   7    18  16023.163216  2.065916
   8     6  13006.296912  16.909133
   8     7  13597.982004  7.068598
   8     9  5073.487319  11.527867
   8    16  8082.021443  9.936434
   9     5  15192.290369  8.995345
   9     8  5027.669429  11.473419
   9    10  22164.298221  5.895991
  10     9  22248.093780  5.940035
  10    11  18024.458311  12.916080
  10    15  24547.823637  15.804281
  10    16  14720.064177  54.706376
  10    17  5146.477902  9.353935
  11     4  6097.437022  8.142501
  11    10  17912.124961  12.720576
  11    12  9424.786661  18.229757
  11    14  9900.293454  14.193132
  12     3  9705.452526  4.017746
  12    11  9411.919877  18.163109
  12    13  13333.989474  3.031611
  13    12  13438.962975  3.032618
  13    24  11362.986579  18.887488
  14    11  9938.993887  14.353450
  14    15  9205.306224  12.790812
  14    23  8698.742106  9.840177
  15    10  24563.520389  15.829382
  15    14  9279.527263  13.045131
  15    19  20245.923247  4.680159
  15    22  18340.141551  8.996345
  16     8  8101.755646  9.984825
  16    10  14806.080884  55.902016
  16    17  14110.859868  17.898578
  16    18  14192.453883  3.121717
  17    10  5140.893352  9.348068
  17    16  14118.388583  17.932536
  17    19  12771.076510  16.737363
  18     7  16063.626170  2.066585
  18    16  14290.676077  3.125122
  18    20  14677.477772  4.092819
  19    15  20246.928839  4.680493
  19    17  12773.020676  16.746339
  19    20  9752.030854  12.664545
  20    18  14716.162920  4.093801
  20    19  9754.980612  12.675033
  20    21  6546.042982  8.521076
  20    22  7864.804388  9.323447
  21    20  6504.466453  8.457634
  21    22  8896.960451  4.512529
  21    24  10073.558719  11.135023
  22    15  18329.053750  8.981857
  22    20  7848.015824  9.286649
  22    21  8922.388067  4.541375
  22    23  9564.209996  12.032813
  23    14  8663.221499  9.745368
  23    22  9561.761246  12.024589
  23    24  8561.266099  4.422861
  24    13  11367.960080  18.913570
  24    21  10006.554574  10.920733
  24    23  8523.296744  4.380165
