<METADATA>
<File Name> ./SiouxFalls/SiouxFalls_MIX_0.50_0.10_1.10_flow.txt
<Number of Links> 76
<theta | lambda> 0.500000 | 0.000000
<stoch | determ> 0.100000 | 0.900000
<distant tolerance> 1.100000
<optimal objective> 5843007.731450
<system cost> 25585584.679002

<LINKS>
~ Init node | Term node | Flow | Cost
   1     2  3994.042991  6.000509
   1     3  7089.431179  4.005052
   2     1  4008.075820  6.000516
   2     6  6290.748581  6.943485
   3     1  7075.398350  4.005012
   3     4  13323.594225  4.220589
   3    12  9243.645846  4.014602
   4     3  13335.179939  4.221357
   4     5  18996.882191  2.390706
   4    11  6370.864922  8.553438
   5     4  19025.725540  2.393085
   5     6  11408.120076  20.954712
   5     9  13553.383498  7.530767
   6     2  6304.781409  6.960884
   6     5  11408.343610  20.956041
   6     8  14882.225528  27.556963
   7     8  11174.254177  4.855330
   7    18  14272.735947  2.041498
   8     6  14896.481891  27.655033
   8     7  11132.360537  4.827663
   8     9  4795.807834  11.219850
   8    16  11472.260976  25.041463
   9     5  13582.003314  7.552211
   9     8  4768.772031  11.192575
   9    10  20526.072500  5.130123
  10     9  20627.656513  5.172605
  10    11  16497.729621  10.555946
  10    15  17967.237728  8.813773
  10    16  21960.000000  255.161518
  10    17  2339.962665  8.057862
  11     4  6453.607287  8.688697
  11    10  16324.346220  10.326040
  11    12  8683.303089  14.811940
  11    14  12762.602828  32.149611
  12     3  9218.027304  4.014440
  12    11  8692.615543  14.849803
  12    13  12048.338962  3.021072
  13    12  12132.032873  3.021664
  13    24  11485.474801  19.539866
  14    11  12762.649338  32.150022
  14    15  8800.151462  11.507143
  14    23  7513.015177  7.249805
  15    10  18052.230938  8.867393
  15    14  8823.870911  11.577583
  15    19  19390.356768  4.413654
  15    22  21636.887360  14.615957
  16     8  11471.659500  25.037261
  16    10  22050.000000  259.304301
  16    17  21960.000000  95.255341
  16    18  14808.340500  3.144260
  17    10  2339.936869  8.057859
  17    16  22140.000000  98.350692
  17    19  17640.063131  55.642660
  18     7  14314.629587  2.041988
  18    16  14717.739024  3.140762
  18    20  13925.682707  4.075214
  19    15  19373.397090  4.408715
  19    17  17820.037335  57.865566
  19    20  7496.448970  7.025435
  20    18  13776.974872  4.072052
  20    19  7659.463497  7.297303
  20    21  5688.330771  7.437507
  20    22  6098.085284  6.562617
  21    20  5617.708102  7.367437
  21    22  10219.712902  6.374205
  21    24  11153.200817  15.224333
  22    15  21662.559696  14.671185
  22    20  6083.014644  6.547226
  22    21  10197.891709  6.336965
  22    23  11149.333180  18.834291
  23    14  7489.342238  7.209038
  23    22  11138.113684  18.774671
  23    24  7919.916354  3.774430
  24    13  11469.168712  19.451805
  24    21  11104.399341  15.011780
  24    23  7885.023918  3.743366
