<METADATA>
<File Name> ./SiouxFalls/SiouxFalls_MIX_0.20_0.00_1.05_flow.txt
<Number of Links> 76
<theta | lambda> 0.200000 | 0.000000
<stoch | determ> 0.000000 | 1.000000
<distant tolerance> 1.050000
<optimal objective> 12304989.439672
<system cost> 61524947.198358

<LINKS>
~ Init node | Term node | Flow | Cost
   1     2  3800.000000  6.000417
   1     3  6000.000000  4.002592
   2     1  3800.000000  6.000417
   2     6  6600.000000  7.354765
   3     1  6000.000000  4.002592
   3     4  10288.095038  4.078422
   3    12  6911.904962  4.004565
   4     3  10288.095038  4.078422
   4     5  15076.647467  2.155003
   4    11  6976.190075  9.671174
   5     4  15088.095035  2.155474
   5     6  11076.647468  19.068409
   5     9  7499.999999  5.237305
   6     2  6600.000000  7.354765
   6     5  11088.095036  19.130798
   6     8  17511.904961  50.997203
   7     8  7923.352530  3.469011
   7    18  13011.904962  2.028666
   8     6  17523.352529  51.125447
   8     7  7911.904962  3.466306
   8     9  800.000000  10.000945
   8    16  14700.000001  59.025986
   9     5  7499.999999  5.237305
   9     8  800.000000  10.000945
   9    10  17499.999999  4.125469
  10     9  17599.999999  4.151415
  10    11  18400.000007  13.596716
  10    15  13999.999995  7.037232
  10    16  27400.000002  612.731824
  10    17  0.000000  8.000000
  11     4  7064.742507  9.861153
  11    10  18200.000007  13.228995
  11    12  10693.542890  26.268339
  11    14  14060.659914  45.470398
  12     3  6911.904962  4.004565
  12    11  10684.469834  26.199639
  12    13  12727.435128  3.026240
  13    12  12818.362072  3.026998
  13    24  11527.435128  19.768203
  14    11  14058.285401  45.442391
  14    15  7673.895135  8.762644
  14    23  8086.764779  8.362138
  15    10  14099.999995  7.067186
  15    14  7658.470940  8.732485
  15    19  18999.999999  4.303210
  15    22  23219.692331  18.406419
  16     8  14700.000001  59.025986
  16    10  27500.000002  621.667188
  16    17  26700.000000  205.793073
  16    18  14100.000001  3.118576
  17    10  0.000000  8.000000
  17    16  26700.000000  205.793073
  17    19  21900.000000  129.434267
  18     7  13023.352530  2.028767
  18    16  14200.000001  3.121976
  18    20  11411.904963  4.033921
  19    15  18999.999999  4.303210
  19    17  21900.000000  129.434267
  19    20  5099.999999  4.648106
  20    18  11423.352531  4.034057
  20    19  5099.999999  4.648106
  20    21  4300.000000  6.469401
  20    22  5311.904962  5.899663
  21    20  4200.000000  6.427236
  21    22  13227.435129  14.275719
  21    24  12918.362073  25.001734
  22    15  23204.268137  18.365524
  22    20  5323.352530  5.907443
  22    21  13218.362073  14.242073
  22    23  11135.071945  18.758538
  23    14  8099.814462  8.390363
  23    22  11122.022262  18.689475
  23    24  6099.999999  2.624447
  24    13  11518.362072  19.718618
  24    21  12827.435129  24.388799
  24    23  6099.999999  2.624447
