<METADATA>
<File Name> ./SiouxFalls/SiouxFalls_MIX_0.20_1.00_0.00_1.00_1.15_flow.txt
<Number of Links> 76
<theta | lambda> 0.200000 | 1.000000
<stoch | determ> 0.000000 | 1.000000
<distant tolerance> 1.150000
<optimal objective> 4386545.605503
<system cost> 21932728.027513

<LINKS>
~ Init node | Term node | Flow | Cost
   1     2  3605.021590  6.000338
   1     3  6394.978410  4.003345
   2     1  3610.041293  6.000340
   2     6  6205.021590  6.839691
   3     1  6389.958707  4.003334
   3     4  11699.942480  4.131170
   3    12  8494.920890  4.010415
   4     3  11699.942480  4.131170
   4     5  17599.971240  2.287852
   4    11  6300.028760  8.441754
   5     4  17599.971240  2.287852
   5     6  12499.971240  28.438252
   5     9  11400.000000  6.266720
   6     2  6210.041293  6.845652
   6     5  12499.971240  28.438252
   6     8  15905.050350  35.340946
   7     8  8910.070053  3.750018
   7    18  12805.050350  2.026886
   8     6  15910.070053  35.383056
   8     7  8905.050350  3.748329
   8     9  1400.000000  10.008859
   8    16  11900.000000  28.201775
   9     5  11400.000000  6.266720
   9     8  1400.000000  10.008859
   9    10  18400.000000  4.375474
  10     9  18500.000000  4.405621
  10    11  17980.807136  12.839674
  10    15  19679.484185  10.049660
  10    16  21200.000000  222.156019
  10    17  600.000000  8.000250
  11     4  6400.028760  8.600515
  11    10  17780.807136  12.496649
  11    12  9299.269635  17.591164
  11    14  12419.814209  29.245024
  12     3  8489.901187  4.010391
  12    11  9299.269635  17.591164
  12    13  12095.651256  3.021405
  13    12  12190.631553  3.022085
  13    24  12095.651256  23.114744
  14    11  12419.814209  29.245024
  14    15  7522.130777  8.473708
  14    23  6777.829093  6.152596
  15    10  19779.484185  10.132602
  15    14  7597.541564  8.615115
  15    19  19313.882209  4.391484
  15    22  21840.814767  15.060108
  16     8  11900.000000  28.201775
  16    10  21300.000000  226.301385
  16    17  20100.086279  67.453980
  16    18  13700.086279  3.105685
  17    10  600.000000  8.000250
  17    16  20100.086279  67.453980
  17    19  15900.086279  37.408513
  18     7  12810.070053  2.026928
  18    16  13800.086279  3.108805
  18    20  14404.964071  4.086115
  19    15  19509.911341  4.448843
  19    17  15900.086279  37.408513
  19    20  7982.028987  7.888828
  20    18  14409.983774  4.086235
  20    19  8178.058119  8.285152
  20    21  7010.437601  9.316279
  20    22  5869.638524  6.341294
  21    20  6936.404962  9.178398
  21    22  8966.765794  4.592314
  21    24  11347.053723  16.096629
  22    15  21720.196422  14.795894
  22    20  6044.719998  6.508632
  22    21  8956.373311  4.580317
  22    23  10864.585044  17.375924
  23    14  6702.418306  6.058383
  23    22  10908.655690  17.594279
  23    24  8223.878160  4.062924
  24    13  12090.631553  23.083033
  24    21  11283.413567  15.805281
  24    23  8192.538019  4.031657
