<METADATA>
<File Name> ./SiouxFalls/SiouxFalls_MIX_0.02_0.10_1.25_flow.txt
<Number of Links> 76
<theta | lambda> 0.020000 | 0.000000
<stoch | determ> 0.900000 | 0.100000
<distant tolerance> 1.250000
<optimal objective> 103984408.703111
<system cost> 11596928.777814

<LINKS>
~ Init node | Term node | Flow | Cost
   1     2  8408.850889  6.009999
   1     3  14033.806697  4.077577
   2     1  8460.377548  6.010247
   2     6  7609.556602  9.161110
   3     1  13982.280038  4.076444
   3     4  21663.004583  5.541604
   3    12  21146.002872  4.399892
   4     3  21424.516327  5.474831
   4     5  21181.586807  2.603886
   4    11  7792.598161  11.715587
   5     4  20989.980544  2.582330
   5     6  8987.684750  10.531688
   5     9  17668.010018  12.308223
   6     2  7661.083260  9.274964
   6     5  8821.291208  10.061257
   6     8  13880.992541  21.342821
   7     8  14472.794597  8.221034
   7    18  18614.715754  2.120068
   8     6  13766.125658  20.710468
   8     7  14456.210763  8.197145
   8     9  9706.247630  30.467499
   8    16  11086.176142  22.476741
   9     5  17642.797297  12.266596
   9     8  9507.640596  28.843012
   9    10  23580.449607  6.710134
  10     9  23456.629852  6.632819
  10    11  18379.878560  13.559173
  10    15  25093.896299  16.706220
  10    16  11910.792613  25.736339
  10    17  8831.968870  19.743226
  11     4  7845.716168  11.873028
  11    10  18229.996807  13.283381
  11    12  11356.702057  31.783426
  11    14  10003.327463  14.624129
  12     3  21332.964469  4.414224
  12    11  11194.532403  30.341959
  12    13  15777.528972  3.061966
  13    12  15902.320915  3.063950
  13    24  11158.924238  17.846524
  14    11  10168.733372  15.344434
  14    15  9387.224863  13.425169
  14    23  9244.067636  11.448222
  15    10  25166.996539  16.831518
  15    14  9510.325927  13.875878
  15    19  19694.921537  4.504586
  15    22  18810.912721  9.636137
  16     8  11153.332460  22.904078
  16    10  11785.641557  24.837071
  16    17  12923.759252  13.186644
  16    18  25229.848729  4.215570
  17    10  8810.081684  19.627251
  17    16  13148.760554  13.986258
  17    19  9412.153605  6.347762
  18     7  18631.299588  2.120496
  18    16  24946.852688  4.161942
  18    20  21741.428601  4.446871
  19    15  19249.919470  4.373143
  19    17  9615.267721  6.735385
  19    20  10306.066976  14.807801
  20    18  21375.016394  4.417499
  20    19  10064.179025  13.828312
  20    21  10195.580929  20.836055
  20    22  9432.938110  13.946772
  21    20  10195.039597  20.832905
  21    22  13149.769718  13.989939
  21    24  8815.213850  7.770441
  22    15  19352.116092  10.433438
  22    20  8725.179284  11.549013
  22    21  13227.462077  14.275819
  22    23  9919.874363  13.295996
  23    14  9286.372480  11.585506
  23    22  9831.011267  12.967348
  23    24  11359.365868  9.509187
  24    13  11183.716180  17.969987
  24    21  8736.980159  7.603334
  24    23  11312.807617  9.386831
