<METADATA>
<File Name> ./SiouxFalls/SiouxFalls_MIX_0.50_0.50_1.25_flow.txt
<Number of Links> 76
<theta | lambda> 0.500000 | 0.000000
<stoch | determ> 0.500000 | 0.500000
<distant tolerance> 1.250000
<optimal objective> 5206860.291816
<system cost> 8071392.205238

<LINKS>
~ Init node | Term node | Flow | Cost
   1     2  4277.507552  6.000670
   1     3  7513.612086  4.006374
   2     1  4289.233125  6.000677
   2     6  5676.200416  6.288257
   3     1  7501.886513  4.006334
   3     4  14818.701957  4.337550
   3    12  10454.022139  4.023887
   4     3  14793.609674  4.335270
   4     5  19093.724833  2.398735
   4    11  6510.078362  8.784047
   5     4  19248.889683  2.411855
   5     6  9114.149187  10.907146
   5     9  16251.474712  10.231574
   6     2  5687.925989  6.298935
   6     5  9138.890973  10.982454
   6     8  12501.570175  14.726119
   7     8  13633.123887  7.110820
   7    18  15693.276007  2.060653
   8     6  12538.037534  14.875259
   8     7  13639.615369  7.118655
   8     9  6766.988318  14.835496
   8    16  8105.645163  9.994404
   9     5  16381.897776  10.401546
   9     8  6815.218657  14.974833
   9    10  21442.442373  5.536753
  10     9  21721.095776  5.671211
  10    11  17621.532335  12.231626
  10    15  23732.045802  14.564549
  10    16  11657.133389  23.943015
  10    17  6970.521121  12.556363
  11     4  6429.821228  8.649277
  11    10  17604.654004  12.203959
  11    12  8187.293059  12.964550
  11    14  9700.363759  13.394366
  12     3  10467.388849  4.024010
  12    11  8161.338101  12.876654
  12    13  12785.429788  3.026722
  13    12  12872.841539  3.027460
  13    24  11404.151277  19.104395
  14    11  9729.183253  13.506506
  14    15  9140.483372  12.573670
  14    23  8886.634312  10.361352
  15    10  23833.385874  14.711777
  15    14  9179.095599  12.702457
  15    19  19407.424717  4.418638
  15    22  18745.244636  9.543955
  16     8  8100.373665  9.981425
  16    10  11706.229175  24.281116
  16    17  13079.677163  13.736334
  16    18  15855.476047  3.189600
  17    10  7015.616997  12.675422
  17    16  13035.446763  13.578387
  17    19  10944.859781  9.949697
  18     7  15686.784526  2.060553
  18    16  15943.530735  3.193847
  18    20  17819.196195  4.201643
  19    15  19473.411941  4.438031
  19    17  10945.725257  9.952212
  19    20  9722.955784  12.561675
  20    18  17800.759402  4.200809
  20    19  9789.808484  12.799587
  20    21  6402.356735  8.306907
  20    22  7549.810802  8.671324
  21    20  6362.215819  8.249594
  21    22  9153.357509  4.814920
  21    24  9886.609542  10.547735
  22    15  18719.209709  9.507676
  22    20  7538.367625  8.649116
  22    21  9142.715883  4.801852
  22    23  9513.096411  11.862467
  23    14  8876.841580  10.333358
  23    22  9464.976682  11.704588
  23    24  8545.325513  4.404867
  24    13  11391.563028  19.037815
  24    21  9857.110251  10.458054
  24    23  8487.413052  4.340334
