<METADATA>
<File Name> ./SiouxFalls/SiouxFalls_MIX_0.50_0.80_1.50_flow.txt
<Number of Links> 76
<theta | lambda> 0.500000 | 0.000000
<stoch | determ> 0.800000 | 0.200000
<distant tolerance> 1.500000
<optimal objective> 7427618.222126
<system cost> 7465986.393912

<LINKS>
~ Init node | Term node | Flow | Cost
   1     2  5350.692837  6.001639
   1     3  8871.074632  4.012386
   2     1  5399.742868  6.001700
   2     6  6357.267090  7.026999
   3     1  8822.024601  4.012114
   3     4  15441.516302  4.397977
   3    12  11672.674370  4.037129
   4     3  15266.417612  4.380230
   4     5  18423.854353  2.345655
   4    11  6608.190105  8.955710
   5     4  18670.833781  2.364566
   5     6  8104.440777  8.318434
   5     9  16388.722261  10.410553
   6     2  6406.317120  7.090285
   6     5  8120.824754  8.353461
   6     8  12527.803469  14.833274
   7     8  13097.845829  6.502244
   7    18  15824.933723  2.062714
   8     6  12593.237478  15.103499
   8     7  13006.128841  6.405173
   8     9  7111.859114  15.899183
   8    16  7794.148974  9.269806
   9     5  16619.317710  10.721554
   9     8  7045.262516  15.681304
   9    10  21938.702509  5.779873
  10     9  22202.701360  5.916114
  10    11  17550.019480  12.114947
  10    15  23010.117118  13.569010
  10    16  10977.805984  19.685052
  10    17  8286.772360  17.101206
  11     4  6286.111988  8.420250
  11    10  17630.428814  12.246241
  11    12  7865.447585  11.932332
  11    14  9816.190618  13.851159
  12     3  11798.723030  4.038759
  12    11  7743.400050  11.572608
  12    13  13525.420490  3.033466
  13    12  13629.421614  3.034507
  13    24  10843.642374  16.346737
  14    11  9796.569370  13.772630
  14    15  9174.202048  12.686045
  14    23  8247.209160  8.718763
  15    10  23028.165477  13.592785
  15    14  9200.416588  12.774272
  15    19  18344.558729  4.132476
  15    22  17941.268656  8.491468
  16     8  7834.462592  9.358833
  16    10  11034.839401  20.013557
  16    17  11513.279293  9.045966
  16    18  16395.167882  3.216763
  17    10  8295.280101  17.138639
  17    16  11525.607126  9.076192
  17    19  9849.346129  7.213620
  18     7  15916.650711  2.064181
  18    16  16480.187084  3.221294
  18    20  18826.976383  4.251277
  19    15  18326.511688  4.128026
  19    17  9870.181703  7.257876
  19    20  8984.817228  10.243132
  20    18  18903.712574  4.255399
  20    19  8987.605761  10.250886
  20    21  6303.686645  8.167949
  20    22  7479.642689  8.536730
  21    20  6298.470839  8.160782
  21    22  8889.962489  4.504633
  21    24  9773.800674  10.209099
  22    15  17903.578596  8.445469
  22    20  7464.383218  8.507956
  22    21  8920.015575  4.538673
  22    23  9365.913003  11.387061
  23    14  8201.373373  8.614732
  23    22  9343.016558  11.315091
  23    24  8350.935105  4.193396
  24    13  10847.643498  16.364970
  24    21  9738.531782  10.105605
  24    23  8282.202873  4.122071
