<METADATA>
<File Name> ./SiouxFalls/SiouxFalls_MIX_0.50_0.80_1.20_flow.txt
<Number of Links> 76
<theta | lambda> 0.500000 | 0.000000
<stoch | determ> 0.800000 | 0.200000
<distant tolerance> 1.200000
<optimal objective> 7505253.117803
<system cost> 7696673.771987

<LINKS>
~ Init node | Term node | Flow | Cost
   1     2  5070.095707  6.001322
   1     3  8520.332964  4.010540
   2     1  5089.337532  6.001342
   2     6  6279.861635  6.930066
   3     1  8501.091138  4.010445
   3     4  14864.666941  4.341758
   3    12  11144.755251  4.030854
   4     3  14867.655393  4.342033
   4     5  18613.191393  2.360085
   4    11  6048.398812  8.074404
   5     4  18659.434176  2.363676
   5     6  8493.856029  9.210191
   5     9  16474.834546  10.525168
   6     2  6299.103461  6.953830
   6     5  8505.193079  9.238064
   6     8  12512.219475  14.769537
   7     8  13320.442334  6.746464
   7    18  15873.376935  2.063486
   8     6  12542.798350  14.894826
   8     7  13268.401478  6.688259
   8     9  7096.473069  15.848299
   8    16  8042.675523  9.841005
   9     5  16509.740279  10.572143
   9     8  7050.320138  15.697635
   9    10  22250.468818  5.941290
  10     9  22339.221621  5.988501
  10    11  17542.231726  12.102327
  10    15  22993.557256  13.547245
  10    16  11277.791502  21.471090
  10    17  7741.815571  14.933118
  11     4  6105.144481  8.153354
  11    10  17408.459071  11.888150
  11    12  7810.407670  11.768017
  11    14  9956.929377  14.428386
  12     3  11122.524973  4.030609
  12    11  7833.698575  11.837127
  12    13  12992.104919  3.028492
  13    12  13093.165546  3.029389
  13    24  10987.734871  17.016198
  14    11  9956.611487  14.427054
  14    15  9156.511873  12.626934
  14    23  8587.318373  9.546646
  15    10  23013.463691  13.573414
  15    14  9173.289151  12.682987
  15    19  18890.776685  4.273501
  15    22  18368.461106  9.033467
  16     8  8067.366472  9.900727
  16    10  11338.229948  21.848626
  16    17  12251.482996  11.034394
  16    18  16562.512813  3.225749
  17    10  7783.996147  15.085455
  17    16  12237.422501  10.992992
  17    19  10215.324450  8.032793
  18     7  15925.417791  2.064323
  18    16  16661.702704  3.231206
  18    20  18496.295518  4.234083
  19    15  18868.331738  4.267459
  19    17  10243.444530  8.099495
  19    20  9440.916906  11.610658
  20    18  18547.526265  4.236687
  20    19  9446.592039  11.628974
  20    21  6176.617926  7.998359
  20    22  7487.411543  8.551446
  21    20  6147.571771  7.961033
  21    22  9046.551520  4.685818
  21    24  9868.747605  10.493337
  22    15  18327.589766  8.979946
  22    20  7473.363580  8.524868
  22    21  9067.098809  4.710303
  22    23  9467.544654  11.712953
  23    14  8570.223204  9.502610
  23    22  9433.172640  11.601554
  23    24  8478.121835  4.330103
  24    13  10988.795498  17.021224
  24    21  9819.154160  10.343843
  24    23  8426.654652  4.274036
