<METADATA>
<File Name> ./SiouxFalls/SiouxFalls_MIX_0.20_1.00_0.00_1.00_1.30_flow.txt
<Number of Links> 76
<theta | lambda> 0.200000 | 1.000000
<stoch | determ> 0.000000 | 1.000000
<distant tolerance> 1.300000
<optimal objective> 2192969.384187
<system cost> 10964846.920937

<LINKS>
~ Init node | Term node | Flow | Cost
   1     2  5261.309992  6.001533
   1     3  8880.216689  4.012437
   2     1  5280.189610  6.001555
   2     6  7037.667297  8.044295
   3     1  8861.337071  4.012332
   3     4  11350.900042  4.116204
   3    12  8414.033538  4.010024
   4     3  11314.889631  4.114736
   4     5  15711.777050  2.182819
   4    11  5636.549860  7.564534
   5     4  15713.271424  2.182889
   5     6  9241.565047  11.301569
   5     9  13370.169109  7.396673
   6     2  7056.546916  8.077094
   6     5  9241.339487  11.300856
   6     8  13678.148992  20.236733
   7     8  12452.227773  5.861114
   7    18  15320.805112  2.055097
   8     6  13696.803050  20.336421
   8     7  12420.610449  5.832166
   8     9  2448.309618  10.082856
   8    16  7509.356848  8.679123
   9     5  13371.889043  7.397907
   9     8  2435.542583  10.081141
   9    10  21019.269782  5.342350
  10     9  21108.222680  5.382253
  10    11  18514.235814  13.812202
  10    15  24793.467423  16.202646
  10    16  16300.338667  80.244806
  10    17  4199.947014  8.600527
  11     4  5699.045074  7.635084
  11    10  18358.176604  13.518820
  11    12  9774.338190  20.147547
  11    14  10038.048398  14.772401
  12     3  8431.164331  4.010106
  12    11  9776.672682  20.161068
  12    13  12538.572042  3.024717
  13    12  12658.037327  3.025672
  13    24  11538.429774  19.828447
  14    11  10042.149910  14.790018
  14    15  9462.744458  13.699578
  14    23  8920.208090  10.458031
  15    10  24838.471962  16.276927
  15    14  9450.759843  13.655589
  15    19  20452.969009  4.749949
  15    22  18869.741310  9.719542
  16     8  7509.160618  8.678739
  16    10  16400.346236  82.133238
  16    17  15100.382017  22.849522
  16    18  14390.936524  3.128670
  17    10  4199.947014  8.600527
  17    16  15100.382017  22.849522
  17    19  13500.341646  20.403007
  18     7  15352.422436  2.055553
  18    16  14490.747863  3.132277
  18    20  13629.638083  4.069019
  19    15  20456.285540  4.751085
  19    17  13500.341646  20.403007
  19    20  9725.501463  12.570645
  20    18  13661.066746  4.069658
  20    19  9728.817994  12.582342
  20    21  6198.943128  8.027408
  20    22  7574.639366  8.719857
  21    20  6137.436752  7.948133
  21    22  8897.964637  4.513663
  21    24  10282.423609  11.830983
  22    15  18799.444703  9.619969
  22    20  7570.890936  8.712499
  22    21  8911.847497  4.529387
  22    23  9783.938299  12.796827
  23    14  8936.294216  10.504741
  23    22  9723.776123  12.582445
  23    24  8438.680254  4.287045
  24    13  11557.895060  19.935528
  24    21  10207.034373  11.574828
  24    23  8394.604204  4.239636
