<METADATA>
<File Name> ./SiouxFalls/SiouxFalls_DSD_0.02_0.10_2.00_flow.txt
<Number of Links> 76
<theta | lambda> 0.020000 | 0.000000
<stoch | determ> 0.000000 | 0.100000
<distant tolerance> 2.000000
<optimal objective> 118629133.222279
<system cost> 11973710.081367

<LINKS>
~ Init node | Term node | Flow | Cost
   1     2  6358.947792  6.003270
   1     3  11302.703483  4.032644
   2     1  6677.798112  6.003977
   2     6  6271.255308  6.918653
   3     1  10983.853163  4.029113
   3     4  17255.529174  4.621731
   3    12  18201.072038  4.219255
   4     3  16970.959860  4.579867
   4     5  21696.859649  2.664834
   4    11  9259.912499  17.411081
   5     4  21101.596676  2.594565
   5     6  9233.735047  11.269701
   5     9  18601.261620  13.985405
   6     2  6590.105628  7.339731
   6     5  8805.139810  10.018903
   6     8  12471.597563  14.591035
   7     8  14903.398205  8.871112
   7    18  15927.870527  2.064348
   8     6  12361.852646  14.165370
   8     7  14598.569408  8.404536
   8     9  9217.106681  26.647207
   8    16  8938.691942  12.379373
   9     5  18434.593884  13.657855
   9     8  9231.908519  26.766755
   9    10  22606.834602  6.136444
  10     9  22554.968704  6.105810
  10    11  17164.941452  11.507953
  10    15  26300.977825  18.946775
  10    16  11813.621320  24.988687
  10    17  10043.709233  27.656931
  11     4  9670.606158  19.509587
  11    10  17244.336429  11.635489
  11    12  9391.985974  18.058023
  11    14  9731.817988  13.513520
  12     3  18166.791032  4.218262
  12    11  9675.374116  19.579776
  12    13  15663.758027  3.060122
  13    12  16012.865163  3.065887
  13    24  10988.839742  17.013782
  14    11  10038.518481  14.740089
  14    15  9339.193053  13.256153
  14    23  8578.607489  9.528074
  15    10  26084.549601  18.491035
  15    14  9520.536925  13.894927
  15    19  21977.808933  5.337001
  15    22  19031.476187  9.957829
  16     8  8509.316391  11.062333
  16    10  11782.986383  24.796271
  16    17  14685.475485  20.638503
  16    18  18565.586221  3.355945
  17    10  10059.511521  27.837271
  17    16  14418.839126  19.276947
  17    19  10684.661036  9.213199
  18     7  16232.699324  2.069427
  18    16  18372.212091  3.342341
  18    20  19585.761095  4.294005
  19    15  22150.512122  5.407869
  19    17  10433.826965  8.554068
  19    20  12361.533121  26.478585
  20    18  19597.215761  4.295535
  20    19  12283.402238  25.845757
  20    21  11588.793640  30.677895
  20    22  11196.425653  22.834765
  21    20  11515.071883  30.214023
  21    22  12783.055177  12.665379
  21    24  8533.811082  7.219393
  22    15  18723.688646  9.496222
  22    20  11103.471194  22.158383
  22    21  13043.070775  13.692960
  22    23  9949.238134  13.383973
  23    14  8703.964111  9.854363
  23    22  9808.511732  12.885989
  23    24  12077.855534  11.594739
  24    13  11237.946878  18.303241
  24    21  8200.073728  6.566431
  24    23  12062.485753  11.560696
