<METADATA>
<File Name> ./SiouxFalls/SiouxFalls_MIX_0.50_0.10_1.50_flow.txt
<Number of Links> 76
<theta | lambda> 0.500000 | 0.000000
<stoch | determ> 0.100000 | 0.900000
<distant tolerance> 1.500000
<optimal objective> 2063690.414705
<system cost> 7354254.608696

<LINKS>
~ Init node | Term node | Flow | Cost
   1     2  6621.770844  6.003845
   1     3  10260.984818  4.022171
   2     1  6646.808114  6.003904
   2     6  6666.280411  7.450790
   3     1  10235.947548  4.021955
   3     4  16150.169800  4.476219
   3    12  13010.904855  4.057314
   4     3  16136.982971  4.474665
   4     5  18801.873409  2.374909
   4    11  6183.456160  8.265984
   5     4  18886.394988  2.381696
   5     6  7235.503853  6.743527
   5     9  16746.793388  10.899129
   6     2  6691.317682  7.487817
   6     5  7239.540705  6.749655
   6     8  12847.281739  16.193278
   7     8  12891.738749  6.286949
   7    18  15412.666089  2.056430
   8     6  12876.355862  16.322196
   8     7  12856.929208  6.251591
   8     9  6602.476533  14.382145
   8    16  7673.420821  9.011340
   9     5  16827.278115  11.013354
   9     8  6572.671094  14.303550
   9    10  22110.329605  5.867888
  10     9  22261.008893  5.946868
  10    11  17429.159184  11.920971
  10    15  23759.613713  14.604413
  10    16  10791.612550  18.647690
  10    17  8097.407361  16.297385
  11     4  6185.747752  8.269345
  11    10  17322.437614  11.753008
  11    12  8296.693566  13.344325
  11    14  9631.597347  13.130796
  12     3  12999.054413  4.057105
  12    11  8294.806971  13.337647
  12    13  15266.374096  3.054318
  13    12  15352.637060  3.055556
  13    24  10801.517382  16.155996
  14    11  9629.053964  13.121156
  14    15  8891.883273  11.782733
  14    23  7835.114322  7.843984
  15    10  23781.496474  14.636156
  15    14  8957.313152  11.984588
  15    19  18665.502606  4.213832
  15    22  16738.366431  7.160334
  16     8  7697.490842  9.061908
  16    10  10921.821661  19.367530
  16    17  11908.909773  10.065520
  16    18  15111.802074  3.156454
  17    10  8102.716345  16.319167
  17    16  11919.708090  10.094814
  17    19  9543.858148  6.596271
  18     7  15447.475629  2.056942
  18    16  15255.282890  3.162481
  18    20  18744.283086  4.246891
  19    15  18891.609678  4.273726
  19    17  9559.965448  6.627379
  19    20  8418.533281  8.811841
  20    18  18822.573443  4.251042
  20    19  8660.747654  9.389979
  20    21  6377.070969  8.270678
  20    22  7075.356409  7.831860
  21    20  6269.043665  8.120683
  21    22  8319.061791  3.920621
  21    24  9768.623230  10.193836
  22    15  16499.571999  6.927956
  22    20  7403.888443  8.395611
  22    21  8242.260320  3.850673
  22    23  9242.212501  11.004466
  23    14  7767.141060  7.712316
  23    22  9255.148632  11.043764
  23    24  7982.674947  3.831346
  24    13  10787.780346  16.094275
  24    21  9737.397396  10.102294
  24    23  7927.637816  3.781360
