<METADATA>
<File Name> ./SiouxFalls/SiouxFalls_MLT_0.20_1.50_0.50_0.50_5.00_flow.txt
<Number of Links> 76
<theta | lambda> 0.200000 | 1.500000
<stoch | determ> 0.500000 | 0.500000
<distant tolerance> 5.000000
<optimal objective> 8133443.542823
<system cost> 7463989.888470

<LINKS>
~ Init node | Term node | Flow | Cost
   1     2  6832.260420  6.004358
   1     3  10224.988590  4.021862
   2     1  6842.598799  6.004384
   2     6  6833.896991  7.706733
   3     1  10214.650211  4.021773
   3     4  16777.080952  4.554579
   3    12  14136.031683  4.079862
   4     3  16766.930917  4.553238
   4     5  18616.330580  2.360328
   4    11  6846.003910  9.404711
   5     4  18660.533155  2.363762
   5     6  7292.723127  6.831346
   5     9  16955.092422  11.198148
   6     2  6844.235370  7.723150
   6     5  7303.096551  6.847490
   6     8  12436.700863  14.464030
   7     8  13465.847488  6.912747
   7    18  15892.658344  2.063795
   8     6  12457.412666  14.547267
   8     7  13445.184454  6.888786
   8     9  7540.760958  17.456242
   8    16  8087.155393  9.948989
   9     5  16988.921573  11.247762
   9     8  7529.531399  17.411926
   9    10  22001.628314  5.811904
  10     9  22124.227907  5.875105
  10    11  17532.745499  12.086976
  10    15  23108.044270  13.698685
  10    16  10868.043655  19.067085
  10    17  8551.014876  18.318771
  11     4  6891.651300  9.496430
  11    10  17446.074115  11.947877
  11    12  7321.332094  10.453404
  11    14  9353.486360  12.120999
  12     3  14135.843339  4.079858
  12    11  7336.922936  10.491460
  12    13  15038.479846  3.051146
  13    12  15153.882343  3.052735
  13    24  10684.547231  15.637936
  14    11  9396.871524  12.272724
  14    15  8957.386306  11.984816
  14    23  8126.937562  8.449466
  15    10  23198.597711  13.820071
  15    14  8996.364033  12.107188
  15    19  18129.319956  4.080254
  15    22  17177.197295  7.614080
  16     8  8098.433720  9.976654
  16    10  10873.401827  19.096821
  16    17  11461.416455  8.919864
  16    18  19099.261939  3.399197
  17    10  8564.374240  18.383406
  17    16  11479.908204  8.964630
  17    19  8819.719748  5.352192
  18     7  15913.321378  2.064127
  18    16  19097.406688  3.399042
  18    20  20523.399251  4.354836
  19    15  18061.365401  4.064149
  19    17  8851.570861  5.400879
  19    20  9122.432582  10.634499
  20    18  20442.207036  4.349254
  20    19  9086.329140  10.530093
  20    21  6471.179576  8.407711
  20    22  7438.656050  8.459843
  21    20  6512.795040  8.470246
  21    22  8431.724973  4.026796
  21    24  9798.204104  10.281369
  22    15  17274.683018  7.719720
  22    20  7179.744930  8.002718
  22    21  8514.762241  4.107825
  22    23  9343.561329  11.316797
  23    14  8131.344998  8.459126
  23    22  9265.173200  11.074331
  23    24  8135.393258  3.975562
  24    13  10699.949728  15.705188
  24    21  9756.782299  10.159020
  24    23  8061.412565  3.904676
