<METADATA>
<File Name> ./SiouxFalls/SiouxFalls_MIX_0.10_0.50_1.15_flow.txt
<Number of Links> 76
<theta | lambda> 0.100000 | 0.000000
<stoch | determ> 0.500000 | 0.500000
<distant tolerance> 1.150000
<optimal objective> 13726596.766796
<system cost> 9154906.374461

<LINKS>
~ Init node | Term node | Flow | Cost
   1     2  5154.167808  6.001411
   1     3  8579.811870  4.010838
   2     1  5123.946424  6.001379
   2     6  6686.329625  7.480407
   3     1  8610.033254  4.010991
   3     4  14864.446571  4.341738
   3    12  10795.661057  4.027166
   4     3  14939.776997  4.348718
   4     5  19888.291541  2.469366
   4    11  7350.749535  10.525413
   5     4  20001.336701  2.480128
   5     6  9345.869608  11.636827
   5     9  16458.811640  10.503705
   6     2  6656.108241  7.435865
   6     5  9380.061813  11.749200
   6     8  13257.115307  18.092883
   7     8  14122.882358  7.734132
   7    18  16700.217276  2.077784
   8     6  13261.086128  18.112173
   8     7  14210.274026  7.852402
   8     9  8030.379119  19.589666
   8    16  8700.911517  11.631204
   9     5  16537.664594  10.609937
   9     8  7859.011811  18.796929
   9    10  23149.389321  6.446191
  10     9  23156.874967  6.450651
  10    11  16876.630398  11.084210
  10    15  22996.705315  13.551379
  10    16  12731.825367  32.378305
  10    17  6946.512686  12.493913
  11     4  7413.034801  10.680754
  11    10  16697.496988  10.829976
  11    12  8068.991558  12.570656
  11    14  10690.155234  17.856433
  12     3  10750.552016  4.026715
  12    11  8083.557505  12.618230
  12    13  13367.921189  3.031934
  13    12  13437.378094  3.032603
  13    24  11262.244544  18.366510
  14    11  10658.741142  17.694275
  14    15  8716.414255  11.262982
  14    23  8353.301540  8.966298
  15    10  23044.362056  13.614169
  15    14  8729.657570  11.301132
  15    19  19216.008156  4.363492
  15    22  19525.623152  10.703631
  16     8  8963.641314  12.469151
  16    10  12767.418638  32.696977
  16    17  14659.813112  20.520730
  16    18  16419.861317  3.218072
  17    10  6949.881732  12.502637
  17    16  14669.640762  20.570444
  17    19  11853.230147  12.935953
  18     7  16612.825608  2.076168
  18    16  16708.356735  3.233806
  18    20  18503.535417  4.234449
  19    15  19314.716266  4.391725
  19    17  11866.426843  12.984736
  19    20  9579.207473  12.066476
  20    18  18604.639167  4.239616
  20    19  9691.112279  12.450064
  20    21  7077.471929  9.444952
  20    22  7059.973785  7.807313
  21    20  6838.474978  9.002670
  21    22  9276.340174  4.969279
  21    24  10179.879153  11.483940
  22    15  19387.815097  10.488440
  22    20  7411.979291  8.410478
  22    21  9093.526636  4.742040
  22    23  9814.834333  12.908470
  23    14  8308.644134  8.860946
  23    22  9846.218247  13.022961
  23    24  8318.257097  4.159265
  24    13  11231.701449  18.211295
  24    21  10123.695740  11.298191
  24    23  8304.983605  4.145516
