<METADATA>
<File Name> ./SiouxFalls/SiouxFalls_MLT_0.20_1.50_0.50_0.50_1.05_flow.txt
<Number of Links> 76
<theta | lambda> 0.200000 | 1.500000
<stoch | determ> 0.500000 | 0.500000
<distant tolerance> 1.050000
<optimal objective> 8163727.344827
<system cost> 7469143.252384

<LINKS>
~ Init node | Term node | Flow | Cost
   1     2  6597.331829  6.003789
   1     3  10168.334518  4.021381
   2     1  6588.483505  6.003769
   2     6  6942.783675  7.883409
   3     1  10177.182842  4.021456
   3     4  16137.040332  4.474672
   3    12  13214.175668  4.060980
   4     3  16365.516506  4.502131
   4     5  18776.915776  2.372922
   4    11  6598.281593  8.938022
   5     4  18694.594829  2.366425
   5     6  7469.259099  7.115618
   5     9  17121.470155  11.445038
   6     2  6933.935351  7.868738
   6     5  7472.167980  7.120474
   6     8  12487.158101  14.667537
   7     8  13495.078752  6.946832
   7    18  16126.868975  2.067639
   8     6  12481.218658  14.643453
   8     7  13468.940610  6.916343
   8     9  7600.286972  17.694480
   8    16  8076.506093  9.922973
   9     5  17036.240326  11.317661
   9     8  7563.384013  17.546123
   9    10  22319.877879  5.978163
  10     9  22297.745091  5.966368
  10    11  17528.732203  12.080490
  10    15  23178.462190  13.792956
  10    16  10914.892938  19.328571
  10    17  8333.161326  17.306716
  11     4  7009.078714  9.740894
  11    10  17289.858420  11.702349
  11    12  7354.235242  10.534003
  11    14  9360.183206  12.144282
  12     3  12994.547818  4.057026
  12    11  7550.214671  11.036965
  12    13  14878.137133  3.049000
  13    12  14954.488713  3.050013
  13    24  10759.312362  15.967117
  14    11  9436.127115  12.411831
  14    15  8900.615772  11.809417
  14    23  8100.148811  8.391088
  15    10  23230.618307  13.863336
  15    14  8957.483942  11.985120
  15    19  18133.485474  4.081248
  15    22  17203.283502  7.642172
  16     8  8081.331467  9.934749
  16    10  10945.659310  19.502133
  16    17  11291.809650  8.519264
  16    18  18829.966933  3.377155
  17    10  8366.979833  17.458716
  17    16  11256.436713  8.437958
  17    19  8934.126775  5.529541
  18     7  16153.007117  2.068079
  18    16  18900.931616  3.382872
  18    20  20503.946037  4.353492
  19    15  18171.157712  4.090261
  19    17  8932.572345  5.527085
  19    20  9179.260782  10.801369
  20    18  20501.048862  4.353292
  20    19  9215.378591  10.909048
  20    21  6580.867014  8.575153
  20    22  7423.344337  8.431444
  21    20  6523.655061  8.486764
  21    22  8305.115191  3.907774
  21    24  9810.033465  10.316596
  22    15  17174.635551  7.611328
  22    20  7413.776923  8.413788
  22    21  8294.852859  3.898362
  22    23  9307.473790  11.204412
  23    14  8119.224549  8.432598
  23    22  9258.996093  11.055484
  23    24  8063.518866  3.906668
  24    13  10735.663942  15.862251
  24    21  9763.083844  10.177532
  24    23  8034.116907  3.879010
