<METADATA>
<File Name> ./SiouxFalls/SiouxFalls_MIX_0.10_0.80_1.50_flow.txt
<Number of Links> 76
<theta | lambda> 0.100000 | 0.000000
<stoch | determ> 0.800000 | 0.200000
<distant tolerance> 1.500000
<optimal objective> 21725473.930686
<system cost> 8260642.609847

<LINKS>
~ Init node | Term node | Flow | Cost
   1     2  6613.284258  6.003826
   1     3  10579.830025  4.025058
   2     1  6606.588154  6.003810
   2     6  7200.738655  8.336414
   3     1  10586.526129  4.025121
   3     4  17410.674111  4.643221
   3    12  15404.583518  4.112624
   4     3  17179.984217  4.609802
   4     5  18334.228980  2.338978
   4    11  8155.970488  12.858581
   5     4  18334.746330  2.339017
   5     6  7636.458016  7.404097
   5     9  16439.853341  10.478391
   6     2  7194.042551  8.324021
   6     5  7666.426340  7.457848
   6     8  12620.753066  15.218397
   7     8  14307.822734  7.987021
   7    18  17960.145930  2.104049
   8     6  12644.025287  15.316164
   8     7  14207.824442  7.849057
   8     9  8089.152095  19.873504
   8    16  8580.480585  11.271621
   9     5  16410.402368  10.439240
   9     8  7980.741785  19.354753
   9    10  22501.049007  6.076042
  10     9  22463.187723  6.055391
  10    11  18144.172218  13.128490
  10    15  23879.215780  14.778979
  10    16  11043.850552  20.065929
  10    17  7878.706519  15.436644
  11     4  8024.763243  12.427774
  11    10  17925.141759  12.743043
  11    12  7778.483277  11.674288
  11    14  9748.486494  13.582176
  12     3  15641.969517  4.119728
  12    11  7527.655494  10.977034
  12    13  15242.208861  3.053975
  13    12  15328.767076  3.055211
  13    24  10920.444354  16.700263
  14    11  9749.076573  13.584497
  14    15  9310.947784  13.154650
  14    23  8391.794944  9.058475
  15    10  23806.024892  14.671841
  15    14  9370.463835  13.365157
  15    19  17502.564576  3.938441
  15    22  18125.394677  8.720392
  16     8  8612.164823  11.364770
  16    10  11125.326550  20.545307
  16    17  12008.913961  10.339870
  16    18  21782.645165  3.675404
  17    10  7951.590583  15.715665
  17    16  11971.528994  10.236503
  17    19  9807.069786  7.124681
  18     7  18060.144222  2.106386
  18    16  21933.190368  3.694270
  18    20  19386.934648  4.282531
  19    15  17671.636937  3.975230
  19    17  9842.568885  7.199285
  19    20  9188.700306  10.829389
  20    18  19537.478143  4.291410
  20    19  9393.271766  11.458183
  20    21  8034.814209  11.722343
  20    22  7675.360728  8.921693
  21    20  7936.968468  11.448653
  21    22  10157.585093  6.268804
  21    24  9220.551153  8.710243
  22    15  17842.647478  8.371716
  22    20  8028.321423  9.694371
  22    21  10068.244288  6.120589
  22    23  9586.313419  12.107328
  23    14  8332.868973  8.917885
  23    22  9567.186110  12.042816
  23    24  9180.782565  5.204021
  24    13  10907.002569  16.637848
  24    21  9212.046218  8.689204
  24    23  9102.729286  5.096443
