<METADATA>
<File Name> ./SiouxFalls/SiouxFalls_COL_0.20_1.00_0.00_1.00_1.20_flow.txt
<Number of Links> 76
<theta | lambda> 0.200000 | 1.000000
<stoch | determ> 0.000000 | 1.000000
<distant tolerance> 1.200000
<optimal objective> 13601067.432047
<system cost> 13601067.432047

<LINKS>
~ Init node | Term node | Flow | Cost
   1     2  3818.586712  6.002127
   1     3  6581.401037  4.018760
   2     1  3818.586712  6.002127
   2     6  6018.598963  13.142809
   3     1  6581.401037  4.018760
   3     4  10929.266082  4.498913
   3    12  6973.670017  4.023699
   4     3  10953.267067  4.504398
   4     5  16561.022113  3.127723
   4    11  6637.985841  21.050161
   5     4  16580.280793  3.134583
   5     6  10686.023420  69.213737
   5     9  12174.941520  13.238819
   6     2  6018.598963  13.142809
   6     5  10705.282101  69.829311
   6     8  14384.087202  113.423185
   7     8  9473.112827  7.796916
   7    18  14713.261731  2.234085
   8     6  14403.345882  114.203851
   8     7  9453.854147  7.746244
   8     9  1399.987749  10.044292
   8    16  10400.104136  72.679054
   9     5  12174.941520  13.238819
   9     8  1399.987749  10.044292
   9    10  19175.002777  11.110947
  10     9  19275.002777  11.281475
  10    11  18867.060159  52.513769
  10    15  24383.019800  53.709493
  10    16  17700.214398  534.039294
  10    17  2199.955078  8.226038
  11     4  6742.728146  22.023174
  11    10  18673.168120  50.591056
  11    12  9299.615789  63.964360
  11    14  10729.455968  74.338758
  12     3  6949.669032  4.023295
  12    11  9299.615789  63.964360
  12    13  11933.510818  3.101509
  13    12  12009.509833  3.103914
  13    24  12503.320643  113.224993
  14    11  10740.306234  74.626383
  14    15  9466.131059  48.241371
  14    23  9102.402178  39.523312
  15    10  24476.899587  54.448088
  15    14  9470.295202  49.369431
  15    19  21423.752097  13.527857
  15    22  19302.071593  39.532333
  16     8  10400.104136  72.679054
  16    10  17800.226650  546.120834
  16    17  17000.683135  169.486779
  16    18  13000.022461  3.428418
  17    10  2199.955078  8.226038
  17    16  17000.683135  169.486779
  17    19  14400.638214  121.126246
  18     7  14732.520412  2.235688
  18    16  13100.034712  3.441755
  18    20  14412.750115  4.431068
  19    15  21443.013624  13.577340
  19    17  14400.638214  121.126246
  19    20  9747.913222  47.257658
  20    18  14432.021046  4.434083
  20    19  9767.174750  47.705374
  20    21  7025.878436  22.703252
  20    22  7407.069650  21.964415
  21    20  6952.288957  22.068869
  21    22  9202.801596  16.257427
  21    24  10349.012870  48.750844
  22    15  19280.853997  39.758280
  22    20  7419.191588  22.129279
  22    21  9132.639263  16.164822
  22    23  9914.764263  49.123865
  23    14  9109.088300  38.750807
  23    22  9835.506272  49.726205
  23    24  8856.944018  15.655732
  24    13  12479.319658  112.183807
  24    21  10345.585724  47.828098
  24    23  8784.372149  15.548432
