<METADATA>
<File Name> ./SiouxFalls/SiouxFalls_DSD_0.20_0.00_2.00_flow.txt
<Number of Links> 76
<theta | lambda> 0.200000 | 0.000000
<stoch | determ> 0.000000 | 0.000000
<distant tolerance> 2.000000
<optimal objective> 16196200.506394
<system cost> 7797789.657084

<LINKS>
~ Init node | Term node | Flow | Cost
   1     2  5342.129570  6.001628
   1     3  9061.940685  4.013482
   2     1  5340.863231  6.001625
   2     6  6346.895349  7.012545
   3     1  9063.207025  4.013498
   3     4  15384.462865  4.393080
   3    12  12394.815849  4.047063
   4     3  15314.017137  4.384243
   4     5  18968.828072  2.389189
   4    11  7066.742466  9.868663
   5     4  18648.771807  2.362440
   5     6  8238.629779  8.615582
   5     9  16811.547001  11.001339
   6     2  6345.629010  7.009102
   6     5  8241.874947  8.609008
   6     8  12439.233201  14.476244
   7     8  13124.882576  6.539517
   7    18  15435.642613  2.056691
   8     6  12441.212029  14.453588
   8     7  13104.649456  6.503854
   8     9  7147.448409  16.067065
   8    16  8157.906833  10.124564
   9     5  16488.245570  10.541433
   9     8  7117.061989  15.895846
   9    10  22190.120700  5.917952
  10     9  21936.432848  5.772027
  10    11  17853.282189  12.606758
  10    15  22780.966938  13.274500
  10    16  10973.248637  19.774149
  10    17  8632.579743  18.672980
  11     4  7416.353002  10.687671
  11    10  17415.654375  11.904633
  11    12  8053.884320  12.494226
  11    14  9845.665632  13.968211
  12     3  12466.527916  4.048446
  12    11  7991.805815  12.319497
  12    13  14011.578837  3.038351
  13    12  14121.212399  3.039856
  13    24  10918.842665  16.658480
  14    11  9919.726860  14.277068
  14    15  9233.853532  12.874389
  14    23  8475.105825  9.274556
  15    10  22762.438976  13.228956
  15    14  9300.374436  13.134682
  15    19  18486.651709  4.166533
  15    22  17573.239184  8.063321
  16     8  8170.038961  10.155328
  16    10  11043.756879  19.909848
  16    17  12272.867277  11.163549
  16    18  17932.700876  3.310823
  17    10  8664.539425  18.953232
  17    16  12242.164624  10.965919
  17    19  10145.495281  7.883820
  18     7  15455.875733  2.057180
  18    16  18046.043900  3.317996
  18    20  19290.735731  4.277002
  19    15  18494.175043  4.170858
  19    17  10146.752310  7.858879
  19    20  9507.244062  11.833523
  20    18  19324.311874  4.279065
  20    19  9516.024424  11.854416
  20    21  6764.444074  8.876392
  20    22  7976.834387  9.580454
  21    20  7238.590242  9.771792
  21    22  8861.843155  4.461784
  21    24  9707.914804  10.034124
  22    15  17513.708793  7.974622
  22    20  7445.044725  8.475503
  22    21  9408.287412  5.150920
  22    23  9361.711061  11.388797
  23    14  8482.646149  9.274664
  23    22  9316.835266  11.243957
  23    24  8987.144786  4.956470
  24    13  10928.476226  16.823106
  24    21  9635.616714  9.779560
  24    23  8949.809314  4.896217
