<METADATA>
<File Name> ./SiouxFalls/SiouxFalls_MIX_0.50_0.30_1.05_flow.txt
<Number of Links> 76
<theta | lambda> 0.500000 | 0.000000
<stoch | determ> 0.300000 | 0.700000
<distant tolerance> 1.050000
<optimal objective> 5593162.021439
<system cost> 16533540.959554

<LINKS>
~ Init node | Term node | Flow | Cost
   1     2  4144.186894  6.000590
   1     3  7313.901662  4.005723
   2     1  4147.010450  6.000592
   2     6  6153.684836  6.779561
   3     1  7311.078107  4.005714
   3     4  14263.086878  4.289702
   3    12  9855.315691  4.018867
   4     3  14212.555253  4.285619
   4     5  18833.064972  2.377403
   4    11  6923.009466  9.560503
   5     4  18919.725757  2.384398
   5     6  8785.989885  9.964814
   5     9  14117.892115  7.979482
   6     2  6156.508391  6.782829
   6     5  8787.118036  9.967878
   6     8  13925.645321  21.592914
   7     8  13561.558803  7.025181
   7    18  16421.405147  2.072718
   8     6  13929.597028  21.615164
   8     7  13570.050339  7.035272
   8     9  7600.179740  17.694046
   8    16  10458.699369  18.843442
   9     5  14203.424749  8.052345
   9     8  7612.432334  17.743781
   9    10  22512.849400  6.082500
  10     9  22710.634628  6.192261
  10    11  16745.154328  10.896820
  10    15  22451.496173  12.860329
  10    16  19180.000017  150.156511
  10    17  6818.130373  12.170792
  11     4  6885.817055  9.484606
  11    10  16679.133010  10.804371
  11    12  8884.571679  15.657788
  11    14  11629.808859  23.409113
  12     3  9903.023762  4.019235
  12    11  8880.536633  15.640255
  12    13  13050.517467  3.029008
  13    12  13194.190491  3.030306
  13    24  11195.653001  18.029726
  14    11  11630.630176  23.414597
  14    15  9238.831128  12.904927
  14    23  8886.015990  10.359581
  15    10  22557.910865  12.991321
  15    14  9199.211497  12.770199
  15    19  20322.611103  4.705760
  15    22  20088.864007  11.631721
  16     8  10458.890017  18.844451
  16    10  19250.000017  152.301892
  16    17  18767.432388  51.746647
  16    18  17455.593169  3.278522
  17    10  6805.522228  12.140027
  17    16  18775.478247  51.832010
  17    19  15458.999539  33.639915
  18     7  16412.913611  2.072568
  18    16  17517.737958  3.282510
  18    20  15249.293560  4.108151
  19    15  20128.536154  4.641530
  19    17  15454.437252  33.602581
  19    20  9616.918635  12.194251
  20    18  15202.946813  4.106842
  20    19  9418.281400  11.537931
  20    21  5143.738100  6.961138
  20    22  6685.965198  7.258057
  21    20  5152.493040  6.967699
  21    22  10408.337707  6.706194
  21    24  11047.878030  14.769082
  22    15  20249.734017  11.911548
  22    20  6332.226276  6.816788
  22    21  10733.367711  7.322166
  22    23  10010.242183  13.639390
  23    14  8926.456938  10.476146
  23    22  10142.403274  14.158620
  23    24  7247.717452  3.244462
  24    13  11239.326026  18.249924
  24    21  10731.602966  13.478171
  24    23  7420.319491  3.367310
