<METADATA>
<File Name> ./SiouxFalls/SiouxFalls_MIX_0.10_0.30_1.25_flow.txt
<Number of Links> 76
<theta | lambda> 0.100000 | 0.000000
<stoch | determ> 0.300000 | 0.700000
<distant tolerance> 1.250000
<optimal objective> 8376959.082183
<system cost> 8918015.905384

<LINKS>
~ Init node | Term node | Flow | Cost
   1     2  4266.792789  6.000663
   1     3  7753.694704  4.007229
   2     1  4279.605652  6.000671
   2     6  5856.996910  6.460400
   3     1  7740.881841  4.007181
   3     4  15044.132578  4.358564
   3    12  10095.615423  4.020776
   4     3  15047.837801  4.358917
   4     5  19992.646981  2.479294
   4    11  7230.121219  10.235591
   5     4  20019.055195  2.481832
   5     6  9572.396578  12.404595
   5     9  16199.979776  10.165581
   6     2  5869.809774  6.473221
   6     5  9567.132875  12.386124
   6     8  12953.278130  16.667513
   7     8  14226.072187  7.874016
   7    18  16787.576002  2.079424
   8     6  12960.827291  16.701736
   8     7  14206.365177  7.847065
   8     9  6924.150531  15.300603
   8    16  8398.367042  10.755894
   9     5  16231.651694  10.206095
   9     8  6900.221267  15.227709
   9    10  22688.537041  6.179854
  10     9  22796.279694  6.240687
  10    11  17654.405253  12.285739
  10    15  24209.630171  15.275053
  10    16  12593.501622  31.165003
  10    17  6366.109081  11.169959
  11     4  7307.418228  10.419647
  11    10  17501.450858  12.036513
  11    12  8159.257586  12.869645
  11    14  9807.628890  13.816835
  12     3  10079.097337  4.020640
  12    11  8164.095386  12.885952
  12    13  12937.830546  3.028019
  13    12  13026.150260  3.028792
  13    24  11637.448397  20.378817
  14    11  9827.133703  13.895161
  14    15  9007.227185  12.141578
  14    23  8814.268437  10.156661
  15    10  24279.378698  15.382402
  15    14  9042.345549  12.253609
  15    19  19697.716899  4.505440
  15    22  18726.095913  9.517257
  16     8  8410.138457  10.788232
  16    10  12659.879452  31.742273
  16    17  14197.209396  18.291322
  16    18  15268.524650  3.163046
  17    10  6390.679772  11.219182
  17    16  14175.869304  18.193591
  17    19  12072.127193  13.766437
  18     7  16807.283012  2.079798
  18    16  15368.013987  3.167337
  18    20  16628.496732  4.152912
  19    15  19897.820479  4.567552
  19    17  12075.357794  13.779037
  19    20  9616.527102  12.192917
  20    18  16647.693079  4.153619
  20    19  9819.861281  12.908138
  20    21  7379.548103  10.071830
  20    22  7807.815042  9.199490
  21    20  7341.464291  9.988424
  21    22  9297.823541  4.996882
  21    24  9896.121116  10.576822
  22    15  18530.859224  9.249685
  22    20  7968.429380  9.555849
  22    21  9297.301557  4.996209
  22    23  9404.118345  11.508334
  23    14  8798.654887  10.113154
  23    22  9368.974011  11.396723
  23    24  9000.695542  4.959926
  24    13  11625.768111  20.313160
  24    21  9858.559288  10.462441
  24    23  8949.937657  4.893721
