<METADATA>
<File Name> ./SiouxFalls/SiouxFalls_COL_0.50_0.20_2.00_flow.txt
<Number of Links> 76
<theta | lambda> 0.500000 | 0.000000
<stoch | determ> 0.200000 | 0.900000
<distant tolerance> 2.000000
<optimal objective> 7276936.225133
<system cost> 7276936.225133

<LINKS>
~ Init node | Term node | Flow | Cost
   1     2  7060.908235  6.024674
   1     3  10652.632847  4.129241
   2     1  7086.200497  6.025354
   2     6  6593.845619  16.641740
   3     1  10627.340584  4.126925
   3     4  17556.975790  7.344278
   3    12  14328.868043  4.419803
   4     3  17536.260774  7.291329
   4     5  18830.213106  3.904159
   4    11  6518.442722  19.842573
   5     4  18932.681552  3.915495
   5     6  6944.376521  15.652328
   5     9  16936.466010  36.165759
   6     2  6619.137881  16.985658
   6     5  6976.526610  15.920059
   6     8  12465.837594  64.704872
   7     8  13246.478310  21.353975
   7    18  15115.145907  2.261021
   8     6  12523.279946  66.488335
   8     7  13144.906498  20.793065
   8     9  7490.539025  46.007727
   8    16  7842.104061  26.828847
   9     5  17006.784366  36.081185
   9     8  7421.523766  45.182374
   9    10  22829.726775  19.401986
  10     9  22931.029871  19.532231
  10    11  17488.187566  40.337237
  10    15  23503.044800  47.106821
  10    16  10844.381099  78.733857
  10    17  8145.005217  50.475045
  11     4  6495.259261  19.859285
  11    10  17440.779842  39.362762
  11    12  7544.406982  31.286997
  11    14  9496.590692  47.295230
  12     3  14324.290797  4.422382
  12    11  7577.408717  31.364167
  12    13  15715.457131  3.304890
  13    12  15843.881620  3.314922
  13    24  10625.385199  60.941355
  14    11  9492.997771  46.826016
  14    15  8918.758927  39.670591
  14    23  7706.056015  21.861258
  15    10  23426.880726  46.802870
  15    14  8990.701037  40.009368
  15    19  18560.681482  8.927743
  15    22  16373.155096  22.117982
  16     8  7866.989862  27.147135
  16    10  10901.728449  79.951185
  16    17  10802.191921  29.317355
  16    18  16149.859472  4.020552
  17    10  8212.532761  51.889093
  17    16  10837.511215  29.656025
  17    19  8229.813035  14.726197
  18     7  15216.717718  2.268169
  18    16  16196.773329  4.030442
  18    20  20222.296706  5.672928
  19    15  18598.607672  8.990328
  19    17  8332.659872  15.357732
  19    20  8777.357159  32.368715
  20    18  20270.782375  5.686674
  20    19  8918.130186  34.346770
  20    21  6331.729198  17.025922
  20    22  7470.145714  22.616999
  21    20  6312.011851  16.912257
  21    22  8084.165283  10.536127
  21    24  9812.625092  39.494876
  22    15  16231.006942  21.334437
  22    20  7579.121757  23.646682
  22    21  8112.470834  10.656923
  22    23  9278.484880  39.929629
  23    14  7630.520984  21.423096
  23    22  9273.618321  39.387825
  23    24  7852.848689  10.613852
  24    13  10653.809688  61.537171
  24    21  9764.602194  38.832300
  24    23  7772.447098  10.256294
