<METADATA>
<File Name> ./SiouxFalls/SiouxFalls_MIX_0.50_0.50_1.30_flow.txt
<Number of Links> 76
<theta | lambda> 0.500000 | 0.000000
<stoch | determ> 0.500000 | 0.500000
<distant tolerance> 1.300000
<optimal objective> 5168160.411753
<system cost> 7943239.656427

<LINKS>
~ Init node | Term node | Flow | Cost
   1     2  4893.246967  6.001147
   1     3  8539.695888  4.010637
   2     1  4901.046319  6.001154
   2     6  6224.632477  6.863059
   3     1  8531.896537  4.010598
   3     4  14576.961068  4.316057
   3    12  10804.244249  4.027253
   4     3  14581.663136  4.316465
   4     5  18461.636363  2.348499
   4    11  6292.496773  8.430098
   5     4  18522.808545  2.353141
   5     6  8626.769639  9.544047
   5     9  16365.354088  10.379760
   6     2  6232.431829  6.872414
   6     5  8648.585804  9.600341
   6     8  12480.268080  14.639601
   7     8  13667.752857  7.152747
   7    18  15244.236931  2.054004
   8     6  12509.883596  14.760004
   8     7  13604.938881  7.076931
   8     9  6628.874076  14.452648
   8    16  8073.044849  9.914539
   9     5  16404.710106  10.431697
   9     8  6566.237825  14.286726
   9    10  21923.317314  5.772084
  10     9  22000.037081  5.811091
  10    11  17639.469355  12.261115
  10    15  23765.837776  14.613433
  10    16  11608.473439  23.612105
  10    17  7270.962137  13.394173
  11     4  6336.026659  8.498042
  11    10  17528.396176  12.079947
  11    12  8393.155351  13.691884
  11    14  9732.322259  13.518780
  12     3  10791.742830  4.027127
  12    11  8403.626886  13.730343
  12    13  13443.777085  3.032665
  13    12  13541.747201  3.033628
  13    24  11150.604098  17.805274
  14    11  9754.307430  13.605083
  14    15  9150.367129  12.606482
  14    23  8721.501415  9.901538
  15    10  23755.586308  14.598581
  15    14  9180.063595  12.705707
  15    19  19121.300347  4.336810
  15    22  18492.948429  9.198698
  16     8  8102.482640  9.986615
  16    10  11663.321489  23.985395
  16    17  12822.598830  12.840482
  16    18  15345.615936  3.166364
  17    10  7314.158500  13.523505
  17    16  12791.764037  12.736584
  17    19  10738.368244  9.366530
  18     7  15307.050908  2.054899
  18    16  15460.736570  3.171412
  18    20  17658.451624  4.194465
  19    15  19136.609131  4.341096
  19    17  10750.729814  9.400508
  19    20  9665.121262  12.359778
  20    18  17736.386234  4.197920
  20    19  9692.791616  12.455923
  20    21  6432.323607  8.350402
  20    22  7559.605841  8.690414
  21    20  6364.498024  8.252823
  21    22  9066.684929  4.709808
  21    24  9842.702673  10.414546
  22    15  18397.084644  9.071163
  22    20  7633.036387  8.835904
  22    21  9051.354409  4.691526
  22    23  9532.747003  11.927632
  23    14  8713.790120  9.880694
  23    22  9494.983245  11.802756
  23    24  8230.205097  4.069280
  24    13  11148.574214  17.795225
  24    21  9790.207610  10.257628
  24    23  8184.730043  4.023923
