<METADATA>
<File Name> ./SiouxFalls/SiouxFalls_MLT_0.20_1.00_0.50_0.50_2.00_flow.txt
<Number of Links> 76
<theta | lambda> 0.200000 | 1.000000
<stoch | determ> 0.500000 | 0.500000
<distant tolerance> 2.000000
<optimal objective> 8158851.599700
<system cost> 7474479.940768

<LINKS>
~ Init node | Term node | Flow | Cost
   1     2  6664.835938  6.003946
   1     3  10079.300404  4.020642
   2     1  6674.281312  6.003969
   2     6  6859.856203  7.748096
   3     1  10069.855030  4.020565
   3     4  16669.534623  4.540495
   3    12  14291.106326  4.083424
   4     3  16668.785496  4.540398
   4     5  18668.718167  2.364401
   4    11  7023.043042  9.770796
   5     4  18762.917594  2.371811
   5     6  7323.246701  6.879047
   5     9  16917.232851  11.142973
   6     2  6869.301576  7.763262
   6     5  7327.366215  6.885530
   6     8  12440.473244  14.479159
   7     8  13497.993152  6.950243
   7    18  15499.675351  2.057715
   8     6  12454.038132  14.533677
   8     7  13529.668035  6.987453
   8     9  7525.761929  17.397095
   8    16  7984.144432  9.701613
   9     5  17007.312762  11.274860
   9     8  7523.151441  17.386837
   9    10  22560.441640  6.108649
  10     9  22747.911062  6.213271
  10    11  17536.627735  12.093255
  10    15  23418.004539  14.120136
  10    16  10968.204193  19.630248
  10    17  7983.162089  15.838936
  11     4  7028.094490  9.781656
  11    10  17422.105670  11.909774
  11    12  7450.723904  10.776674
  11    14  9459.287474  12.494720
  12     3  14282.410079  4.083222
  12    11  7449.670941  10.773974
  12    13  15345.731063  3.055456
  13    12  15435.981853  3.056772
  13    24  10743.493811  15.896895
  14    11  9450.869819  12.464523
  14    15  8964.964530  12.008483
  14    23  8003.556330  8.185354
  15    10  23296.943897  13.953524
  15    14  8975.266128  12.040752
  15    19  18655.634523  4.211268
  15    22  16972.345782  7.397880
  16     8  8031.994691  9.815341
  16    10  10933.098062  19.431094
  16    17  11654.457262  9.397970
  16    18  17111.363917  3.257193
  17    10  8341.320351  17.343219
  17    16  11439.771961  8.867740
  17    19  9234.834063  6.029268
  18     7  15468.000469  2.057245
  18    16  17338.793346  3.271142
  18    20  19463.468579  4.287019
  19    15  18527.564709  4.178347
  19    17  9378.307024  6.285560
  19    20  9056.130756  10.443714
  20    18  19559.223126  4.292709
  20    19  9071.533902  10.487665
  20    21  6405.693896  8.311720
  20    22  7296.597390  8.203022
  21    20  6307.758924  8.173556
  21    22  8450.144805  4.044565
  21    24  9821.231215  10.350059
  22    15  16889.656552  7.312798
  22    20  7405.690056  8.398917
  22    21  8386.936061  3.984073
  22    23  9324.082874  11.255974
  23    14  7984.837077  8.146335
  23    22  9287.277565  11.142084
  23    24  8147.424485  3.987275
  24    13  10733.744601  15.853770
  24    21  9786.504987  10.246655
  24    23  8091.899923  3.933653
