<METADATA>
<File Name> ./SiouxFalls/SiouxFalls_MIX_0.20_0.00_1.25_flow.txt
<Number of Links> 76
<theta | lambda> 0.200000 | 0.000000
<stoch | determ> 0.000000 | 1.000000
<distant tolerance> 1.250000
<optimal objective> 2355483.895700
<system cost> 11777419.478501

<LINKS>
~ Init node | Term node | Flow | Cost
   1     2  3799.844778  6.000417
   1     3  6600.126245  4.003795
   2     1  3799.844778  6.000417
   2     6  5999.873755  6.608201
   3     1  6600.126245  4.003795
   3     4  10817.346879  4.095848
   3    12  7062.097087  4.004975
   4     3  11061.147926  4.104785
   4     5  17226.849577  2.264207
   4    11  6579.340049  8.904431
   5     4  17077.923839  2.255189
   5     6  11008.659786  18.701846
   5     9  12718.237514  6.962316
   6     2  5999.873755  6.608201
   6     5  10859.770564  17.922482
   6     8  14429.014273  24.583143
   7     8  12092.705438  5.544725
   7    18  16539.876203  2.074839
   8     6  14280.125051  23.665353
   8     7  12241.945696  5.672691
   8     9  1399.971023  10.008858
   8    16  8000.362215  9.739930
   9     5  12718.200997  6.962294
   9     8  1399.971023  10.008858
   9    10  19718.382400  4.814122
  10     9  19818.345883  4.851189
  10    11  18548.086601  13.876826
  10    15  24912.720294  16.400360
  10    16  16301.077288  80.258627
  10    17  3299.840625  8.228839
  11     4  7072.066834  9.877190
  11    10  18192.623318  13.215662
  11    12  9299.204166  17.590838
  11    14  9984.310884  14.543572
  12     3  6818.296041  4.004322
  12    11  9300.081756  17.595214
  12    13  12060.767311  3.021159
  13    12  11917.843855  3.020174
  13    24  12572.830485  26.314322
  14    11  10220.696797  15.578103
  14    15  9363.266009  13.339484
  14    23  9133.449025  11.098056
  15    10  25168.118083  16.833449
  15    14  9490.064119  13.800479
  15    19  21354.639182  5.079548
  15    22  19313.092187  10.373660
  16     8  8000.713251  9.740762
  16    10  16401.106266  82.147722
  16    17  15700.908179  26.369323
  16    18  14499.729395  3.132605
  17    10  3299.840625  8.228839
  17    16  15701.259215  26.371503
  17    19  14200.748804  24.529666
  18     7  16390.635945  2.072174
  18    16  14599.758372  3.136303
  18    20  14739.006359  4.094385
  19    15  21474.441914  5.126608
  19    17  14201.099840  24.531893
  19    20  9853.346026  13.030264
  20    18  14589.795078  4.090621
  20    19  9973.499794  13.478854
  20    21  6843.632295  9.011738
  20    22  7721.392536  9.016622
  21    20  6867.963189  9.054797
  21    22  9211.698188  4.887375
  21    24  10303.864774  11.904872
  22    15  19475.485355  10.624810
  22    20  7568.004129  8.706840
  22    21  9214.122311  4.890415
  22    23  9780.215890  12.783447
  23    14  9243.036826  11.444901
  23    22  9791.644773  12.824576
  23    24  8826.289342  4.737091
  24    13  12329.907029  24.639096
  24    21  10325.771546  11.980844
  24    23  8947.306027  4.890319
