<METADATA>
<File Name> ./SiouxFalls/SiouxFalls_MIX_0.10_0.50_1.25_flow.txt
<Number of Links> 76
<theta | lambda> 0.100000 | 0.000000
<stoch | determ> 0.500000 | 0.500000
<distant tolerance> 1.250000
<optimal objective> 13524801.516809
<system cost> 8553698.698794

<LINKS>
~ Init node | Term node | Flow | Cost
   1     2  5048.335696  6.001299
   1     3  8713.982863  4.011532
   2     1  5073.437620  6.001325
   2     6  6509.066971  7.227649
   3     1  8688.880939  4.011399
   3     4  15347.113287  4.388333
   3    12  11101.732676  4.030380
   4     3  15312.095845  4.384801
   4     5  19758.165055  2.457202
   4    11  7179.965534  10.119278
   5     4  19688.331330  2.450772
   5     6  9018.616595  10.622070
   5     9  16748.640052  10.901732
   6     2  6534.168895  7.262211
   6     5  8933.586215  10.375840
   6     8  12912.577184  16.484031
   7     8  14358.642195  8.058252
   7    18  17131.364244  2.086133
   8     6  12852.648728  16.217010
   8     7  14357.676787  8.056892
   8     9  7547.857654  17.484350
   8    16  8483.261478  10.992179
   9     5  16763.836707  10.923180
   9     8  7492.939059  17.268890
   9    10  23255.077771  6.509558
  10     9  23315.355830  6.546087
  10    11  17566.170379  12.141174
  10    15  23750.727724  14.591549
  10    16  11715.368463  24.344525
  10    17  7578.028080  14.364762
  11     4  7314.781817  10.437488
  11    10  17379.591684  11.842575
  11    12  7928.522111  12.124923
  11    14  9612.639927  13.059121
  12     3  11111.648194  4.030489
  12    11  7939.221946  12.158054
  12    13  13433.825632  3.032569
  13    12  13554.440985  3.033754
  13    24  11368.358641  18.915662
  14    11  9650.177680  13.201457
  14    15  8959.927820  11.992746
  14    23  8660.954020  9.739355
  15    10  23836.603221  14.716482
  15    14  9010.261678  12.151207
  15    19  19629.887701  4.484811
  15    22  18321.337506  8.971791
  16     8  8477.286210  10.975314
  16    10  11782.694411  24.816236
  16    17  13816.497105  16.612892
  16    18  16851.162993  3.241903
  17    10  7571.683389  14.343473
  17    16  13821.615127  16.634556
  17    19  11299.701761  11.031870
  18     7  17132.329652  2.086152
  18    16  16907.395651  3.245148
  18    20  17945.744989  4.207432
  19    15  19748.388835  4.520991
  19    17  11298.475091  11.027949
  19    20  9484.288798  11.751479
  20    18  17902.943056  4.205460
  20    19  9601.563263  12.142041
  20    21  7287.260753  9.871932
  20    22  7560.686199  8.692524
  21    20  7456.259692  10.243797
  21    22  9416.371398  5.152671
  21    24  9733.017119  10.089523
  22    15  18239.045727  8.865220
  22    20  7366.159791  8.326925
  22    21  9611.139557  5.421716
  22    23  9386.991110  11.453785
  23    14  8648.157915  9.705512
  23    22  9304.941082  11.196573
  23    24  9050.728855  5.026292
  24    13  11388.973994  19.024148
  24    21  9707.247899  10.014740
  24    23  8955.882722  4.901417
