<METADATA>
<File Name> ./SiouxFalls/SiouxFalls_MLT_0.20_1.50_0.50_0.50_1.30_flow.txt
<Number of Links> 76
<theta | lambda> 0.200000 | 1.500000
<stoch | determ> 0.500000 | 0.500000
<distant tolerance> 1.300000
<optimal objective> 8148192.827441
<system cost> 7459532.418965

<LINKS>
~ Init node | Term node | Flow | Cost
   1     2  6804.005492  6.004286
   1     3  10221.986277  4.021836
   2     1  6836.672288  6.004369
   2     6  6833.431154  7.705996
   3     1  10189.319482  4.021558
   3     4  16624.231608  4.534644
   3    12  13415.855901  4.064789
   4     3  16604.894841  4.532160
   4     5  18641.513687  2.362281
   4    11  6806.687460  9.327170
   5     4  18670.726441  2.364558
   5     6  7309.835223  6.858014
   5     9  16968.623551  11.217957
   6     2  6866.097949  7.758111
   6     5  7327.235019  6.885324
   6     8  12432.981527  14.449126
   7     8  13490.461109  6.941433
   7    18  15855.324950  2.063198
   8     6  12483.048118  14.650867
   8     7  13440.949639  6.883889
   8     9  7554.256862  17.509764
   8    16  8081.777817  9.935839
   9     5  16980.436509  11.235290
   9     8  7530.804231  17.416939
   9    10  22131.153255  5.878707
  10     9  22219.513582  5.924957
  10    11  17522.533315  12.070479
  10    15  23093.329164  13.679093
  10    16  10880.858267  19.138274
  10    17  8552.237310  18.324672
  11     4  6858.137939  9.428914
  11    10  17411.014027  11.892195
  11    12  7323.158560  10.457850
  11    14  9358.963150  12.140036
  12     3  13402.525873  4.064532
  12    11  7335.998684  10.489197
  12    13  15019.160695  3.050884
  13    12  15118.670791  3.052246
  13    24  10680.996898  15.622475
  14    11  9386.054216  12.234697
  14    15  8941.312735  11.934815
  14    23  8094.962576  8.379853
  15    10  23165.151336  13.775070
  15    14  8972.652585  12.032555
  15    19  18225.570710  4.103379
  15    22  17160.861103  7.596552
  16     8  8105.785569  9.994751
  16    10  10897.323553  19.230113
  16    17  11507.911129  9.032834
  16    18  19014.296890  3.392141
  17    10  8563.829468  18.380765
  17    16  11488.429174  8.985331
  17    19  8923.678451  5.513059
  18     7  15904.836420  2.063991
  18    16  19074.251883  3.397110
  18    20  20527.058101  4.355089
  19    15  18244.251983  4.107909
  19    17  8915.788653  5.500651
  19    20  9129.643491  10.655501
  20    18  20536.524564  4.355744
  20    19  9140.434968  10.687025
  20    21  6530.784042  8.497651
  20    22  7225.528860  8.080045
  21    20  6468.518065  8.403752
  21    22  8433.704167  4.028700
  21    24  9827.513616  10.368884
  22    15  17145.341851  7.579947
  22    20  7208.052776  8.050354
  22    21  8420.318400  4.015851
  22    23  9331.424534  11.278854
  23    14  8090.713792  8.370665
  23    22  9285.043432  11.135214
  23    24  8159.055831  3.998647
  24    13  10680.506994  15.620343
  24    21  9778.633406  10.223368
  24    23  8108.425945  3.949498
