<METADATA>
<File Name> ./SiouxFalls/SiouxFalls_MIX_0.02_0.80_1.10_flow.txt
<Number of Links> 76
<theta | lambda> 0.020000 | 0.000000
<stoch | determ> 0.800000 | 0.200000
<distant tolerance> 1.100000
<optimal objective> 90813575.601153
<system cost> 11027296.956043

<LINKS>
~ Init node | Term node | Flow | Cost
   1     2  7633.380300  6.006790
   1     3  12998.535361  4.057096
   2     1  7831.517415  6.007523
   2     6  7614.138235  9.171140
   3     1  12800.398245  4.053694
   3     4  21105.099059  5.388825
   3    12  17516.189718  4.188273
   4     3  19806.684955  5.077321
   4     5  20035.549746  2.483422
   4    11  9437.906953  18.297999
   5     4  20696.122947  2.550398
   5     6  8409.051712  9.005208
   5     9  16206.982147  10.174518
   6     2  7812.275351  9.622554
   6     5  8347.983666  8.861390
   6     8  13408.619294  18.841236
   7     8  14387.100926  8.098473
   7    18  19352.819770  2.140274
   8     6  13545.688363  19.540503
   8     7  14869.803133  8.817921
   8     9  8774.570368  23.669818
   8    16  9831.539841  15.809847
   9     5  16928.623394  11.159534
   9     8  8832.463593  24.034170
   9    10  22224.776069  5.927729
  10     9  23104.310541  6.419427
  10    11  18019.296303  12.907015
  10    15  25431.459603  17.294029
  10    16  12243.610977  28.269557
  10    17  8243.159292  16.911116
  11     4  7578.919648  11.114002
  11    10  18428.166821  13.649476
  11    12  10208.267899  22.832163
  11    14  10696.971022  17.891804
  12     3  18616.466706  4.240225
  12    11  9184.645153  17.030145
  12    13  15734.842461  3.061298
  13    12  15911.496703  3.064098
  13    24  10938.828867  16.786002
  14    11  10370.476982  16.271858
  14    15  9468.973303  13.722507
  14    23  9263.175639  11.509997
  15    10  25030.231896  16.597984
  15    14  9295.605223  13.101033
  15    19  18963.955431  4.293349
  15    22  20257.675182  11.925536
  16     8  10393.417893  18.501030
  16    10  12233.655815  28.190720
  16    17  14490.543737  19.680034
  16    18  22091.173317  3.714490
  17    10  9025.006113  20.804049
  17    16  14264.713801  18.603384
  17    19  10695.182899  9.248742
  18     7  18870.117563  2.126794
  18    16  22868.926143  3.820549
  18    20  22044.212171  4.472290
  19    15  18733.421391  4.231596
  19    17  11251.199785  10.877795
  19    20  10144.549567  14.146040
  20    18  22239.262790  4.489228
  20    19  10470.032413  15.512181
  20    21  9696.409566  18.137084
  20    22  9019.984114  12.479999
  21    20  9640.054981  17.857376
  21    22  12465.323944  11.681857
  21    24  9047.838024  8.294273
  22    15  19813.613435  11.168280
  22    20  9496.872165  14.191805
  22    21  12468.030928  11.690270
  22    23  9863.484628  13.086418
  23    14  9110.049680  11.025596
  23    22  9899.017916  13.218063
  23    24  10628.958571  7.756247
  24    13  11015.483108  17.148180
  24    21  8988.776455  8.157383
  24    23  10511.365899  7.505708
