<METADATA>
<File Name> ./SiouxFalls/SiouxFalls_MIX_0.02_0.30_1.05_flow.txt
<Number of Links> 76
<theta | lambda> 0.020000 | 0.000000
<stoch | determ> 0.300000 | 0.700000
<distant tolerance> 1.050000
<optimal objective> 32348883.161408
<system cost> 18516383.057252

<LINKS>
~ Init node | Term node | Flow | Cost
   1     2  4754.833056  6.001022
   1     3  8097.983489  4.008601
   2     1  4760.223662  6.001027
   2     6  6496.608329  7.210643
   3     1  8092.592884  4.008578
   3     4  15077.976579  4.361801
   3    12  10263.520403  4.022193
   4     3  15087.460982  4.362713
   4     5  20533.776492  2.533331
   4    11  8161.004433  12.875530
   5     4  20574.261132  2.537549
   5     6  9254.982964  11.344066
   5     9  15010.217440  8.807231
   6     2  6501.998934  7.217989
   6     5  9257.496863  11.352049
   6     8  14162.471187  22.960126
   7     8  13807.370730  7.325048
   7    18  17827.456284  2.101008
   8     6  14170.375692  23.006959
   8     7  13769.177285  7.277391
   8     9  7819.779702  18.622583
   8    16  11171.570439  23.021472
   9     5  15048.188180  8.845901
   9     8  7787.591837  18.481488
   9    10  23635.979545  6.745206
  10     9  23741.762420  6.812704
  10    11  16726.430390  10.870490
  10    15  21565.970630  11.840362
  10    16  19413.117371  157.392765
  10    17  5583.629956  9.875961
  11     4  8230.004197  13.111020
  11    10  16557.392294  10.636753
  11    12  9194.991969  17.079933
  11    14  11899.899965  25.275934
  12     3  10248.645395  4.022065
  12    11  9184.792960  17.030855
  12    13  13398.380808  3.032226
  13    12  13473.306791  3.032953
  13    24  10688.833658  15.656623
  14    11  11910.060641  25.348692
  14    15  9146.540963  12.593767
  14    23  8220.310750  8.657503
  15    10  21671.659718  11.955695
  15    14  9165.968271  12.658490
  15    19  22017.234877  5.349909
  15    22  20694.693881  12.721021
  16     8  11173.469363  23.033729
  16    10  19478.942400  159.483837
  16    17  19551.456718  60.595040
  16    18  16831.356003  3.240767
  17    10  5586.936810  9.880409
  17    16  19549.018404  60.565815
  17    19  16487.566700  42.938887
  18     7  17865.649730  2.101877
  18    16  16901.518271  3.244807
  18    20  17570.821991  4.190633
  19    15  22055.330287  5.366215
  19    17  16488.435241  42.947514
  19    20  10799.306706  17.030138
  20    18  17579.177704  4.190996
  20    19  10838.270657  17.219209
  20    21  6541.784895  8.514523
  20    22  8257.791071  10.254532
  21    20  6489.776562  8.435508
  21    22  11411.190976  8.799364
  21    24  11113.024372  15.049143
  22    15  20681.714866  12.696657
  22    20  8257.119068  10.252821
  22    21  11401.842222  8.777109
  22    23  10709.601131  16.628868
  23    14  8211.044118  8.636537
  23    22  10686.601359  16.520731
  23    24  7518.119956  3.440833
  24    13  10663.759641  15.547630
  24    21  11070.364792  14.865193
  24    23  7485.853552  3.416256
