<METADATA>
<File Name> ./SiouxFalls/SiouxFalls_FW_0.02_0.10_2.00_flow.txt
<Number of Links> 76
<theta | lambda> 0.020000 | 0.000000
<stoch | determ> 0.100000 | 0.000000
<distant tolerance> 2.000000
<optimal objective> 4233808.017720
<system cost> 7478232.778823

<LINKS>
~ Init node | Term node | Flow | Cost
   1     2  4498.194445  6.000817
   1     3  8127.805748  4.008742
   2     1  4530.688104  6.000845
   2     6  5968.171163  6.573636
   3     1  8095.312089  4.008576
   3     4  14064.219337  4.274354
   3    12  10092.199808  4.020773
   4     3  14084.419953  4.275264
   4     5  18056.979075  2.319362
   4    11  5241.262398  7.169829
   5     4  18073.138028  2.319900
   5     6  8786.652674  10.024718
   5     9  15809.107951  9.669335
   6     2  6000.664822  6.614972
   6     5  8789.841163  10.016510
   6     8  12481.840505  14.719879
   7     8  12116.485666  5.566600
   7    18  15827.260923  2.062775
   8     6  12517.522654  14.866245
   8     7  12054.894798  5.514642
   8     9  6889.759601  15.133893
   8    16  8373.985901  10.710665
   9     5  15822.078414  9.681885
   9     8  6842.080311  15.028757
   9    10  21761.230148  5.688727
  10     9  21826.521321  5.726075
  10    11  17733.775567  12.402289
  10    15  23128.721982  13.738847
  10    16  11046.568870  20.050610
  10    17  8102.025870  16.316361
  11     4  5345.304061  7.265529
  11    10  17601.505729  12.214610
  11    12  8368.922227  13.594286
  11    14  9795.666328  13.715479
  12     3  10039.505532  4.020361
  12    11  8412.235847  13.744437
  12    13  12366.265981  3.023390
  13    12  12456.885326  3.024083
  13    24  11115.756690  17.632083
  14    11  9824.124533  13.913916
  14    15  9063.884853  12.237216
  14    23  8384.533586  9.064931
  15    10  23205.512147  13.813628
  15    14  9092.938541  12.472472
  15    19  19070.437317  4.321755
  15    22  18380.483289  9.036048
  16     8  8395.756472  10.736443
  16    10  11065.633416  20.232734
  16    17  11656.721302  9.398092
  16    18  15344.973858  3.166567
  17    10  8103.732170  16.323393
  17    16  11644.368351  9.369284
  17    19  9951.263601  7.434678
  18     7  15888.851791  2.063761
  18    16  15398.161926  3.168835
  18    20  19038.915570  4.262963
  19    15  19110.545484  4.332661
  19    17  9940.616950  7.413630
  19    20  8673.121805  9.412870
  20    18  19053.694507  4.263725
  20    19  8702.583321  9.487076
  20    21  6322.286952  8.193279
  20    22  7014.285805  7.735423
  21    20  6262.501402  8.110276
  21    22  8600.661968  4.187508
  21    24  10283.080316  11.879296
  22    15  18346.218976  9.021663
  22    20  7018.311806  7.741730
  22    21  8587.065842  4.194321
  22    23  9652.613545  12.251596
  23    14  8383.938102  9.009671
  23    22  9608.779107  12.250803
  23    24  7904.814145  3.748702
  24    13  11106.376034  17.585965
  24    21  10236.890893  11.649197
  24    23  7860.384224  3.728207
