<METADATA>
<File Name> ./SiouxFalls/SiouxFalls_MIX_0.50_0.20_2.00_flow.txt
<Number of Links> 76
<theta | lambda> 0.500000 | 0.000000
<stoch | determ> 0.200000 | 0.800000
<distant tolerance> 2.000000
<optimal objective> 2730406.773192
<system cost> 7309014.075624

<LINKS>
~ Init node | Term node | Flow | Cost
   1     2  6809.140673  6.004299
   1     3  10371.411398  4.023141
   2     1  6833.494207  6.004361
   2     6  6672.951957  7.460616
   3     1  10347.057864  4.022924
   3     4  17332.026482  4.631678
   3    12  14208.807500  4.081519
   4     3  17300.160414  4.627045
   4     5  18679.452973  2.365240
   4    11  6519.467806  8.800143
   5     4  18795.941977  2.374436
   5     6  7079.638208  6.514655
   5     9  16952.710002  11.194665
   6     2  6697.305491  7.496734
   6     5  7124.839701  6.579494
   6     8  12446.382741  14.502888
   7     8  13259.202133  6.678041
   7    18  14953.458897  2.050000
   8     6  12515.937768  14.784722
   8     7  13163.385699  6.572871
   8     9  7505.960069  17.319549
   8    16  7869.529460  9.437398
   9     5  17023.997513  11.299520
   9     8  7439.000005  17.061835
   9    10  22699.485808  6.185997
  10     9  22803.813256  6.244973
  10    11  17473.506345  11.991679
  10    15  23464.590820  14.184944
  10    16  10849.642107  18.965299
  10    17  8148.693674  16.509603
  11     4  6471.112734  8.717988
  11    10  17427.594085  11.918485
  11    12  7531.143019  10.986264
  11    14  9492.387122  12.614244
  12     3  14216.320035  4.081692
  12    11  7536.938803  11.001631
  12    13  15605.821240  3.059313
  13    12  15719.129559  3.061054
  13    24  10661.167671  15.536407
  14    11  9492.324005  12.614015
  14    15  8942.983746  11.940001
  14    23  7854.080225  7.881338
  15    10  23398.721426  14.093424
  15    14  8985.033587  12.071451
  15    19  18428.754132  4.153411
  15    22  16698.767124  7.121103
  16     8  7910.228116  9.529908
  16    10  10898.668098  19.237631
  16    17  10905.022516  7.670882
  16    18  16478.108838  3.221182
  17    10  8215.776784  16.793299
  17    16  10934.473149  7.732391
  17    19  8573.735275  4.993574
  18     7  15049.275331  2.051294
  18    16  16538.382852  3.224436
  18    20  19723.217581  4.302650
  19    15  18497.700254  4.170768
  19    17  8670.269018  5.130690
  19    20  8778.010930  9.687874
  20    18  19779.308029  4.306108
  20    19  8943.490797  10.129059
  20    21  6430.176754  8.347265
  20    22  7321.467638  8.246916
  21    20  6281.839496  8.138050
  21    22  8334.589925  3.935002
  21    24  9807.472029  10.308957
  22    15  16506.001449  6.934082
  22    20  7591.375210  8.752842
  22    21  8244.083449  3.852311
  22    23  9296.361106  11.170066
  23    14  7811.967267  7.798760
  23    22  9282.996527  11.128924
  23    24  8014.901018  3.861098
  24    13  10674.475990  15.594118
  24    21  9749.641247  10.138084
  24    23  7959.423481  3.810102
