<METADATA>
<File Name> ./SiouxFalls/SiouxFalls_MIX_0.20_1.00_0.20_0.80_1.05_flow.txt
<Number of Links> 76
<theta | lambda> 0.200000 | 1.000000
<stoch | determ> 0.200000 | 0.800000
<distant tolerance> 1.050000
<optimal objective> 3797454.467322
<system cost> 7326398.661707

<LINKS>
~ Init node | Term node | Flow | Cost
   1     2  6393.239892  6.003341
   1     3  9943.157858  4.019549
   2     1  6431.394374  6.003422
   2     6  6454.550626  7.153951
   3     1  9905.003375  4.019251
   3     4  16006.340690  4.459480
   3    12  12431.600888  4.047768
   4     3  15959.767109  4.454155
   4     5  18997.057202  2.390721
   4    11  6439.674993  8.665554
   5     4  19045.417315  2.394715
   5     6  6958.667630  6.347137
   5     9  16927.709663  11.158204
   6     2  6492.705109  7.205335
   6     5  6963.459420  6.353609
   6     8  12514.230576  14.777748
   7     8  13365.040015  6.796890
   7    18  16282.391335  2.070287
   8     6  12557.176848  14.954056
   8     7  13297.225130  6.720412
   8     9  7538.597125  17.447687
   8    16  8018.742666  9.783640
   9     5  16971.277987  11.221849
   9     8  7503.476848  17.309867
   9    10  22581.450196  6.120244
  10     9  22689.898242  6.180617
  10    11  17479.730124  12.001646
  10    15  23406.635320  14.104379
  10    16  10865.364927  19.052236
  10    17  8460.337086  17.887989
  11     4  6444.741299  8.673952
  11    10  17405.344012  11.883221
  11    12  7417.166766  10.691199
  11    14  9465.885808  12.518447
  12     3  12440.019986  4.047898
  12    11  7410.864735  10.675276
  12    13  14183.343117  3.040468
  13    12  14285.460185  3.041646
  13    24  10292.138956  14.020145
  14    11  9502.868032  12.652352
  14    15  8936.099461  11.918656
  14    23  8192.568030  8.594946
  15    10  23454.504933  14.170880
  15    14  8977.565970  12.047972
  15    19  17814.247268  4.007094
  15    22  17356.063841  7.809288
  16     8  8028.994331  9.808150
  16    10  10880.474606  19.136139
  16    17  10988.357879  7.846225
  16    18  19274.441639  3.414046
  17    10  8480.191951  17.981138
  17    16  10958.326882  7.782576
  17    19  8511.574531  4.907699
  18     7  16350.206220  2.071465
  18    16  19329.833981  3.418826
  18    20  21747.739921  4.447390
  19    15  17840.356265  4.013011
  19    17  8501.398399  4.893818
  19    20  9030.980116  10.372430
  20    18  21770.947148  4.449303
  20    19  9046.912980  10.417519
  20    21  6517.724201  8.477733
  20    22  7245.659888  8.114514
  21    20  6459.634883  8.390575
  21    22  7774.245717  3.464797
  21    24  9803.240176  10.296350
  22    15  17319.290967  7.768659
  22    20  7242.889297  8.109753
  22    21  7766.818700  3.459207
  22    23  9316.363357  11.231975
  23    14  8188.083745  8.584894
  23    22  9269.392874  11.087228
  23    24  7453.000587  3.391558
  24    13  10294.256024  14.028392
  24    21  9752.577875  10.146688
  24    23  7401.545820  3.353525
