<METADATA>
<File Name> ./SiouxFalls/SiouxFalls_MIX_0.10_0.50_1.30_flow.txt
<Number of Links> 76
<theta | lambda> 0.100000 | 0.000000
<stoch | determ> 0.500000 | 0.500000
<distant tolerance> 1.300000
<optimal objective> 13472682.148742
<system cost> 8409726.697763

<LINKS>
~ Init node | Term node | Flow | Cost
   1     2  5758.317239  6.002199
   1     3  9797.350270  4.018427
   2     1  5768.832293  6.002215
   2     6  6954.506951  7.902934
   3     1  9786.835215  4.018348
   3     4  15382.866239  4.391965
   3    12  11849.712846  4.039433
   4     3  15341.823256  4.387798
   4     5  18894.987937  2.382391
   4    11  6930.404273  9.575740
   5     4  18918.698483  2.384314
   5     6  8287.620092  8.722298
   5     9  16879.006357  11.087637
   6     2  6965.022005  7.920531
   6     5  8297.820924  8.745591
   6     8  12623.175207  15.228548
   7     8  14389.501386  8.101877
   7    18  16719.410800  2.078142
   8     6  12643.891093  15.315599
   8     7  14384.387632  8.094628
   8     9  7465.316514  17.162295
   8    16  8480.772455  10.985149
   9     5  16892.516071  11.107151
   9     8  7482.255820  17.227524
   9    10  23453.844918  6.631094
  10     9  23584.293937  6.712554
  10    11  17616.527496  12.223414
  10    15  23697.370117  14.514602
  10    16  11700.286765  24.239966
  10    17  7779.444076  15.068895
  11     4  6965.650744  9.649039
  11    10  17550.372785  12.115520
  11    12  8188.935431  12.970140
  11    14  9584.351793  12.952954
  12     3  11880.240775  4.039841
  12    11  8188.739469  12.969473
  12    13  14339.860694  3.042284
  13    12  14470.192660  3.043843
  13    24  11104.175748  17.576780
  14    11  9653.639516  13.214668
  14    15  9006.783753  12.140172
  14    23  8538.995667  9.422847
  15    10  23819.472102  14.691451
  15    14  9050.939057  12.281222
  15    19  19349.408359  4.401751
  15    22  17972.127812  8.529347
  16     8  8479.435282  10.981376
  16    10  11686.376274  24.143884
  16    17  13602.063246  15.726618
  16    18  16596.504781  3.227608
  17    10  7767.856312  15.026872
  17    16  13673.730537  16.018206
  17    19  11029.261596  10.197766
  18     7  16724.524554  2.078238
  18    16  16509.589825  3.222878
  18    20  17590.997212  4.191510
  19    15  19219.634994  4.364522
  19    17  11089.341124  10.377853
  19    20  9493.598176  11.781958
  20    18  17409.196010  4.183715
  20    19  9423.904339  11.555948
  20    21  7223.881516  9.738979
  20    22  7940.246341  9.491737
  21    20  7329.377749  9.962223
  21    22  9443.881077  5.189675
  21    24  9674.463246  9.920454
  22    15  18168.158468  8.774568
  22    20  7483.255068  8.543567
  22    21  9604.760194  5.412640
  22    23  9422.010631  11.565639
  23    14  8564.128085  9.486973
  23    22  9321.929131  11.249272
  23    24  8752.099098  4.646217
  24    13  11134.507715  17.725733
  24    21  9619.080362  9.763341
  24    23  8677.150016  4.556731
