<METADATA>
<File Name> ./SiouxFalls/SiouxFalls_MIX_0.02_0.50_1.25_flow.txt
<Number of Links> 76
<theta | lambda> 0.020000 | 0.000000
<stoch | determ> 0.500000 | 0.500000
<distant tolerance> 1.250000
<optimal objective> 53082675.417394
<system cost> 10194624.028560

<LINKS>
~ Init node | Term node | Flow | Cost
   1     2  6497.889827  6.003565
   1     3  10384.748448  4.023260
   2     1  6571.026830  6.003729
   2     6  7490.313611  8.906356
   3     1  10311.611445  4.022612
   3     4  17563.741156  4.666141
   3    12  14621.406826  4.091409
   4     3  17597.970435  4.671349
   4     5  21198.000399  2.605760
   4    11  7570.687001  11.091818
   5     4  21113.044817  2.596108
   5     6  8626.293466  9.542823
   5     9  17520.694580  12.067512
   6     2  7563.450614  9.061175
   6     5  8593.145733  9.458116
   6     8  13009.403708  16.923383
   7     8  15700.250047  10.230582
   7    18  18892.425176  2.127395
   8     6  13049.392978  17.107721
   8     7  15682.399890  10.197755
   8     9  8811.858840  23.903669
   8    16  9195.214969  13.271436
   9     5  17468.886731  11.984289
   9     8  8824.727555  23.985066
   9    10  23898.720486  6.914532
  10     9  23959.781352  6.954692
  10    11  17862.808521  12.635900
  10    15  24187.990084  15.241935
  10    16  12245.935277  28.287991
  10    17  8381.244038  17.523383
  11     4  7789.871862  11.707592
  11    10  17745.173501  12.436734
  11    12  9639.180260  19.381109
  11    14  9744.922755  13.568172
  12     3  14514.040545  4.088753
  12    11  9708.054416  19.767672
  12    13  14074.126702  3.039236
  13    12  14135.634577  3.039926
  13    24  11272.141912  18.417078
  14    11  9877.598439  14.099988
  14    15  9119.779736  12.505284
  14    23  8579.489080  9.526445
  15    10  24427.597626  15.613617
  15    14  9137.888033  12.565072
  15    19  19112.259912  4.334284
  15    22  18092.316275  8.678747
  16     8  9204.485367  13.304843
  16    10  12160.880050  27.620211
  16    17  14481.783190  19.637318
  16    18  18728.478811  3.369089
  17    10  8305.387609  17.183261
  17    16  14645.811719  20.450076
  17    19  12250.916413  14.479123
  18     7  18910.275332  2.127877
  18    16  18488.665453  3.350545
  18    20  21067.672315  4.394000
  19    15  18974.143436  4.296130
  19    17  12339.088515  14.842278
  19    20  10448.078968  15.415930
  20    18  20745.709113  4.370462
  20    19  10398.134593  15.199206
  20    21  8518.471189  13.229648
  20    22  9692.759987  14.973975
  21    20  8208.342480  12.232932
  21    22  9756.124961  5.632903
  21    24  9956.497810  10.763427
  22    15  18388.148589  9.059376
  22    20  9530.981119  14.324571
  22    21  9576.499273  5.372652
  22    23  9519.618761  11.884052
  23    14  8694.056468  9.827604
  23    22  9474.046518  11.734162
  23    24  9123.932279  5.125394
  24    13  11233.649787  18.221159
  24    21  9825.994790  10.364329
  24    23  9192.927424  5.221008
