<METADATA>
<File Name> ./SiouxFalls/SiouxFalls_MIX_0.20_1.00_0.20_0.80_1.15_flow.txt
<Number of Links> 76
<theta | lambda> 0.200000 | 1.000000
<stoch | determ> 0.200000 | 0.800000
<distant tolerance> 1.150000
<optimal objective> 3792237.862751
<system cost> 7314806.302195

<LINKS>
~ Init node | Term node | Flow | Cost
   1     2  6518.351535  6.003611
   1     3  10096.943441  4.020787
   2     1  6523.593544  6.003622
   2     6  6568.449438  7.310060
   3     1  10091.701432  4.020744
   3     4  17228.790182  4.616761
   3    12  13828.905938  4.073144
   4     3  17219.488932  4.615431
   4     5  18936.650873  2.385775
   4    11  6151.623765  8.219682
   5     4  18994.226287  2.390488
   5     6  6944.411566  6.327962
   5     9  16927.166082  11.157413
   6     2  6573.691447  7.317443
   6     5  6978.139452  6.373519
   6     8  12589.546670  15.088145
   7     8  13463.110361  6.909566
   7    18  16558.025023  2.075168
   8     6  12628.516566  15.250952
   8     7  13419.051606  6.858640
   8     9  7606.461408  17.719514
   8    16  8038.818388  9.831725
   9     5  16951.013609  11.192185
   9     8  7574.522611  17.590674
   9    10  21761.270717  5.691028
  10     9  21853.179447  5.736779
  10    11  17483.578085  12.007813
  10    15  23066.507328  13.643480
  10    16  10840.336770  18.914025
  10    17  8491.459897  18.034293
  11     4  6184.747100  8.267877
  11    10  17369.482847  11.826669
  11    12  7299.965068  10.401643
  11    14  9358.381483  12.138013
  12     3  13832.965179  4.073230
  12    11  7306.977736  10.418581
  12    13  15233.188728  3.053847
  13    12  15344.260637  3.055435
  13    24  10586.181003  15.215244
  14    11  9370.396912  12.179888
  14    15  8936.157379  11.918835
  14    23  7972.066820  8.119874
  15    10  23148.423299  13.752637
  15    14  8948.696701  11.957751
  15    19  17964.876292  4.041590
  15    22  16890.043718  7.313194
  16     8  8065.668325  9.896602
  16    10  10863.473658  19.041759
  16    17  11026.067484  7.926891
  16    18  19116.541447  3.400644
  17    10  8492.411008  18.038789
  17    16  11013.422270  7.899749
  17    19  8523.645148  4.924228
  18     7  16602.083778  2.075971
  18    16  19179.173486  3.405920
  18    20  20969.498573  4.386707
  19    15  17983.498018  4.045916
  19    17  8511.951045  4.908213
  19    20  9109.738359  10.597648
  20    18  20976.189367  4.387201
  20    19  9116.665982  10.617740
  20    21  6411.304447  8.319830
  20    22  7367.736017  8.329773
  21    20  6363.208623  8.250998
  21    22  8128.109619  3.750260
  21    24  9808.782850  10.312865
  22    15  16865.877285  7.288561
  22    20  7329.450259  8.261100
  22    21  8144.748127  3.764635
  22    23  9284.826716  11.134548
  23    14  7971.542926  8.118791
  23    22  9239.013033  10.994772
  23    24  7896.865997  3.753863
  24    13  10597.252912  15.262237
  24    21  9744.048517  10.121719
  24    23  7850.528420  3.713058
