<METADATA>
<File Name> ./SiouxFalls/SiouxFalls_MIX_0.02_0.20_1.05_flow.txt
<Number of Links> 76
<theta | lambda> 0.020000 | 0.000000
<stoch | determ> 0.200000 | 0.800000
<distant tolerance> 1.050000
<optimal objective> 23190679.043083
<system cost> 25876063.330608

<LINKS>
~ Init node | Term node | Flow | Cost
   1     2  4515.570561  6.000832
   1     3  7503.439528  4.006340
   2     1  4515.533308  6.000832
   2     6  6594.858703  7.347436
   3     1  7503.476781  4.006340
   3     4  14039.304802  4.271945
   3    12  9235.703477  4.014552
   4     3  14034.798372  4.271596
   4     5  19372.578711  2.422543
   4    11  7908.543324  12.063421
   5     4  19410.880371  2.425895
   5     6  9802.130166  13.240935
   5     9  13229.134277  7.297137
   6     2  6594.821450  7.347383
   6     5  9812.406336  13.279748
   6     8  15098.141504  29.072707
   7     8  12490.543733  5.896492
   7    18  16520.153425  2.074483
   8     6  15108.380422  29.146220
   8     7  12462.178953  5.870271
   8     9  6638.873266  14.479575
   8    16  12267.780169  31.205793
   9     5  13257.159767  7.316665
   9     8  6620.690133  14.430700
   9    10  21729.375421  5.675286
  10     9  21839.217778  5.729792
  10    11  17101.768472  11.415424
  10    15  18811.469023  9.381073
  10    16  21942.312226  254.353298
  10    17  4065.321718  8.527153
  11     4  7965.735233  12.240727
  11    10  16922.616602  11.150796
  11    12  9407.302688  18.139259
  11    14  12377.567377  28.903282
  12     3  9240.247160  4.014580
  12    11  9390.524525  18.052888
  12    13  13212.009195  3.030470
  13    12  13299.774715  3.031288
  13    24  10694.641450  15.681978
  14    11  12372.385580  28.861605
  14    15  8845.523507  11.642383
  14    23  8172.058696  8.549106
  15    10  18921.273493  9.460710
  15    14  8848.604158  11.651641
  15    19  21120.966925  4.990010
  15    22  21331.109053  13.973107
  16     8  12267.837438  31.206282
  16    10  22021.117351  257.969264
  16    17  21650.168930  90.102763
  16    18  15992.323941  3.196231
  17    10  4065.706349  8.527353
  17    16  21649.862934  90.097783
  17    19  18025.590389  60.488133
  18     7  16548.518205  2.074996
  18    16  16071.492332  3.200146
  18    20  15065.965314  4.103043
  19    15  21129.869535  4.993367
  19    17  18025.669024  60.489153
  19    20  9279.129017  11.102224
  20    18  15073.498486  4.103249
  20    19  9288.110262  11.129761
  20    21  5270.044880  7.059078
  20    22  7922.756435  9.452292
  21    20  5184.560172  6.992015
  21    22  11555.151549  9.149027
  21    24  11515.476048  16.891677
  22    15  21335.091565  13.981304
  22    20  7924.755560  9.456788
  22    21  11548.955690  9.133706
  22    23  10777.637813  16.952857
  23    14  8163.796248  8.530736
  23    22  10777.423590  16.951827
  23    24  6651.838180  2.882965
  24    13  10682.406970  15.628614
  24    21  11436.187199  16.513010
  24    23  6643.361508  2.878472
