<METADATA>
<File Name> ./SiouxFalls/SiouxFalls_MIX_0.02_0.20_1.30_flow.txt
<Number of Links> 76
<theta | lambda> 0.020000 | 0.000000
<stoch | determ> 0.200000 | 0.800000
<distant tolerance> 1.300000
<optimal objective> 19466162.983888
<system cost> 9752005.243921

<LINKS>
~ Init node | Term node | Flow | Cost
   1     2  5607.480197  6.001977
   1     3  9536.454913  4.016542
   2     1  5610.001146  6.001981
   2     6  6914.052244  7.835975
   3     1  9533.933965  4.016524
   3     4  14579.697944  4.316295
   3    12  10794.023431  4.027150
   4     3  14592.662726  4.317421
   4     5  19010.639166  2.391839
   4    11  6671.399263  9.070432
   5     4  19101.384639  2.399375
   5     6  8585.330807  9.438288
   5     9  16723.195921  10.865950
   6     2  6916.573193  7.840113
   6     5  8598.551663  9.471864
   6     8  12652.025885  15.349900
   7     8  14746.391187  8.627169
   7    18  16976.645612  2.083063
   8     6  12667.767689  15.416464
   8     7  14712.189636  8.575146
   8     9  7188.163833  16.156462
   8    16  8628.103106  11.412017
   9     5  16800.720539  10.975481
   9     8  7156.364160  16.048240
   9    10  23070.817283  6.399642
  10     9  23216.542228  6.486353
  10    11  17878.983254  12.663595
  10    15  24204.000131  15.266428
  10    16  14450.800030  51.096791
  10    17  5923.551231  10.376216
  11     4  6693.618572  9.111541
  11    10  17770.322099  12.478982
  11    12  9152.344325  16.875797
  11    14  9804.017568  13.802384
  12     3  10778.537700  4.026994
  12    11  9161.463909  16.919209
  12    13  13852.917049  3.036827
  13    12  13946.550902  3.037833
  13    24  11062.016445  17.371763
  14    11  9808.456137  13.820147
  14    15  9164.632631  12.654027
  14    23  8476.872883  9.266752
  15    10  24248.058682  15.334083
  15    14  9168.454597  12.666803
  15    19  20318.999931  4.704548
  15    22  17931.794592  8.479878
  16     8  8641.443031  11.451764
  16    10  14535.141314  52.205966
  16    17  14093.704406  17.821404
  16    18  14561.100224  3.134865
  17    10  5949.537498  10.418188
  17    16  14077.555466  17.749014
  17    19  12288.030280  14.631033
  18     7  17010.847163  2.083734
  18    16  14674.930372  3.139131
  18    20  15602.224056  4.118516
  19    15  20362.275461  4.719116
  19    17  12297.867607  14.671529
  19    20  10272.745500  14.668703
  20    18  15650.255756  4.119982
  20    19  10325.858357  14.891060
  20    21  7409.218661  10.137711
  20    22  8912.091382  12.128481
  21    20  7387.452136  10.089303
  21    22  9147.221016  4.807379
  21    24  10009.430711  10.929843
  22    15  17836.399578  8.364196
  22    20  8935.002464  12.202067
  22    21  9190.716682  4.861158
  22    23  9499.704729  11.818288
  23    14  8477.489486  9.268284
  23    22  9470.716465  11.723294
  23    24  8829.244648  4.740758
  24    13  11055.650298  17.341008
  24    21  9944.168520  10.725045
  24    23  8800.872986  4.705699
