<METADATA>
<File Name> ./SiouxFalls/SiouxFalls_MIX_0.02_0.30_1.30_flow.txt
<Number of Links> 76
<theta | lambda> 0.020000 | 0.000000
<stoch | determ> 0.300000 | 0.700000
<distant tolerance> 1.300000
<optimal objective> 30038546.373907
<system cost> 9679964.494537

<LINKS>
~ Init node | Term node | Flow | Cost
   1     2  6480.537377  6.003528
   1     3  10368.645751  4.023116
   2     1  6312.622324  6.003176
   2     6  7584.420132  9.106401
   3     1  10536.560804  4.024650
   3     4  15723.967243  4.427904
   3    12  12030.343785  4.041893
   4     3  16121.999183  4.472905
   4     5  19437.629834  2.428247
   4    11  7310.620872  10.427400
   5     4  18974.030142  2.388830
   5     6  8127.498544  8.367789
   5     9  17146.141879  11.482267
   6     2  7416.505079  8.754646
   6     5  8176.969036  8.475108
   6     8  12793.170139  15.955661
   7     8  15052.186603  9.108651
   7    18  17512.170241  2.094050
   8     6  12674.725577  15.445965
   8     7  15276.935462  9.481745
   8     9  7863.548397  18.817258
   8    16  8911.943072  12.298321
   9     5  16633.071695  10.740518
   9     8  8081.585423  19.836613
   9    10  23329.776686  6.554869
  10     9  23134.743528  6.437479
  10    11  18295.994951  13.403987
  10    15  23932.346975  14.857373
  10    16  13439.385071  39.232328
  10    17  7299.731821  13.480055
  11     4  8272.252504  13.258165
  11    10  17556.540391  12.125528
  11    12  8725.304825  14.983677
  11    14  9588.540961  12.968617
  12     3  11800.226898  4.038779
  12    11  8789.149445  15.249518
  12    13  14276.618559  3.041543
  13    12  14210.346291  3.040777
  13    24  10945.985892  16.819497
  14    11  9846.873414  13.974906
  14    15  9153.736811  12.617692
  14    23  8357.696323  8.976758
  15    10  24046.142429  15.027041
  15    14  9320.460867  13.188027
  15    19  20104.726021  4.633776
  15    22  17723.101548  8.229194
  16     8  8800.210344  11.939139
  16    10  13607.164042  41.024929
  16    17  14584.582435  20.143471
  16    18  14894.590127  3.147651
  17    10  7462.578799  13.985674
  17    16  14512.749922  19.788659
  17    19  11817.710582  12.805458
  18     7  17287.421381  2.089314
  18    16  15022.468883  3.152787
  18    20  16820.874013  4.160112
  19    15  20390.255378  4.728585
  19    17  11908.725047  13.142197
  19    20  10035.767538  13.717798
  20    18  16624.003909  4.152747
  20    19  10412.311361  15.260407
  20    21  8047.399691  11.758281
  20    22  9116.202742  12.804307
  21    20  8068.962238  11.820245
  21    22  9713.502817  5.569833
  21    24  9840.076077  10.406635
  22    15  17618.091701  8.106359
  22    20  9174.313915  13.005212
  22    21  9758.158227  5.635932
  22    23  9573.502117  12.064075
  23    14  8449.304719  9.198572
  23    22  9571.258851  12.056520
  23    24  8808.837901  4.715508
  24    13  10779.713625  16.058141
  24    21  9816.983214  10.337351
  24    23  8898.203032  4.827390
