<METADATA>
<File Name> ./SiouxFalls/SiouxFalls_COL_0.20_1.00_0.00_1.00_5.00_flow.txt
<Number of Links> 76
<theta | lambda> 0.200000 | 1.000000
<stoch | determ> 0.000000 | 1.000000
<distant tolerance> 5.000000
<optimal objective> 7209112.356974
<system cost> 7209112.356974

<LINKS>
~ Init node | Term node | Flow | Cost
   1     2  7538.206949  6.032520
   1     3  11181.352420  4.155714
   2     1  7582.188421  6.032866
   2     6  6601.233899  16.880605
   3     1  11137.370948  4.154600
   3     4  17217.166945  7.077437
   3    12  14055.646661  4.392151
   4     3  17186.744278  7.072871
   4     5  18816.047827  3.892670
   4    11  6172.117084  17.070689
   5     4  18894.433863  3.920888
   5     6  7026.857641  16.061624
   5     9  16921.311110  36.121591
   6     2  6645.215371  17.025095
   6     5  7050.119491  16.392581
   6     8  12540.230685  66.274532
   7     8  13265.863503  21.470059
   7    18  16504.291137  2.371887
   8     6  12607.474008  67.672445
   8     7  13202.996194  21.129464
   8     9  7566.450882  47.925092
   8    16  7985.489572  28.430200
   9     5  16976.435296  36.285340
   9     8  7548.229246  47.590880
   9    10  21641.716193  16.261208
  10     9  21778.618743  16.521302
  10    11  17478.448945  39.946542
  10    15  23377.067804  46.247811
  10    16  10675.347190  73.936221
  10    17  8327.471208  54.409833
  11     4  6163.308380  17.242763
  11    10  17426.647031  39.025839
  11    12  7334.311618  28.209647
  11    14  9447.423381  46.548410
  12     3  14042.087857  4.390634
  12    11  7336.305536  28.233994
  12    13  15234.095576  3.269201
  13    12  15322.530690  3.275503
  13    24  10584.316579  60.046116
  14    11  9484.818844  46.647626
  14    15  8905.784347  39.304393
  14    23  7752.247697  22.567628
  15    10  23396.526302  46.612077
  15    14  8958.309682  40.107659
  15    19  18269.268702  8.580707
  15    22  16572.512895  22.915204
  16     8  8008.087222  28.698218
  16    10  10750.065296  75.912686
  16    17  10615.738626  27.388522
  16    18  18775.163134  4.867207
  17    10  8321.999068  54.287328
  17    16  10527.265166  26.670682
  17    19  8211.301889  14.554655
  18     7  16567.158446  2.377469
  18    16  18960.952349  4.936991
  18    20  20743.410259  5.851568
  19    15  18488.545336  8.850831
  19    17  8117.356290  14.064457
  19    20  8568.971159  29.855335
  20    18  20892.066783  5.900137
  20    19  8694.302194  31.535530
  20    21  6520.481965  18.418474
  20    22  7082.579325  19.224917
  21    20  6281.139998  16.677660
  21    22  8076.294617  10.496470
  21    24  9818.999539  39.561322
  22    15  16325.220094  21.910787
  22    20  7495.908850  22.837774
  22    21  7901.968384  9.775780
  22    23  9269.707606  39.350133
  23    14  7737.117826  22.129464
  23    22  9261.418096  39.697823
  23    24  7719.846290  10.051034
  24    13  10572.751693  59.800290
  24    21  9753.983805  38.604227
  24    23  7696.426909  9.953400
