<METADATA>
<File Name> ./SiouxFalls/SiouxFalls_MIX_0.20_1.00_0.50_0.50_1.10_flow.txt
<Number of Links> 76
<theta | lambda> 0.200000 | 1.000000
<stoch | determ> 0.500000 | 0.500000
<distant tolerance> 1.100000
<optimal objective> 8151042.762753
<system cost> 7456558.524718

<LINKS>
~ Init node | Term node | Flow | Cost
   1     2  6321.115534  6.003193
   1     3  9743.875864  4.018028
   2     1  6332.476453  6.003216
   2     6  6725.081938  7.538412
   3     1  9732.514946  4.017944
   3     4  16608.140316  4.532577
   3    12  13786.450557  4.072250
   4     3  16609.917196  4.532805
   4     5  18776.516947  2.372891
   4    11  6861.241872  9.435126
   5     4  18830.318307  2.377183
   5     6  7172.932465  6.649849
   5     9  16914.741814  11.139355
   6     2  6736.442857  7.555608
   6     5  7195.792262  6.683790
   6     8  12527.013298  14.830036
   7     8  13578.177061  7.044947
   7    18  15928.523784  2.064373
   8     6  12561.234015  14.970806
   8     7  13524.614884  6.981499
   8     9  7611.935213  17.741759
   8    16  8129.763741  10.054114
   9     5  16945.683376  11.184401
   9     8  7576.371670  17.598089
   9    10  21991.198228  5.806576
  10     9  22086.576247  5.855583
  10    11  17520.823355  12.067720
  10    15  23013.302406  13.573202
  10    16  10916.028234  19.334950
  10    17  8474.011246  17.952071
  11     4  6909.217393  9.532215
  11    10  17421.404296  11.908661
  11    12  7310.491233  10.427086
  11    14  9321.551490  12.010658
  12     3  13773.312759  4.071975
  12    11  7327.276427  10.467885
  12    13  14776.685724  3.047677
  13    12  14880.333119  3.049029
  13    24  10699.490647  15.703180
  14    11  9353.322756  12.120431
  14    15  8945.200842  11.946885
  14    23  8094.932228  8.379788
  15    10  23079.042570  13.660108
  15    14  8987.790927  12.080136
  15    19  18167.979157  4.089498
  15    22  17147.955319  7.582740
  16     8  8145.985823  10.094575
  16    10  10929.109940  19.408591
  16    17  11611.196744  9.288737
  16    18  19139.521897  3.402574
  17    10  8489.986455  18.027330
  17    16  11590.212281  9.236190
  17    19  8976.191417  5.596484
  18     7  15982.085960  2.065243
  18    16  19189.810148  3.406822
  18    20  20876.273807  4.379876
  19    15  18188.919384  4.094530
  19    17  8971.182164  5.588463
  19    20  9265.309061  11.060007
  20    18  20880.124235  4.380156
  20    19  9281.240035  11.108689
  20    21  6220.954641  8.056358
  20    22  7467.076194  8.513021
  21    20  6149.648221  7.963684
  21    22  8204.874308  3.817323
  21    24  9798.308517  10.281679
  22    15  17135.345339  7.569275
  22    20  7458.164015  8.496280
  22    21  8195.039622  3.808625
  22    23  9301.672445  11.186466
  23    14  8084.113411  8.356420
  23    22  9270.315601  11.090050
  23    24  7820.866913  3.687315
  24    13  10703.138043  15.719146
  24    21  9736.836783  10.100659
  24    23  7778.691252  3.651211
