<METADATA>
<File Name> ./SiouxFalls/SiouxFalls_COL_0.20_1.00_0.00_1.00_2.00_flow.txt
<Number of Links> 76
<theta | lambda> 0.200000 | 1.000000
<stoch | determ> 0.000000 | 1.000000
<distant tolerance> 2.000000
<optimal objective> 7276936.226261
<system cost> 7276936.226261

<LINKS>
~ Init node | Term node | Flow | Cost
   1     2  7060.907829  6.024674
   1     3  10652.633156  4.129241
   2     1  7086.200812  6.025354
   2     6  6593.845207  16.641737
   3     1  10627.340173  4.126925
   3     4  17556.976666  7.344279
   3    12  14328.867852  4.419803
   4     3  17536.260268  7.291329
   4     5  18830.213951  3.904159
   4    11  6518.442926  19.842575
   5     4  18932.681103  3.915495
   5     6  6944.376903  15.652330
   5     9  16936.466479  36.165762
   6     2  6619.138190  16.985660
   6     5  6976.526268  15.920057
   6     8  12465.837556  64.704872
   7     8  13246.478555  21.353977
   7    18  15115.145482  2.261021
   8     6  12523.279904  66.488332
   8     7  13144.906119  20.793063
   8     9  7490.539165  46.007731
   8    16  7842.104245  26.828849
   9     5  17006.784267  36.081185
   9     8  7421.523608  45.182371
   9    10  22829.727181  19.401987
  10     9  22931.029411  19.532229
  10    11  17488.187590  40.337236
  10    15  23503.044882  47.106822
  10    16  10844.381132  78.733858
  10    17  8145.005255  50.475046
  11     4  6495.259375  19.859286
  11    10  17440.779536  39.362761
  11    12  7544.407160  31.286998
  11    14  9496.590637  47.295229
  12     3  14324.291267  4.422382
  12    11  7577.408240  31.364161
  12    13  15715.457169  3.304890
  13    12  15843.881664  3.314922
  13    24  10625.385298  60.941357
  14    11  9492.997952  46.826021
  14    15  8918.758923  39.670590
  14    23  7706.055875  21.861257
  15    10  23426.880623  46.802868
  15    14  8990.700996  40.009369
  15    19  18560.681461  8.927743
  15    22  16373.155119  22.117982
  16     8  7866.989715  27.147134
  16    10  10901.728203  79.951179
  16    17  10802.191797  29.317354
  16    18  16149.859906  4.020552
  17    10  8212.532727  51.889093
  17    16  10837.511349  29.656026
  17    19  8229.812815  14.726196
  18     7  15216.717918  2.268169
  18    16  16196.772895  4.030442
  18    20  20222.296925  5.672928
  19    15  18598.607710  8.990328
  19    17  8332.659838  15.357732
  19    20  8777.357192  32.368716
  20    18  20270.782350  5.686674
  20    19  8918.130464  34.346774
  20    21  6331.729338  17.025923
  20    22  7470.145718  22.616999
  21    20  6312.011975  16.912258
  21    22  8084.165199  10.536127
  21    24  9812.624986  39.494875
  22    15  16231.006684  21.334436
  22    20  7579.121778  23.646683
  22    21  8112.470648  10.656922
  22    23  9278.485145  39.929631
  23    14  7630.521118  21.423097
  23    22  9273.618220  39.387824
  23    24  7852.848852  10.613853
  24    13  10653.809793  61.537173
  24    21  9764.602174  38.832300
  24    23  7772.447169  10.256295
