<METADATA>
<File Name> ./SiouxFalls/SiouxFalls_MIX_0.02_0.20_1.25_flow.txt
<Number of Links> 76
<theta | lambda> 0.020000 | 0.000000
<stoch | determ> 0.200000 | 0.800000
<distant tolerance> 1.250000
<optimal objective> 19521061.057956
<system cost> 10157764.170232

<LINKS>
~ Init node | Term node | Flow | Cost
   1     2  4407.873016  6.000755
   1     3  7739.720574  4.007177
   2     1  4435.571158  6.000774
   2     6  5977.165886  6.583992
   3     1  7712.022432  4.007075
   3     4  14716.875914  4.328368
   3    12  9649.262234  4.017338
   4     3  14589.110410  4.317112
   4     5  20541.140431  2.534096
   4    11  7442.339253  10.755208
   5     4  20366.211965  2.516134
   5     6  10158.399517  14.659461
   5     9  16216.051853  10.186110
   6     2  6004.864028  6.613558
   6     5  9938.424457  13.765719
   6     8  13328.482428  18.442223
   7     8  14608.407406  8.419490
   7    18  18033.446948  2.105758
   8     6  13136.205509  17.513774
   8     7  14701.968261  8.559668
   8     9  6978.689882  15.469592
   8    16  8641.406779  11.451655
   9     5  16261.098447  10.243977
   9     8  6938.122609  15.343517
   9    10  22547.246393  6.101382
  10     9  22651.725715  6.159268
  10    11  17912.477613  12.721184
  10    15  24341.405459  15.478647
  10    16  14433.899280  50.876852
  10    17  5376.755955  9.613016
  11     4  7589.502214  11.142625
  11    10  17678.951533  12.326344
  11    12  8461.939787  13.947150
  11    14  9857.167558  14.016683
  12     3  9749.329598  4.018069
  12    11  8427.424263  13.818278
  12    13  13084.629272  3.029312
  13    12  13250.181112  3.030824
  13    24  11737.859445  20.951459
  14    11  9905.319963  14.213849
  14    15  9130.603785  12.540979
  14    23  8790.259359  10.089855
  15    10  24491.265092  15.714236
  15    14  9174.840403  12.688185
  15    19  20919.408809  4.915127
  15    22  18554.186689  9.281214
  16     8  8583.257988  11.279745
  16    10  14515.513144  51.946105
  16    17  14450.276053  19.484328
  16    18  15059.821319  3.154312
  17    10  5383.287859  9.620868
  17    16  14445.902715  19.463171
  17    19  12779.334018  16.775516
  18     7  17939.886093  2.103581
  18    16  15087.659729  3.155456
  18    20  16275.506369  4.140336
  19    15  21063.438995  4.968417
  19    17  12781.492585  16.785501
  19    20  10269.378684  14.654724
  20    18  16109.783924  4.134707
  20    19  10415.567436  15.274499
  20    21  7830.691864  11.162631
  20    22  8849.600961  11.930638
  21    20  7758.085888  10.973806
  21    22  9321.730967  5.027824
  21    24  10054.168515  11.072568
  22    15  18504.252755  9.213869
  22    20  8802.673244  11.784796
  22    21  9354.156011  5.070173
  22    23  9521.883459  11.891557
  23    14  8794.175145  10.100713
  23    22  9457.446853  11.680100
  23    24  9015.811911  4.979860
  24    13  11803.411285  21.333315
  24    21  9949.137495  10.740497
  24    23  8955.291092  4.900650
