<METADATA>
<File Name> ./SiouxFalls/SiouxFalls_MIX_0.10_0.20_1.10_flow.txt
<Number of Links> 76
<theta | lambda> 0.100000 | 0.000000
<stoch | determ> 0.200000 | 0.800000
<distant tolerance> 1.100000
<optimal objective> 7852904.874694
<system cost> 17713685.600234

<LINKS>
~ Init node | Term node | Flow | Cost
   1     2  4301.092443  6.000684
   1     3  7312.655094  4.005719
   2     1  4313.640982  6.000692
   2     6  6377.533463  7.052971
   3     1  7300.106556  4.005680
   3     4  14361.928080  4.297817
   3    12  9858.447264  4.018891
   4     3  14334.957522  4.295586
   4     5  20031.607024  2.483041
   4    11  6867.113801  9.446900
   5     4  20033.775825  2.483251
   5     6  10669.650103  16.972832
   5     9  15212.881020  9.017049
   6     2  6390.082001  7.069176
   6     5  10676.199374  17.004713
   6     8  14136.236318  22.805249
   7     8  12709.292788  6.104792
   7    18  15513.289111  2.057918
   8     6  14155.334127  22.917907
   8     7  12605.096918  6.004220
   8     9  6783.945370  14.884146
   8    16  10545.164567  19.306942
   9     5  15208.500550  9.012424
   9     8  6696.545677  14.637273
   9    10  21997.528168  5.809809
  10     9  22005.748005  5.814011
  10    11  16135.266378  10.083535
  10    15  20445.044131  10.717544
  10    16  19520.011023  160.799253
  10    17  4441.942651  8.751362
  11     4  6937.974442  9.591389
  11    10  15964.406846  9.871609
  11    12  8402.315117  13.725517
  11    14  12191.002605  27.435438
  12     3  9872.869284  4.019002
  12    11  8394.445159  13.696614
  12    13  12311.041743  3.022971
  13    12  12417.593805  3.023777
  13    24  11208.179482  18.092621
  14    11  12198.873672  27.496021
  14    15  8855.035636  11.671001
  14    23  7874.672299  7.922204
  15    10  20456.197321  10.727847
  15    14  8856.170351  11.674421
  15    19  20225.831665  4.673499
  15    22  20893.874935  13.100708
  16     8  10547.466199  19.319436
  16    10  19600.010515  163.385560
  16    17  19570.892299  60.828379
  16    18  15684.476588  3.181552
  17    10  4429.869337  8.743226
  17    16  19721.822988  62.664217
  17    19  15888.860435  37.308622
  18     7  15617.484981  2.059490
  18    16  15615.847023  3.178395
  18    20  15946.956721  4.129343
  19    15  20119.616957  4.638622
  19    17  16027.717811  38.559186
  19    20  9246.868837  11.003970
  20    18  15882.523025  4.127265
  20    19  9279.511505  11.103395
  20    21  5876.454895  7.637315
  20    22  6687.726798  7.260438
  21    20  5759.740416  7.511062
  21    22  9919.940899  5.883119
  21    24  10817.741574  13.818661
  22    15  20912.377548  13.136535
  22    20  6672.650248  7.240123
  22    21  9860.234326  5.790472
  22    23  10775.189416  16.941091
  23    14  7881.408652  7.935642
  23    22  10718.908908  16.672828
  23    24  7942.354268  3.794624
  24    13  11214.731545  18.125603
  24    21  10760.733668  13.592406
  24    23  7892.810112  3.750262
