<METADATA>
<File Name> ./SiouxFalls/SiouxFalls_MIX_0.10_0.50_1.40_flow.txt
<Number of Links> 76
<theta | lambda> 0.100000 | 0.000000
<stoch | determ> 0.500000 | 0.500000
<distant tolerance> 1.400000
<optimal objective> 13412672.627926
<system cost> 8057991.509481

<LINKS>
~ Init node | Term node | Flow | Cost
   1     2  5579.751311  6.001939
   1     3  9568.391441  4.016764
   2     1  5613.844224  6.001986
   2     6  6790.096397  7.638005
   3     1  9534.298527  4.016527
   3     4  15435.610175  4.397368
   3    12  11892.892644  4.040011
   4     3  15454.236454  4.399290
   4     5  19073.911021  2.397082
   4    11  6855.980245  9.424601
   5     4  19130.031852  2.401776
   5     6  8284.032724  8.714127
   5     9  16935.355326  11.169337
   6     2  6824.189310  7.691386
   6     5  8286.974045  8.720826
   6     8  12591.703166  15.097115
   7     8  14413.685812  8.136262
   7    18  16969.112036  2.082916
   8     6  12628.737400  15.251879
   8     7  14348.382166  8.043810
   8     9  7345.104465  16.711989
   8    16  8454.741984  10.912005
   9     5  16988.534836  11.247194
   9     8  7281.646144  16.483023
   9    10  22616.404402  6.139608
  10     9  22706.125591  6.189726
  10    11  17594.194078  12.186853
  10    15  23454.606725  14.171022
  10    16  11126.116683  20.550008
  10    17  8621.433791  18.662899
  11     4  6918.485693  9.551206
  11    10  17482.849665  12.006646
  11    12  8092.052783  12.646095
  11    14  9517.002911  12.703946
  12     3  11840.173451  4.039306
  12    11  8100.247365  12.673057
  12    13  14405.567539  3.043065
  13    12  14461.042929  3.043732
  13    24  11060.165094  17.362813
  14    11  9559.969364  12.862197
  14    15  8970.435310  12.025606
  14    23  8351.995943  8.963194
  15    10  23587.729194  14.358114
  15    14  9040.842149  12.248786
  15    19  18800.664167  4.249375
  15    22  17725.115512  8.231572
  16     8  8489.930892  11.011045
  16    10  11219.048956  21.109918
  16    17  12390.722391  11.452156
  16    18  16729.031229  3.234966
  17    10  8496.444652  18.057875
  17    16  12369.396178  11.387250
  17    19  10915.020113  9.863356
  18     7  17034.415682  2.084199
  18    16  16878.478624  3.243475
  18    20  18420.882577  4.230288
  19    15  19055.488328  4.318501
  19    17  10768.704760  9.450126
  19    20  9288.246716  11.130180
  20    18  18535.633617  4.236080
  20    19  9396.755525  11.469254
  20    21  7472.400147  10.280663
  20    22  7531.064536  8.634996
  21    20  7533.331907  10.422002
  21    22  9209.962459  4.885199
  21    24  9688.488809  9.960673
  22    15  17573.820659  8.055227
  22    20  7593.392626  8.756833
  22    21  9289.641084  4.986346
  22    23  9359.092501  11.365567
  23    14  8324.555557  8.898289
  23    22  9349.804363  11.336372
  23    24  8563.242468  4.425099
  24    13  11015.640483  17.148932
  24    21  9669.741943  9.906955
  24    23  8526.513944  4.383760
