<METADATA>
<File Name> ./SiouxFalls/SiouxFalls_MIX_0.10_0.50_1.10_flow.txt
<Number of Links> 76
<theta | lambda> 0.100000 | 0.000000
<stoch | determ> 0.500000 | 0.500000
<distant tolerance> 1.100000
<optimal objective> 13993483.602797
<system cost> 9969668.542672

<LINKS>
~ Init node | Term node | Flow | Cost
   1     2  5128.404828  6.001383
   1     3  8634.704456  4.011118
   2     1  5217.174698  6.001482
   2     6  6650.897521  7.428247
   3     1  8545.934586  4.010668
   3     4  14803.798013  4.336195
   3    12  10851.234565  4.027730
   4     3  14740.138739  4.330449
   4     5  19421.398269  2.426818
   4    11  8029.875597  12.444170
   5     4  19893.052546  2.469815
   5     6  9507.413594  12.178688
   5     9  15760.152612  9.627037
   6     2  6739.667391  7.560505
   6     5  9414.842768  11.864776
   6     8  13356.319565  18.580015
   7     8  14418.694607  8.143405
   7    18  16735.740039  2.078448
   8     6  13352.518610  18.561150
   8     7  14357.530756  8.056686
   8     9  8355.007561  21.236905
   8    16  8868.335637  12.156519
   9     5  16324.377715  10.326081
   9     8  8321.000815  21.055072
   9    10  22678.853642  6.174429
  10     9  23309.072000  6.542266
  10    11  16490.754063  10.546555
  10    15  23046.581950  13.617104
  10    16  13816.195769  43.352984
  10    17  6152.858762  10.766082
  11     4  7594.562045  11.156353
  11    10  16931.853191  11.164236
  11    12  8303.497093  13.368445
  11    14  11009.428762  19.587430
  12     3  10826.123969  4.027474
  12    11  8398.460941  13.711352
  12    13  13457.163505  3.032795
  13    12  13627.016757  3.034483
  13    24  11218.235825  18.143266
  14    11  11020.250491  19.648808
  14    15  8900.592120  11.809345
  14    23  8504.477097  9.335691
  15    10  23131.292256  13.729713
  15    14  8930.432752  11.901123
  15    19  19532.905681  4.455685
  15    22  19877.628314  11.274355
  16     8  8837.377576  12.057112
  16    10  13866.308805  43.927050
  16    17  15133.716087  23.034234
  16    18  17151.084329  3.259590
  17    10  6107.154649  10.684806
  17    16  15260.523106  23.748137
  17    19  12525.606522  15.636560
  18     7  16796.903890  2.079601
  18    16  17043.432286  3.253133
  18    20  18849.905257  4.252503
  19    15  19476.302383  4.438885
  19    17  12606.709428  15.993190
  19    20  9971.011566  13.469398
  20    18  18703.417064  4.244745
  20    19  9995.511174  13.562810
  20    21  6126.251419  7.933970
  20    22  7489.798525  8.555977
  21    20  6222.608922  8.058546
  21    22  9197.205817  4.869247
  21    24  10384.699671  12.187616
  22    15  19948.782550  11.393468
  22    20  7171.452438  7.988869
  22    21  9375.437057  5.098207
  22    23  10083.508310  13.924711
  23    14  8485.458194  9.288121
  23    22  10014.547699  13.655985
  23    24  8248.853533  4.088098
  24    13  11288.089077  18.498837
  24    21  10302.825934  11.901282
  24    23  8160.874018  4.000429
