<METADATA>
<File Name> ./SiouxFalls/SiouxFalls_MLT_1.0_1.0_0.0_1.0_10.0_flow.txt
<Number of Links> 76
<theta | lambda> 1.000000 | 1.000000
<stoch | determ> 0.000000 | 1.000000
<Optimal Objective> 1441306.796311
<System Cost> 7206533.981556

<LINKS>
~ Init node | Term node | Flow | Cost
   1     2  7563.676065  6.032913
   1     3  11208.560350  4.157370
   2     1  7608.275222  6.033363
   2     6  6585.190382  16.744486
   3     1  11163.961193  4.155928
   3     4  17522.010559  7.301725
   3    12  14166.535284  4.404307
   4     3  17506.738517  7.304510
   4     5  18959.850779  3.948616
   4    11  6162.097893  17.035673
   5     4  19048.265463  3.982396
   5     6  6965.894600  15.674770
   5     9  16901.353098  35.894392
   6     2  6629.789539  16.928994
   6     5  6983.979136  15.926677
   6     8  12527.161607  66.036963
   7     8  13267.175235  21.468234
   7    18  16432.601524  2.365145
   8     6  12589.845300  67.334308
   8     7  13182.328840  20.998609
   8     9  7555.000907  47.666975
   8    16  7960.951161  28.161855
   9     5  16971.683245  36.220701
   9     8  7516.945029  46.911172
   9    10  21677.013583  16.329832
  10     9  21809.287852  16.592936
  10    11  17493.549988  39.850559
  10    15  23406.145046  46.550193
  10    16  10677.997268  74.385292
  10    17  8311.093159  54.043625
  11     4  6158.411166  17.194224
  11    10  17420.359796  39.094956
  11    12  7338.423663  28.305799
  11    14  9475.662384  46.565362
  12     3  14137.208170  4.400958
  12    11  7351.017225  28.460241
  12    13  15378.759840  3.279640
  13    12  15462.026288  3.285740
  13    24  10585.948085  60.078818
  14    11  9486.191903  46.815654
  14    15  8908.957483  39.513138
  14    23  7726.001960  22.118028
  15    10  23428.223838  46.678154
  15    14  8954.886534  40.192631
  15    19  18274.656291  8.569373
  15    22  16488.811118  22.619845
  16     8  7976.844338  28.348290
  16    10  10738.804472  75.996906
  16    17  10608.898273  27.338749
  16    18  18634.695139  4.816052
  17    10  8333.671623  54.548092
  17    16  10513.096508  26.527937
  17    19  8207.205314  14.537652
  18     7  16517.447919  2.372774
  18    16  18807.197285  4.880150
  18    20  20717.185552  5.846290
  19    15  18453.197317  8.788115
  19    17  8133.982014  14.155770
  19    20  8584.454492  29.881854
  20    18  20874.534092  5.899462
  20    19  8689.772218  31.281256
  20    21  6502.784523  18.272430
  20    22  7103.955732  19.396461
  21    20  6281.002111  16.678388
  21    22  8074.055512  10.494202
  21    24  9821.742854  39.685042
  22    15  16278.277935  21.618084
  22    20  7488.404410  22.766197
  22    21  7906.445477  9.820367
  22    23  9269.154006  39.576237
  23    14  7690.602428  21.840328
  23    22  9275.459466  39.635313
  23    24  7712.291221  9.996802
  24    13  10569.214534  59.723627
  24    21  9767.570477  38.836119
  24    23  7683.197150  9.889963
