<METADATA>
<File Name> ./SiouxFalls/SiouxFalls_MIX_0.02_0.80_2.00_flow.txt
<Number of Links> 76
<theta | lambda> 0.020000 | 0.000000
<stoch | determ> 0.800000 | 0.200000
<distant tolerance> 2.000000
<optimal objective> 90562521.165828
<system cost> 10300259.144729

<LINKS>
~ Init node | Term node | Flow | Cost
   1     2  8634.388909  6.011116
   1     3  14152.057053  4.080225
   2     1  8620.259410  6.011044
   2     6  7898.765973  9.830686
   3     1  14166.186552  4.080546
   3     4  22304.440521  5.732461
   3    12  20239.048535  4.335576
   4     3  21746.048757  5.565379
   4     5  20651.981171  2.545718
   4    11  9411.112729  18.158937
   5     4  20368.833002  2.516400
   5     6  7782.652229  7.672354
   5     9  17255.568825  11.649338
   6     2  7884.636473  9.796213
   6     5  7853.978844  7.808842
   6     8  13470.867110  19.156154
   7     8  15149.365760  9.267939
   7    18  19559.986842  2.146377
   8     6  13528.064225  19.449394
   8     7  15145.871973  9.262159
   8     9  8722.885712  23.350577
   8    16  9141.440762  13.079639
   9     5  16901.094040  11.119565
   9     8  8768.365456  23.631193
   9    10  23722.824455  6.800553
  10     9  23513.829415  6.668383
  10    11  18331.844489  13.470049
  10    15  25183.893647  16.860636
  10    16  11588.097753  23.474771
  10    17  9116.559631  21.331568
  11     4  9235.869134  17.278278
  11    10  17992.339106  12.859805
  11    12  9182.438912  17.019551
  11    14  10100.028278  15.040932
  12     3  20811.569798  4.375188
  12    11  8663.267826  14.730893
  12    13  16710.842045  3.077982
  13    12  16864.192222  3.080884
  13    24  11049.692845  17.312275
  14    11  10204.450387  15.504662
  14    15  9299.433243  13.114386
  14    23  8861.189401  10.288807
  15    10  25197.649833  16.884385
  15    14  9334.769546  13.238424
  15    19  18611.795144  4.199922
  15    22  18694.728741  9.473700
  16     8  9149.664346  13.108752
  16    10  11570.014216  23.353491
  16    17  12337.978590  11.292240
  16    18  24417.747600  4.066458
  17    10  9151.397324  21.536518
  17    16  12461.414980  11.669718
  17    19  9063.004265  5.737649
  18     7  19563.480630  2.146482
  18    16  24284.451258  4.043361
  18    20  22616.541064  4.523281
  19    15  18397.620059  4.145636
  19    17  9221.278348  6.005662
  19    20  9761.101207  12.696826
  20    18  22386.738509  4.502335
  20    19  9705.200205  12.499307
  20    21  9810.450044  18.718218
  20    22  9266.745380  13.332731
  21    20  9559.861556  17.467717
  21    22  12153.729030  10.749487
  21    24  8956.566227  8.083856
  22    15  18857.996315  9.702828
  22    20  9131.630311  12.857271
  22    21  12071.068977  10.513876
  22    23  9686.204000  12.450564
  23    14  8930.275207  10.487234
  23    22  9631.696452  12.261947
  23    24  10240.448733  6.959667
  24    13  11103.043023  17.571241
  24    21  8788.637791  7.713173
  24    23  10255.026992  6.987969
