<METADATA>
<File Name> ./SiouxFalls/SiouxFalls_MLT_0.20_1.50_0.50_0.50_2.00_flow.txt
<Number of Links> 76
<theta | lambda> 0.200000 | 1.500000
<stoch | determ> 0.500000 | 0.500000
<distant tolerance> 2.000000
<optimal objective> 8133443.543861
<system cost> 7463989.890708

<LINKS>
~ Init node | Term node | Flow | Cost
   1     2  6832.261918  6.004358
   1     3  10224.990184  4.021862
   2     1  6842.600395  6.004384
   2     6  6833.898476  7.706736
   3     1  10214.651707  4.021773
   3     4  16777.079296  4.554579
   3    12  14136.033102  4.079862
   4     3  16766.930674  4.553238
   4     5  18616.328988  2.360328
   4    11  6846.003821  9.404711
   5     4  18660.532828  2.363762
   5     6  7292.722146  6.831345
   5     9  16955.091818  11.198147
   6     2  6844.236953  7.723152
   6     5  7303.095663  6.847489
   6     8  12436.701376  14.464032
   7     8  13465.848620  6.912748
   7    18  15892.658402  2.063795
   8     6  12457.413370  14.547269
   8     7  13445.184785  6.888786
   8     9  7540.760614  17.456241
   8    16  8087.155116  9.948989
   9     5  16988.922140  11.247763
   9     8  7529.530901  17.411924
   9    10  22001.628550  5.811904
  10     9  22124.229159  5.875106
  10    11  17532.744139  12.086974
  10    15  23108.044769  13.698685
  10    16  10868.043609  19.067085
  10    17  8551.015029  18.318771
  11     4  6891.651360  9.496430
  11    10  17446.074831  11.947878
  11    12  7321.330810  10.453401
  11    14  9353.485762  12.120997
  12     3  14135.843248  4.079858
  12    11  7336.923072  10.491460
  12    13  15038.479946  3.051146
  13    12  15153.882354  3.052735
  13    24  10684.547210  15.637936
  14    11  9396.871731  12.272725
  14    15  8957.385408  11.984813
  14    23  8126.938036  8.449467
  15    10  23198.598256  13.820072
  15    14  8996.365155  12.107192
  15    19  18129.320072  4.080254
  15    22  17177.196678  7.614079
  16     8  8098.432988  9.976653
  16    10  10873.400977  19.096816
  16    17  11461.416324  8.919863
  16    18  19099.262804  3.399197
  17    10  8564.374090  18.383406
  17    16  11479.908298  8.964630
  17    19  8819.719864  5.352192
  18     7  15913.322237  2.064127
  18    16  19097.406070  3.399042
  18    20  20523.399174  4.354836
  19    15  18061.366121  4.064149
  19    17  8851.570899  5.400879
  19    20  9122.432684  10.634500
  20    18  20442.206275  4.349254
  20    19  9086.329769  10.530095
  20    21  6471.179449  8.407711
  20    22  7438.656084  8.459843
  21    20  6512.794878  8.470246
  21    22  8431.725068  4.026796
  21    24  9798.204055  10.281368
  22    15  17274.683862  7.719721
  22    20  7179.744841  8.002718
  22    21  8514.762397  4.107825
  22    23  9343.560344  11.316794
  23    14  8131.344259  8.459124
  23    22  9265.173614  11.074333
  23    24  8135.393019  3.975562
  24    13  10699.949617  15.705188
  24    21  9756.782155  10.159019
  24    23  8061.412512  3.904676
