<METADATA>
<File Name> ./SiouxFalls/SiouxFalls_MIX_0.10_0.20_1.50_flow.txt
<Number of Links> 76
<theta | lambda> 0.100000 | 0.000000
<stoch | determ> 0.200000 | 0.800000
<distant tolerance> 1.500000
<optimal objective> 5551564.682665
<system cost> 7558052.624985

<LINKS>
~ Init node | Term node | Flow | Cost
   1     2  6620.111684  6.003841
   1     3  10406.624542  4.023457
   2     1  6632.924100  6.003871
   2     6  6732.864292  7.550182
   3     1  10393.812127  4.023342
   3     4  16917.958130  4.573442
   3    12  13637.416525  4.069176
   4     3  16918.102109  4.573462
   4     5  18869.480938  2.380330
   4    11  6470.744653  8.717370
   5     4  18960.937004  2.387758
   5     6  7172.583098  6.649332
   5     9  16857.300080  11.056383
   6     2  6745.676708  7.569649
   6     5  7172.973279  6.649909
   6     8  12680.576997  15.470812
   7     8  13343.225732  6.772162
   7    18  15563.132429  2.058666
   8     6  12693.779594  15.527001
   8     7  13304.973584  6.729091
   8     9  7261.098664  16.410157
   8    16  7905.682756  9.519505
   9     5  16948.365964  11.188318
   9     8  7234.291105  16.316016
   9    10  22788.386937  6.236202
  10     9  22952.645262  6.330521
  10    11  17492.494541  12.022120
  10    15  23497.913989  14.231538
  10    16  10809.645750  18.745843
  10    17  8421.565203  17.707973
  11     4  6479.432566  8.731993
  11    10  17390.362565  11.859553
  11    12  7825.546038  11.812866
  11    14  9520.691305  12.717447
  12     3  13624.460131  4.068914
  12    11  7823.094761  11.805586
  12    13  15379.073819  3.055940
  13    12  15463.666148  3.057181
  13    24  10680.492012  15.620277
  14    11  9529.698519  12.750483
  14    15  8939.436257  11.928995
  14    23  7846.856004  7.867078
  15    10  23488.115031  14.217816
  15    14  8977.813171  12.048748
  15    19  18933.739350  4.285126
  15    22  16754.463665  7.176361
  16     8  7907.440764  9.523527
  16    10  10942.150897  19.482267
  16    17  12326.967268  11.259112
  16    18  15406.429457  3.169017
  17    10  8465.249317  17.910974
  17    16  12349.164962  11.325986
  17    19  9975.850538  7.486678
  18     7  15601.384576  2.059245
  18    16  15518.494918  3.173988
  18    20  18619.162465  4.240365
  19    15  19124.259966  4.337638
  19    17  10041.732347  7.633059
  19    20  8588.534680  9.212449
  20    18  18669.480072  4.242973
  20    19  8844.937104  9.863332
  20    21  6675.816407  8.727018
  20    22  7348.956133  8.295953
  21    20  6636.314679  8.663044
  21    22  8838.322580  4.446943
  21    24  9748.695224  10.135314
  22    15  16492.521004  6.921246
  22    20  7595.177892  8.760367
  22    21  8835.544746  4.443868
  22    23  9284.077547  11.132245
  23    14  7817.486304  7.809506
  23    22  9265.578812  11.075570
  23    24  8436.140283  4.284292
  24    13  10665.084341  15.553369
  24    21  9711.971331  10.028403
  24    23  8388.271848  4.232886
