<METADATA>
<File Name> ./SiouxFalls/SiouxFalls_MIX_0.20_1.00_0.00_1.00_1.80_flow.txt
<Number of Links> 76
<theta | lambda> 0.200000 | 1.000000
<stoch | determ> 0.000000 | 1.000000
<distant tolerance> 1.800000
<optimal objective> 1458139.677648
<system cost> 7290698.388241

<LINKS>
~ Init node | Term node | Flow | Cost
   1     2  6951.926099  6.004671
   1     3  10620.913003  4.025449
   2     1  7009.599262  6.004828
   2     6  6560.868678  7.299414
   3     1  10563.239840  4.024901
   3     4  17430.296604  4.646126
   3    12  14205.196918  4.081436
   4     3  17389.888404  4.640155
   4     5  18749.823443  2.370775
   4    11  6569.056164  8.886314
   5     4  18851.581240  2.378889
   5     6  6929.104596  6.307504
   5     9  17021.577625  11.295939
   6     2  6618.541841  7.381338
   6     5  6979.995123  6.376044
   6     8  12447.846401  14.508770
   7     8  13217.878774  6.632403
   7    18  15455.758717  2.057064
   8     6  12556.410092  14.950892
   8     7  13075.699850  6.478618
   8     9  7449.758015  17.102774
   8    16  7783.613541  9.246767
   9     5  17072.444895  11.371536
   9     8  7321.694581  16.626829
   9    10  22527.917270  6.090761
  10     9  22550.721107  6.103294
  10    11  17490.412603  12.018778
  10    15  23650.208982  14.447023
  10    16  10714.941654  18.235837
  10    17  8248.370946  16.933673
  11     4  6526.890167  8.812917
  11    10  17400.092189  11.874917
  11    12  7572.231084  11.095973
  11    14  9567.201111  12.889043
  12     3  14187.931955  4.081041
  12    11  7607.807992  11.192421
  12    13  15718.288862  3.061041
  13    12  15836.600807  3.062900
  13    24  10560.941187  15.108667
  14    11  9499.137791  12.638774
  14    15  8894.387374  11.790377
  14    23  7807.123337  7.789347
  15    10  23461.536174  14.180683
  15    14  8949.047649  11.958843
  15    19  18356.495247  4.135427
  15    22  16700.922861  7.123232
  16     8  7878.061741  9.456674
  16    10  10862.763024  19.037823
  16    17  11229.521435  8.376603
  16    18  15163.331387  3.158599
  17    10  8302.346634  17.169819
  17    16  11281.007349  8.494353
  17    19  8864.899430  5.421409
  18     7  15597.937642  2.059193
  18    16  15354.115044  3.166733
  18    20  19401.798770  4.283399
  19    15  18634.691499  4.205838
  19    17  8970.361032  5.587149
  19    20  8382.299248  8.729532
  20    18  19634.761351  4.297257
  20    19  8765.957103  9.656696
  20    21  6533.324578  8.501540
  20    22  7249.369186  8.120896
  21    20  6388.610269  8.287158
  21    22  8195.933719  3.809415
  21    24  9783.649028  10.238200
  22    15  16188.714076  6.640200
  22    20  7910.703930  9.425262
  22    21  8084.068095  3.712633
  22    23  9248.080220  11.022271
  23    14  7684.399742  7.556640
  23    22  9285.340554  11.136127
  23    24  7898.411761  3.755236
  24    13  10579.253132  15.185914
  24    21  9750.800344  10.141479
  24    23  7812.948500  3.680492
