<METADATA>
<File Name> ./SiouxFalls/SiouxFalls_MIX_0.10_0.30_1.05_flow.txt
<Number of Links> 76
<theta | lambda> 0.100000 | 0.000000
<stoch | determ> 0.300000 | 0.700000
<distant tolerance> 1.050000
<optimal objective> 10219280.834306
<system cost> 17014255.835257

<LINKS>
~ Init node | Term node | Flow | Cost
   1     2  4359.633936  6.000722
   1     3  7709.754743  4.007066
   2     1  4361.689505  6.000724
   2     6  6213.919590  6.850267
   3     1  7707.699175  4.007059
   3     4  14693.206378  4.326260
   3    12  9875.089767  4.019019
   4     3  14653.839260  4.322778
   4     5  19438.506841  2.428324
   4    11  7468.598777  10.822677
   5     4  19419.413929  2.426644
   5     6  9090.593044  10.836014
   5     9  14253.911819  8.095976
   6     2  6215.975158  6.852716
   6     5  9083.044405  10.813336
   6     8  14127.925927  22.756368
   7     8  13569.036316  7.034066
   7    18  17022.182526  2.083958
   8     6  14122.432857  22.724106
   8     7  13506.315442  6.959994
   8     9  7679.962084  18.022239
   8    16  10755.081810  20.480616
   9     5  14242.367546  8.085958
   9     8  7607.023650  17.721797
   9    10  23499.504176  6.659452
  10     9  23515.021469  6.669127
  10    11  16954.736970  11.197628
  10    15  21858.081517  12.163280
  10    16  19180.016590  150.157017
  10    17  6296.659987  11.033879
  11     4  7548.324570  11.031923
  11    10  16796.535313  10.969529
  11    12  9057.896014  16.433764
  11    14  11788.042526  24.487179
  12     3  9912.401318  4.019308
  12    11  9033.046162  16.319737
  12    13  13117.869736  3.029611
  13    12  13230.331434  3.030640
  13    24  11051.736986  17.322129
  14    11  11834.416515  24.811471
  14    15  9110.069946  12.473372
  14    23  8679.812191  9.789506
  15    10  21849.911472  12.154071
  15    14  9154.728870  12.620995
  15    19  20585.232463  4.795656
  15    22  20352.786516  12.094344
  16     8  10759.806299  20.507835
  16    10  19250.014077  152.302326
  16    17  18951.374270  53.725799
  16    18  17101.730214  3.256615
  17    10  6308.551495  11.056863
  17    16  18946.365283  53.671135
  17    19  15787.385888  36.415229
  18     7  17084.903399  2.085202
  18    16  17181.461178  3.261434
  18    20  16330.679244  4.142248
  19    15  20714.454053  4.841170
  19    17  15794.268409  36.475282
  19    20  9894.471059  13.181969
  20    18  16373.131082  4.143733
  20    19  10030.575170  13.697702
  20    21  5589.891313  7.340553
  20    22  7092.313914  7.859106
  21    20  5411.575023  7.177512
  21    22  10634.308450  7.128394
  21    24  10974.471158  14.459390
  22    15  20160.053806  11.754727
  22    20  7349.186152  8.296366
  22    21  10533.390361  6.936477
  22    23  10286.509073  14.748387
  23    14  8681.527256  9.794083
  23    22  10249.730511  14.595489
  23    24  7533.352822  3.452546
  24    13  11064.198683  17.382317
  24    21  10897.072957  14.139521
  24    23  7498.289324  3.425691
