<METADATA>
<File Name> ./SiouxFalls/SiouxFalls_flow.txt
<Number of Links> 76
<Total Flows> 360600.000000
<System Cost> 7971056.671181
<Optimal Objective> 20617825.361497

<LINKS>
~ Init node | Term node | Flow | Cost
   1     2  5204.256981  6.001467
   1     3  8568.341943  4.010780
   2     1  5261.440633  6.001533
   2     6  6388.276075  7.066838
   3     1  8511.158291  4.010495
   3     4  14890.904351  4.344178
   3    12  11223.470038  4.031735
   4     3  14630.094034  4.320690
   4     5  18431.331614  2.346217
   4    11  7207.585555  10.183034
   5     4  18913.804331  2.383917
   5     6  8369.505148  8.911717
   5     9  16266.815212  10.251363
   6     2  6445.459727  7.141841
   6     5  8347.714508  8.860760
   6     8  12560.661322  14.968445
   7     8  13424.749890  6.865199
   7    18  15516.962161  2.057973
   8     6  12596.054333  15.115222
   8     7  13390.141478  6.825496
   8     9  7499.259880  17.293460
   8    16  8226.907149  10.300048
   9     5  16771.078570  10.933429
   9     8  7423.190033  17.001995
   9    10  21767.007841  5.693870
  10     9  22295.201351  5.965016
  10    11  17428.962144  11.920750
  10    15  23542.083693  14.293516
  10    16  11364.551605  22.014941
  10    17  8069.553819  16.183811
  11     4  6564.302521  8.877960
  11    10  17757.412457  12.457158
  11    12  8308.243930  13.385312
  11    14  9989.944303  14.567665
  12     3  11427.096703  4.034102
  12    11  8105.458704  12.690232
  12    13  14220.726587  3.040897
  13    12  14321.568026  3.042069
  13    24  11139.234960  17.749042
  14    11  9977.896809  14.516241
  14    15  9145.061747  12.589049
  14    23  8406.078748  9.093025
  15    10  23629.819559  14.418028
  15    14  9154.584404  12.620329
  15    19  18318.032054  4.125940
  15    22  17903.786190  8.445714
  16     8  8303.761596  10.500890
  16    10  11405.777695  22.277722
  16    17  12106.289020  10.613670
  16    18  17951.460044  3.311545
  17    10  8040.335060  16.065920
  17    16  12132.555437  10.688674
  17    19  10081.693302  7.723261
  18     7  15551.570573  2.058492
  18    16  18043.274165  3.317967
  18    20  19890.007658  4.313019
  19    15  18319.060922  4.126195
  19    17  10078.740959  7.716562
  19    20  9587.305982  12.093789
  20    18  19916.430190  4.314685
  20    19  9585.382507  12.087320
  20    21  6361.904799  8.249156
  20    22  8059.338397  9.767341
  21    20  6313.255191  8.181142
  21    22  9143.469873  4.802782
  21    24  9880.854750  10.530167
  22    15  17900.015845  8.441142
  22    20  8032.487063  9.704121
  22    21  9155.991569  4.818158
  22    23  9494.253705  11.800349
  23    14  8384.508596  9.040917
  23    22  9476.153722  11.741046
  23    24  9106.485436  5.101563
  24    13  11140.076399  17.753221
  24    21  9819.683445  10.345436
  24    23  9066.815301  5.047856
