<METADATA>
<File Name> ./SiouxFalls/SiouxFalls_MIX_0.50_0.80_1.30_flow.txt
<Number of Links> 76
<theta | lambda> 0.500000 | 0.000000
<stoch | determ> 0.800000 | 0.200000
<distant tolerance> 1.300000
<optimal objective> 7479903.349828
<system cost> 7626190.507038

<LINKS>
~ Init node | Term node | Flow | Cost
   1     2  5213.313932  6.001477
   1     3  8779.433244  4.011882
   2     1  5206.088013  6.001469
   2     6  6406.624143  7.090686
   3     1  8786.659163  4.011921
   3     4  14961.254670  4.350728
   3    12  11485.207963  4.034800
   4     3  15097.730278  4.363701
   4     5  18367.757748  2.341465
   4    11  6345.977309  8.513771
   5     4  18302.724905  2.336654
   5     6  8298.553672  8.747268
   5     9  16446.948705  10.487855
   6     2  6399.398224  7.081270
   6     5  8312.268214  8.778728
   6     8  12486.758844  14.665916
   7     8  13298.029263  6.721312
   7    18  15929.807216  2.064394
   8     6  12493.247468  14.692264
   8     7  13287.519950  6.709562
   8     9  7053.388092  15.707559
   8    16  7940.832051  9.600419
   9     5  16368.201320  10.383505
   9     8  7045.486455  15.682026
   9    10  21951.367655  5.786298
  10     9  21964.718632  5.793083
  10    11  17792.857508  12.516992
  10    15  23140.554060  13.742100
  10    16  11227.165822  21.159487
  10    17  7967.073096  15.775933
  11     4  6647.485760  9.026644
  11    10  17537.094476  12.094011
  11    12  7781.719369  11.683737
  11    14  9792.179684  13.755126
  12     3  11355.958273  4.033260
  12    11  7912.434265  12.075362
  12    13  13241.258044  3.030741
  13    12  13342.723250  3.031694
  13    24  10934.832117  16.767326
  14    11  9807.210207  13.815159
  14    15  9176.063886  12.692287
  14    23  8438.466370  9.171949
  15    10  23195.319397  13.815652
  15    14  9205.015012  12.789826
  15    19  18586.977379  4.193535
  15    22  18176.345555  8.784984
  16     8  7944.712999  9.609419
  16    10  11292.791063  21.564222
  16    17  11984.652342  10.272678
  16    18  16429.563650  3.218588
  17    10  8015.796527  15.967903
  17    16  11962.218171  10.210909
  17    19  10128.570083  7.830453
  18     7  15940.316528  2.064564
  18    16  16521.504010  3.223522
  18    20  18443.920067  4.231442
  19    15  18580.212138  4.191798
  19    17  10154.859342  7.891222
  19    20  9308.349763  11.192109
  20    18  18446.369740  4.231565
  20    19  9327.873781  11.252641
  20    21  6223.634917  8.059904
  20    22  7503.194787  8.581487
  21    20  6161.038117  7.978273
  21    22  9019.712700  4.654087
  21    24  9823.376605  10.356484
  22    15  18166.827259  8.772876
  22    20  7487.765279  8.552118
  22    21  9019.519114  4.653859
  22    23  9421.192465  11.563011
  23    14  8424.545768  9.137906
  23    22  9396.051075  11.482603
  23    24  8416.033973  4.262593
  24    13  10936.297323  16.774170
  24    21  9760.973392  10.171328
  24    23  8376.971980  4.220878
