<METADATA>
<File Name> ./SiouxFalls/SiouxFalls_MIX_0.50_0.30_1.30_flow.txt
<Number of Links> 76
<theta | lambda> 0.500000 | 0.000000
<stoch | determ> 0.300000 | 0.700000
<distant tolerance> 1.300000
<optimal objective> 3743996.114392
<system cost> 8335365.703952

<LINKS>
~ Init node | Term node | Flow | Cost
   1     2  5173.532964  6.001433
   1     3  8842.849827  4.012229
   2     1  5178.448237  6.001438
   2     6  6501.283377  7.217013
   3     1  8837.934554  4.012202
   3     4  14275.686898  4.290727
   3    12  10765.709253  4.026866
   4     3  14272.186573  4.290442
   4     5  18062.585519  2.319331
   4    11  6211.165682  8.306875
   5     4  18121.353285  2.323507
   5     6  8599.486867  9.474245
   5     9  16179.110934  10.139015
   6     2  6506.198650  7.223725
   6     5  8620.324422  9.527497
   6     8  12517.723533  14.792020
   7     8  13824.170469  7.346136
   7    18  15390.272096  2.056103
   8     6  12543.476361  14.897614
   8     7  13735.177341  7.235299
   8     9  6233.729924  13.482180
   8    16  8110.135523  10.005481
   9     5  16217.041145  10.187376
   9     8  6112.642965  13.219404
   9    10  22386.570785  6.013919
  10     9  22403.414037  6.022999
  10    11  17771.056679  12.480218
  10    15  24202.391781  15.263965
  10    16  12265.227257  28.441404
  10    17  6608.012849  11.679941
  11     4  6248.897592  8.363444
  11    10  17687.101505  12.339863
  11    12  8699.692675  14.878658
  11    14  9782.305665  13.715839
  12     3  10764.294304  4.026852
  12    11  8705.524836  14.902491
  12    13  13485.522555  3.033073
  13    12  13589.939767  3.034109
  13    24  11148.957384  17.797121
  14    11  9830.250240  13.907719
  14    15  9084.255320  12.389024
  14    23  8714.058396  9.881418
  15    10  24256.072287  15.346428
  15    14  9127.083164  12.529355
  15    19  19669.949621  4.496970
  15    22  18464.172908  9.160207
  16     8  8167.982182  10.149825
  16    10  12257.528843  28.380098
  16    17  13723.774583  16.224555
  16    18  14298.504138  3.125396
  17    10  6562.829183  11.580319
  17    16  13752.791729  16.345241
  17    19  11679.995021  12.310516
  18     7  15479.265224  2.057412
  18    16  14319.635238  3.126139
  18    20  16092.686304  4.134136
  19    15  19736.162276  4.517228
  19    17  11663.828502  12.253550
  19    20  9705.005516  12.498625
  20    18  16102.810532  4.134474
  20    19  9755.051651  12.675286
  20    21  6300.630895  8.163748
  20    22  7714.907251  9.003145
  21    20  6226.481516  8.063675
  21    22  8831.008577  4.438853
  21    24  9965.305574  10.790935
  22    15  18394.468603  9.067711
  22    20  7749.226993  9.074853
  22    21  8815.332920  4.421582
  22    23  9484.331803  11.767803
  23    14  8719.175127  9.895244
  23    22  9433.271584  11.601873
  23    24  8551.147536  4.411427
  24    13  11153.374596  17.819000
  24    21  9906.831851  10.609678
  24    23  8505.204047  4.360019
