<METADATA>
<File Name> ./SiouxFalls/SiouxFalls_MIX_0.50_0.20_1.30_flow.txt
<Number of Links> 76
<theta | lambda> 0.500000 | 0.000000
<stoch | determ> 0.200000 | 0.800000
<distant tolerance> 1.300000
<optimal objective> 3100407.086072
<system cost> 8693377.500515

<LINKS>
~ Init node | Term node | Flow | Cost
   1     2  5232.868686  6.001500
   1     3  8906.916181  4.012587
   2     1  5235.548960  6.001503
   2     6  6701.457760  7.502931
   3     1  8904.235906  4.012572
   3     4  13842.239799  4.256994
   3    12  10533.590780  4.024623
   4     3  13847.543646  4.257388
   4     5  17832.258742  2.303352
   4    11  6177.828177  8.257746
   5     4  17894.967233  2.307641
   5     6  8570.529628  9.400882
   5     9  15987.302677  9.899616
   6     2  6704.138034  7.506938
   6     5  8585.383929  9.438423
   6     8  12659.116031  15.379850
   7     8  14062.337763  7.653472
   7    18  16099.363361  2.067179
   8     6  12676.650607  15.454136
   8     7  14019.960383  7.597631
   8     9  6241.126046  13.498736
   8    16  8344.982202  10.610932
   9     5  16035.156866  9.958543
   9     8  6201.526134  13.410779
   9    10  22833.541600  6.261928
  10     9  22941.795878  6.324229
  10    11  17807.270896  12.541378
  10    15  24435.380077  15.625874
  10    16  13113.180995  35.934195
  10    17  5199.630146  9.410740
  11     4  6220.423533  8.320660
  11    10  17694.266196  12.351763
  11    12  8980.514685  16.081766
  11    14  9878.254776  14.102673
  12     3  10525.606659  4.024548
  12    11  8981.233899  16.084996
  12    13  13672.916621  3.034950
  13    12  13765.651714  3.035908
  13    24  11258.435514  18.347084
  14    11  9907.126217  14.221301
  14    15  9080.332992  12.376271
  14    23  8670.910754  9.765793
  15    10  24484.602962  15.703670
  15    14  9118.028589  12.499521
  15    19  20017.696858  4.605671
  15    22  18353.174031  9.013407
  16     8  8359.739310  10.650727
  16    10  13175.808858  36.548644
  16    17  13607.365740  15.748034
  16    18  14730.256062  3.141242
  17    10  5209.038376  9.420979
  17    16  13605.400834  15.740095
  17    19  12125.341157  13.975279
  18     7  16141.740741  2.067889
  18    16  14809.605939  3.144310
  18    20  15321.354516  4.110209
  19    15  20041.997919  4.613482
  19    17  12132.784481  14.004711
  19    20  9659.940619  12.341868
  20    18  15343.081773  4.110836
  20    19  9691.685004  12.452062
  20    21  6261.291481  8.110213
  20    22  7695.203069  8.962404
  21    20  6194.928128  8.022161
  21    22  8813.067956  4.419095
  21    24  9964.782844  10.789300
  22    15  18315.791452  8.964563
  22    20  7715.038064  9.003416
  22    21  8792.830369  4.396951
  22    23  9502.943363  11.828955
  23    14  8662.086599  9.742358
  23    22  9465.158193  11.705179
  23    24  8508.542308  4.363726
  24    13  11251.170607  18.310088
  24    21  9918.657077  10.646076
  24    23  8461.932982  4.312357
