<METADATA>
<File Name> ./SiouxFalls/SiouxFalls_MIX_0.20_1.00_0.50_0.50_1.50_flow.txt
<Number of Links> 76
<theta | lambda> 0.200000 | 1.000000
<stoch | determ> 0.500000 | 0.500000
<distant tolerance> 1.500000
<optimal objective> 8151563.852074
<system cost> 7449063.427273

<LINKS>
~ Init node | Term node | Flow | Cost
   1     2  6872.337792  6.004461
   1     3  10297.599366  4.022489
   2     1  6913.803874  6.004570
   2     6  6866.799609  7.759239
   3     1  10256.133284  4.022129
   3     4  16740.787047  4.549796
   3    12  14088.984664  4.078804
   4     3  16687.512221  4.542831
   4     5  18705.795623  2.367304
   4    11  6973.766831  9.666075
   5     4  18775.675030  2.372824
   5     6  7329.447880  6.888811
   5     9  16920.711920  11.148027
   6     2  6908.265691  7.826493
   6     5  7365.707656  6.946402
   6     8  12437.033355  14.465363
   7     8  13547.805963  7.008878
   7    18  15615.066410  2.059453
   8     6  12514.759213  14.779908
   8     7  13451.233300  6.895789
   8     9  7584.724938  17.631654
   8    16  8065.878742  9.897113
   9     5  16954.331550  11.197035
   9     8  7523.128465  17.386747
   9    10  22181.479662  5.904981
  10     9  22253.502818  5.942895
  10    11  17497.790780  12.030628
  10    15  23197.036240  13.817966
  10    16  10879.134096  19.128681
  10    17  8351.136759  17.387278
  11     4  6950.612598  9.617629
  11    10  17452.862618  11.958697
  11    12  7336.979333  10.491598
  11    14  9400.965892  12.287152
  12     3  14100.793408  4.079069
  12    11  7333.599877  10.483328
  12    13  15044.220896  3.051225
  13    12  15152.650184  3.052717
  13    24  10745.838372  15.907283
  14    11  9436.262954  12.412315
  14    15  8949.932719  11.961596
  14    23  8127.728551  8.451198
  15    10  23332.835867  14.002651
  15    14  8986.688282  12.076662
  15    19  18323.381852  4.127256
  15    22  17278.105562  7.723461
  16     8  8108.628411  10.001761
  16    10  10957.115786  19.567137
  16    17  11041.045614  7.959162
  16    18  18727.490183  3.369011
  17    10  8154.306761  16.533074
  17    16  11177.519037  8.259304
  17    19  8972.604242  5.590739
  18     7  15711.639073  2.060938
  18    16  18711.748117  3.367772
  18    20  20284.215333  4.338581
  19    15  18473.837615  4.164739
  19    17  8912.247668  5.495093
  19    20  9056.844654  10.445746
  20    18  20265.045931  4.337303
  20    19  9146.943842  10.706093
  20    21  6455.028592  8.383764
  20    22  7249.987878  8.121962
  21    20  6326.115798  8.198969
  21    22  8386.554689  3.983712
  21    24  9832.310410  10.383281
  22    15  17200.204990  7.638850
  22    20  7349.830457  8.297522
  22    21  8316.801643  3.918535
  22    23  9332.509189  11.282239
  23    14  8126.270049  8.448004
  23    22  9284.698150  11.134153
  23    24  8114.845427  3.955679
  24    13  10754.267660  15.944688
  24    21  9773.150663  10.207182
  24    23  8065.575886  3.908614
