<METADATA>
<File Name> ./SiouxFalls/SiouxFalls_MIX_0.10_0.30_2.00_flow.txt
<Number of Links> 76
<theta | lambda> 0.100000 | 0.000000
<stoch | determ> 0.300000 | 0.700000
<distant tolerance> 2.000000
<optimal objective> 8012734.111891
<system cost> 7612584.407672

<LINKS>
~ Init node | Term node | Flow | Cost
   1     2  7064.745917  6.004982
   1     3  10903.881191  4.028272
   2     1  7105.753112  6.005099
   2     6  6826.695097  7.695342
   3     1  10862.873996  4.027849
   3     4  17276.629556  4.623640
   3    12  13846.489363  4.073517
   4     3  17266.345146  4.622157
   4     5  19180.943287  2.406070
   4    11  6797.667546  9.309569
   5     4  19281.466650  2.414650
   5     6  7207.939378  6.701958
   5     9  17091.841918  11.400542
   6     2  6867.702292  7.760690
   6     5  7255.564886  6.774080
   6     8  12518.572414  14.795491
   7     8  13494.027083  6.945602
   7    18  15718.269770  2.061041
   8     6  12607.205116  15.161731
   8     7  13403.837205  6.841170
   8     9  7580.343552  17.614035
   8    16  8008.461619  9.759154
   9     5  17144.739773  11.480147
   9     8  7529.365426  17.411273
   9    10  23141.130214  6.441276
  10     9  23243.049943  6.502303
  10    11  17473.019198  11.990900
  10    15  23369.028234  14.052419
  10    16  10982.465075  19.711696
  10    17  8418.574108  17.694189
  11     4  6786.859773  9.288571
  11    10  17385.245424  11.851483
  11    12  7713.572823  11.487241
  11    14  9479.863211  12.568872
  12     3  13815.766578  4.072867
  12    11  7728.621145  11.530186
  12    13  15441.783048  3.056858
  13    12  15526.108585  3.058110
  13    24  10677.347089  15.606597
  14    11  9466.233343  12.519698
  14    15  8931.673685  11.904959
  14    23  7966.226710  8.107814
  15    10  23396.302206  14.090077
  15    14  8955.114571  11.977733
  15    19  18567.706458  4.188593
  15    22  16901.878493  7.325295
  16     8  8057.882570  9.877723
  16    10  11048.886365  20.095252
  16    17  11447.471582  8.886248
  16    18  17242.345847  3.265159
  17    10  8414.572349  17.675769
  17    16  11470.052489  8.940743
  17    19  9024.871990  5.675141
  18     7  15808.459648  2.062454
  18    16  17335.607181  3.270943
  18    20  20372.811769  4.344535
  19    15  18681.017147  4.217873
  19    17  9043.451137  5.705498
  19    20  9123.564239  10.637792
  20    18  20456.262982  4.350215
  20    19  9255.454075  11.030018
  20    21  6912.144870  9.134165
  20    22  7710.578920  8.994169
  21    20  6859.299270  9.039412
  21    22  8882.061578  4.495741
  21    24  9680.643715  9.938156
  22    15  16739.282661  7.161245
  22    20  7878.765569  9.354228
  22    21  8849.668665  4.459532
  22    23  9286.886020  11.140879
  23    14  7929.155956  8.031884
  23    22  9260.083924  11.058801
  23    24  8301.094619  4.141500
  24    13  10661.672626  15.538592
  24    21  9660.191028  9.879707
  24    23  8237.221770  4.076345
