<METADATA>
<File Name> ./SiouxFalls/SiouxFalls_MIX_0.02_0.50_1.05_flow.txt
<Number of Links> 76
<theta | lambda> 0.020000 | 0.000000
<stoch | determ> 0.500000 | 0.500000
<distant tolerance> 1.050000
<optimal objective> 53968640.023931
<system cost> 13228809.700237

<LINKS>
~ Init node | Term node | Flow | Cost
   1     2  6358.135025  6.003269
   1     3  10216.510390  4.021789
   2     1  6321.282537  6.003193
   2     6  7563.872469  9.062081
   3     1  10253.362878  4.022105
   3     4  16022.146459  4.461297
   3    12  13442.740975  4.065310
   4     3  16010.409822  4.459947
   4     5  20844.179206  2.566318
   4    11  8478.335902  14.008924
   5     4  20907.673032  2.573250
   5     6  8344.469128  8.853208
   5     9  16313.786291  10.312272
   6     2  7527.019981  8.983493
   6     5  8350.802230  8.867959
   6     8  13642.220910  20.045879
   7     8  15903.229993  10.611817
   7    18  19892.814026  2.156598
   8     6  13611.701523  19.884936
   8     7  15852.675107  10.515488
   8     9  9022.257656  25.279889
   8    16  9622.286311  14.918511
   9     5  16370.947015  10.387118
   9     8  8952.170388  24.810600
   9    10  24689.077568  7.458622
  10     9  24776.151025  7.521855
  10    11  17064.837184  11.360187
  10    15  24307.462659  15.425888
  10    16  15692.746489  69.496726
  10    17  7694.024801  14.763502
  11     4  8503.105438  14.102928
  11    10  16911.622569  11.134828
  11    12  9868.164722  20.698644
  11    14  11368.651378  21.723569
  12     3  13491.330100  4.066260
  12    11  9822.972308  20.431231
  12    13  14585.530049  3.045257
  13    12  14688.926760  3.046554
  13    24  11370.829403  18.928633
  14    11  11385.398713  21.828235
  14    15  9197.890183  12.765736
  14    23  9004.308317  10.705044
  15    10  24350.215543  15.492378
  15    14  9206.033294  12.793273
  15    19  20751.286179  4.854300
  15    22  21227.935535  13.762345
  16     8  9611.299307  14.873287
  16    10  15755.642956  70.553098
  16    17  16457.773755  31.419055
  16    18  17943.168014  3.310969
  17    10  7728.663522  14.886125
  17    16  16334.488779  30.547400
  17    19  14041.338781  23.534948
  18     7  19943.368912  2.158195
  18    16  18118.362453  3.323294
  18    20  21271.792834  4.409493
  19    15  20765.740910  4.859472
  19    17  13952.692526  22.996256
  19    20  9615.580409  12.189691
  20    18  21397.542159  4.419262
  20    19  9541.388886  11.939843
  20    21  8316.081276  12.566674
  20    22  10424.221968  18.342986
  21    20  8218.294896  12.263216
  21    22  10302.272528  6.517275
  21    24  10681.310489  13.283128
  22    15  21164.376797  13.634028
  22    20  10473.566149  18.597428
  22    21  10284.087852  6.485465
  22    23  10284.863541  14.741511
  23    14  9012.912542  10.730709
  23    22  10252.464309  14.606798
  23    24  8289.982867  4.130056
  24    13  11374.226114  18.946479
  24    21  10601.708785  12.980001
  24    23  8266.187860  4.105705
