<METADATA>
<File Name> ./SiouxFalls/SiouxFalls_MIX_0.50_0.30_2.00_flow.txt
<Number of Links> 76
<theta | lambda> 0.500000 | 0.000000
<stoch | determ> 0.300000 | 0.700000
<distant tolerance> 2.000000
<optimal objective> 3456696.777693
<system cost> 7326216.092068

<LINKS>
~ Init node | Term node | Flow | Cost
   1     2  6662.143167  6.003940
   1     3  10206.232869  4.021702
   2     1  6691.236193  6.004009
   2     6  6693.665638  7.491310
   3     1  10177.139842  4.021455
   3     4  17048.134515  4.591297
   3    12  13934.913610  4.075413
   4     3  17004.087773  4.585210
   4     5  18712.399602  2.367823
   4    11  6523.777189  8.807554
   5     4  18778.019037  2.373010
   5     6  7112.184889  6.561216
   5     9  16994.016773  11.255261
   6     2  6722.758664  7.534906
   6     5  7146.767099  6.611395
   6     8  12444.928475  14.497045
   7     8  13278.282352  6.699257
   7    18  14985.390240  2.050428
   8     6  12508.603711  14.754783
   8     7  13191.595033  6.603597
   8     9  7513.927919  17.350678
   8    16  7852.884972  9.399976
   9     5  17025.053998  11.301084
   9     8  7432.737208  17.038084
   9    10  22707.751328  6.190640
  10     9  22757.597842  6.218748
  10    11  17502.074249  12.037515
  10    15  23469.352196  14.191589
  10    16  10843.739379  18.932758
  10    17  8153.477451  16.529603
  11     4  6514.111013  8.790952
  11    10  17412.067952  11.893863
  11    12  7530.135798  10.983597
  11    14  9510.629796  12.680655
  12     3  13949.867325  4.075737
  12    11  7542.941525  11.017584
  12    13  15422.236734  3.056570
  13    12  15549.996176  3.058468
  13    24  10650.962876  15.492300
  14    11  9498.151596  12.635187
  14    15  8908.118687  11.832407
  14    23  7940.545207  8.055099
  15    10  23415.683459  14.116917
  15    14  8954.354012  11.975362
  15    19  18372.828038  4.139473
  15    22  16933.027806  7.357269
  16     8  7911.063599  9.531822
  16    10  10925.338711  19.387335
  16    17  10951.064747  7.767263
  16    18  16378.795018  3.215898
  17    10  8165.399668  16.579601
  17    16  10915.456589  7.692617
  17    19  8920.982480  5.508815
  18     7  15072.077559  2.051605
  18    16  16554.181134  3.225295
  18    20  19481.936619  4.288110
  19    15  18550.606010  4.184220
  19    17  8897.296539  5.471699
  19    20  8789.309075  9.717214
  20    18  19644.010054  4.297818
  20    19  8943.401106  10.128813
  20    21  6455.271907  8.384123
  20    22  7253.437929  8.127908
  21    20  6353.991089  8.237984
  21    22  8367.403324  3.965655
  21    24  9815.379599  10.332558
  22    15  16647.816424  7.071036
  22    20  7570.884214  8.712486
  22    21  8322.842856  3.924116
  22    23  9297.077770  11.172278
  23    14  7881.831681  7.936487
  23    22  9284.752204  11.134319
  23    24  8079.682753  3.922002
  24    13  10678.722318  15.612578
  24    21  9758.659249  10.164530
  24    23  8008.643661  3.855293
