<METADATA>
<File Name> ./SiouxFalls/SiouxFalls_MIX_0.02_0.50_1.15_flow.txt
<Number of Links> 76
<theta | lambda> 0.020000 | 0.000000
<stoch | determ> 0.500000 | 0.500000
<distant tolerance> 1.150000
<optimal objective> 53596383.152608
<system cost> 10991743.580259

<LINKS>
~ Init node | Term node | Flow | Cost
   1     2  6376.282756  6.003306
   1     3  10123.546902  4.021007
   2     1  6446.861556  6.003455
   2     6  7625.791449  9.196734
   3     1  10052.968102  4.020427
   3     4  17222.763258  4.615899
   3    12  13961.845763  4.075998
   4     3  16871.779698  4.567207
   4     5  21430.008675  2.632719
   4    11  8054.519245  12.523643
   5     4  21185.134998  2.604291
   5     6  9040.023695  10.685168
   5     9  17286.217545  11.696705
   6     2  7696.370249  9.354272
   6     5  8962.011493  10.457376
   6     8  13340.475035  18.501480
   7     8  15574.522719  10.001739
   7    18  19066.349865  2.132151
   8     6  13333.041633  18.464732
   8     7  15872.667211  10.553472
   8     9  9234.014658  26.765694
   8    16  9246.410968  13.457191
   9     5  17119.356070  11.441855
   9     8  9297.066614  27.228326
   9    10  24172.891738  7.097280
  10     9  24169.082218  7.094698
  10    11  17348.036784  11.793015
  10    15  23750.118310  14.590667
  10    16  13888.065836  44.178232
  10    17  7331.457927  13.575948
  11     4  8048.409363  12.503871
  11    10  17228.218279  11.607280
  11    12  9921.109254  21.016635
  11    14  10598.329777  17.386440
  12     3  14242.250523  4.082290
  12    11  9678.264728  19.599461
  12    13  13800.366759  3.036271
  13    12  13937.926993  3.037739
  13    24  11216.339420  18.133705
  14    11  10815.245915  18.516469
  14    15  9026.515539  12.202948
  14    23  8255.603718  8.738005
  15    10  24326.018031  15.454702
  15    14  8976.376775  12.044238
  15    19  19513.947732  4.450042
  15    22  18792.609615  9.610347
  16     8  9474.070103  14.321370
  16    10  13700.931414  42.056086
  16    17  15348.033282  24.251296
  16    18  17516.124049  3.282406
  17    10  6958.701613  12.525537
  17    16  15378.977512  24.431288
  17    19  12600.460405  15.965466
  18     7  18768.205373  2.124077
  18    16  17525.704532  3.283024
  18    20  21516.283354  4.428646
  19    15  18957.280204  4.291529
  19    17  12258.648321  14.510657
  19    20  10314.918173  14.844978
  20    18  21127.719345  4.398511
  20    19  9416.438561  11.532033
  20    21  8395.657685  12.821650
  20    22  9448.231292  14.004933
  21    20  8114.331561  11.952255
  21    22  9619.128838  5.433107
  21    24  10306.468906  11.913878
  22    15  19775.038099  11.104854
  22    20  8342.513795  10.473513
  22    21  9538.620731  5.319607
  22    23  10051.676524  13.799981
  23    14  8522.658621  9.381465
  23    22  9847.879403  13.029051
  23    24  8562.487110  4.424244
  24    13  11253.899654  18.323977
  24    21  10105.650890  11.239185
  24    23  8625.744891  4.496681
