<METADATA>
<File Name> ./SiouxFalls/SiouxFalls_MIX_0.02_0.20_1.10_flow.txt
<Number of Links> 76
<theta | lambda> 0.020000 | 0.000000
<stoch | determ> 0.200000 | 0.800000
<distant tolerance> 1.100000
<optimal objective> 21598101.372001
<system cost> 18849979.280815

<LINKS>
~ Init node | Term node | Flow | Cost
   1     2  4364.613372  6.000726
   1     3  7477.810934  4.006254
   2     1  4381.466882  6.000737
   2     6  6474.669315  7.180932
   3     1  7460.957424  4.006197
   3     4  14744.044942  4.330799
   3    12  10174.492962  4.021433
   4     3  14717.394987  4.328414
   4     5  20950.910736  2.578007
   4    11  7417.585588  10.692259
   5     4  20944.729773  2.577325
   5     6  11028.747947  18.809450
   5     9  15634.695619  9.481454
   6     2  6491.522824  7.203729
   6     5  11029.435152  18.813141
   6     8  14303.450989  23.807258
   7     8  12841.291423  6.235801
   7    18  15905.648912  2.064004
   8     6  14320.991703  23.914426
   8     7  12776.676321  6.171163
   8     9  6861.918410  15.112596
   8    16  10800.588862  20.744291
   9     5  15627.827451  9.473585
   9     8  6819.347547  14.986899
   9    10  21902.371051  5.761505
  10     9  21952.932020  5.787092
  10    11  15859.086950  9.744320
  10    15  19572.150736  9.962032
  10    16  19663.857460  165.472521
  10    17  3806.547221  8.405212
  11     4  7497.116596  10.896759
  11    10  15627.000572  9.472638
  11    12  8407.961364  13.746304
  11    14  12444.264784  29.444408
  12     3  10184.289407  4.021516
  12    11  8375.451596  13.627191
  12    13  12455.019917  3.024065
  13    12  12532.306595  3.024667
  13    24  10978.612604  16.973026
  14    11  12424.219182  29.280858
  14    15  8883.549343  11.757341
  14    23  7634.939954  7.465953
  15    10  19677.791983  10.048268
  15    14  8890.953729  11.779898
  15    19  20845.256794  4.888117
  15    22  21329.429059  13.969651
  16     8  10796.085337  20.718047
  16    10  19739.264042  167.963651
  16    17  20051.504018  66.823457
  16    18  15485.600461  3.172518
  17    10  3808.146738  8.405893
  17    16  20187.930626  68.605729
  17    19  16426.323193  42.333993
  18     7  15970.264014  2.065050
  18    16  15420.076909  3.169616
  18    20  16408.726535  4.144987
  19    15  20831.057049  4.882978
  19    17  16564.349319  43.706840
  19    20  9689.580132  12.444722
  20    18  16307.818086  4.141453
  20    19  9813.406512  12.884739
  20    21  6715.703211  8.792779
  20    22  7338.711928  8.277614
  21    20  6613.268470  8.626244
  21    22  10460.467407  6.801188
  21    24  10959.660127  14.397653
  22    15  21356.674438  14.025807
  22    20  7364.064600  8.323141
  22    21  10394.695589  6.681569
  22    23  11070.981837  18.421678
  23    14  7607.489966  7.416376
  23    22  11057.808070  18.353157
  23    24  7823.911987  3.689944
  24    13  10955.899282  16.866001
  24    21  10922.997203  14.245904
  24    23  7783.288232  3.655118
