<METADATA>
<File Name> ./SiouxFalls/SiouxFalls_MIX_0.50_0.50_1.40_flow.txt
<Number of Links> 76
<theta | lambda> 0.500000 | 0.000000
<stoch | determ> 0.500000 | 0.500000
<distant tolerance> 1.400000
<optimal objective> 5072025.300194
<system cost> 7561263.832397

<LINKS>
~ Init node | Term node | Flow | Cost
   1     2  5288.905312  6.001565
   1     3  8922.643816  4.012677
   2     1  5285.252186  6.001561
   2     6  6684.601293  7.477843
   3     1  8926.296941  4.012697
   3     4  14321.220432  4.294454
   3    12  11034.001056  4.029646
   4     3  14331.738342  4.295320
   4     5  18200.820594  2.329219
   4    11  6163.802509  8.237312
   5     4  18260.098023  2.333529
   5     6  8202.639942  8.531570
   5     9  16405.452182  10.432679
   6     2  6680.948167  7.472431
   6     5  8233.838444  8.600907
   6     8  12624.886923  15.235724
   7     8  13627.461345  7.103995
   7    18  16189.071600  2.068689
   8     6  12652.432299  15.351615
   8     7  13578.386390  7.045196
   8     9  6410.928987  13.895320
   8    16  8075.488549  9.920493
   9     5  16433.531109  10.469969
   9     8  6360.559271  13.774336
   9    10  21050.528699  5.356315
  10     9  21128.237910  5.391302
  10    11  17561.198349  12.133093
  10    15  23572.407051  14.336418
  10    16  11107.650649  20.440408
  10    17  8182.485791  16.651638
  11     4  6215.042990  8.312641
  11    10  17419.917417  11.906303
  11    12  8296.813040  13.344748
  11    14  9672.495673  13.286874
  12     3  11027.136272  4.029572
  12    11  8312.280553  13.399672
  12    13  13560.936867  3.033819
  13    12  13669.539596  3.034915
  13    24  11024.509051  17.191327
  14    11  9666.987709  13.265739
  14    15  9096.180878  12.427901
  14    23  8435.701533  9.165174
  15    10  23563.375176  14.323649
  15    14  9148.291048  12.599581
  15    19  18611.556118  4.199860
  15    22  17902.567285  8.444238
  16     8  8104.328685  9.991161
  16    10  11154.759672  20.721092
  16    17  11221.384255  8.358140
  16    18  16172.880442  3.205244
  17    10  8263.398786  16.998957
  17    16  11160.554034  8.221389
  17    19  10506.897493  8.751616
  18     7  16238.146556  2.069526
  18    16  16309.659823  3.212276
  18    20  18167.313014  4.217868
  19    15  18684.452683  4.218769
  19    17  10526.980267  8.803384
  19    20  9092.256421  10.547149
  20    18  18253.167350  4.222015
  20    19  9185.235760  10.819095
  20    21  6460.808090  8.392312
  20    22  7485.873672  8.548529
  21    20  6404.653873  8.310219
  21    22  8698.988703  4.296251
  21    24  9855.700288  10.453788
  22    15  17772.749015  8.288035
  22    20  7620.861564  8.811490
  22    21  8688.135234  4.284813
  22    23  9452.478904  11.663975
  23    14  8378.083399  9.025496
  23    22  9446.795058  11.645558
  23    24  8073.371291  3.916003
  24    13  11033.111780  17.232550
  24    21  9810.399540  10.317688
  24    23  8010.069310  3.856614
