<METADATA>
<File Name> ./SiouxFalls/SiouxFalls_MIX_0.20_1.00_0.00_1.00_1.20_flow.txt
<Number of Links> 76
<theta | lambda> 0.200000 | 1.000000
<stoch | determ> 0.000000 | 1.000000
<distant tolerance> 1.200000
<optimal objective> 2720213.485094
<system cost> 13601067.425468

<LINKS>
~ Init node | Term node | Flow | Cost
   1     2  3818.586698  6.000425
   1     3  6581.401051  4.003752
   2     1  3818.586698  6.000425
   2     6  6018.598949  6.628371
   3     1  6581.401051  4.003752
   3     4  10929.265945  4.099876
   3    12  6973.669956  4.004730
   4     3  10953.267020  4.100756
   4     5  16561.021987  2.225668
   4    11  6637.985848  9.009380
   5     4  16580.280763  2.226719
   5     6  10686.023276  17.052645
   5     9  12174.941538  6.647892
   6     2  6018.598949  6.628371
   6     5  10705.282051  17.146996
   6     8  14384.087101  24.303188
   7     8  9473.112945  3.958336
   7    18  14713.261767  2.046864
   8     6  14403.345876  24.422874
   8     7  9453.854169  3.950567
   8     9  1399.987749  10.008858
   8    16  10400.104136  18.535806
   9     5  12174.941538  6.647892
   9     8  1399.987749  10.008858
   9    10  19175.002795  4.622269
  10     9  19275.002795  4.656376
  10    11  18867.060192  14.503382
  10    15  24383.019876  15.543633
  10    16  17700.214398  110.007810
  10    17  2199.955078  8.045208
  11     4  6742.728147  9.203866
  11    10  18673.168149  14.118708
  11    12  9299.615789  17.592890
  11    14  10729.455917  18.061323
  12     3  6949.668882  4.004665
  12    11  9299.615789  17.592890
  12    13  11933.510771  3.020280
  13    12  12009.509696  3.020802
  13    24  12503.320719  25.824934
  14    11  10740.306173  18.118288
  14    15  9466.130985  13.712038
  14    23  9102.402046  11.002034
  15    10  24476.899669  15.691464
  15    14  9470.294778  13.727377
  15    19  21423.752343  5.106600
  15    22  19302.071750  10.356844
  16     8  10400.104136  18.535806
  16    10  17800.226650  112.424115
  16    17  17000.683135  35.497305
  16    18  13000.022461  3.085684
  17    10  2199.955078  8.045208
  17    16  17000.683135  35.497305
  17    19  14400.638214  25.825209
  18     7  14732.520542  2.047109
  18    16  13100.034712  3.088351
  18    20  14412.750150  4.086301
  19    15  21443.013652  5.114186
  19    17  14400.638214  25.825209
  19    20  9747.913194  12.649921
  20    18  14432.021177  4.086764
  20    19  9767.174503  12.718490
  20    21  7025.878492  9.345593
  20    22  7407.069630  8.401450
  21    20  6952.288882  9.207612
  21    22  9202.801825  4.876237
  21    24  10349.012648  12.061973
  22    15  19280.854026  10.324550
  22    20  7419.191575  8.423772
  22    21  9132.638789  4.789520
  22    23  9914.764921  13.276858
  23    14  9109.088510  11.022631
  23    22  9835.506107  12.983759
  23    24  8856.944430  4.775315
  24    13  12479.319644  25.657838
  24    21  10345.586074  12.049977
  24    23  8784.372078  4.685465
