<METADATA>
<File Name> ./SiouxFalls/SiouxFalls_MIX_0.02_0.90_1.25_flow.txt
<Number of Links> 76
<theta | lambda> 0.020000 | 0.000000
<stoch | determ> 0.100000 | 0.900000
<distant tolerance> 1.250000
<optimal objective> 9723865.096125
<system cost> 10691860.066964

<LINKS>
~ Init node | Term node | Flow | Cost
   1     2  4156.609932  6.000597
   1     3  7310.833516  4.005713
   2     1  4249.993762  6.000653
   2     6  5979.599503  6.586573
   3     1  7217.449686  4.005427
   3     4  13100.186251  4.206162
   3    12  8444.785617  4.010171
   4     3  12960.535544  4.197510
   4     5  19251.177567  2.412051
   4    11  7265.157182  10.318290
   5     4  19058.433687  2.395795
   5     6  10697.544453  17.109028
   5     9  14678.935889  8.482087
   6     2  6072.983333  6.688030
   6     5  10361.773643  15.539061
   6     8  13970.377757  21.845878
   7     8  13702.576013  7.195231
   7    18  17601.166953  2.095977
   8     6  13727.990777  20.504001
   8     7  13798.567008  7.314027
   8     9  4676.487765  11.102906
   8    16  8190.390314  10.206570
   9     5  14821.962819  8.619796
   9     8  4591.857820  11.025210
   9    10  21282.828999  5.462060
  10     9  21441.225985  5.536178
  10    11  18066.910239  12.990921
  10    15  24523.430095  15.765368
  10    16  15316.666670  63.440274
  10    17  4465.169825  8.767201
  11     4  7418.250355  10.693941
  11    10  17861.279258  12.633285
  11    12  8846.701573  15.494174
  11    14  9912.345263  14.242856
  12     3  8491.052495  4.010396
  12    11  8848.207044  15.500639
  12    13  12641.255877  3.025536
  13    12  12789.028225  3.026752
  13    24  11886.091082  21.824103
  14    11  9958.301984  14.434137
  14    15  9233.295683  12.885999
  14    23  8954.242533  10.557157
  15    10  24675.941319  16.010567
  15    14  9270.050571  13.012318
  15    19  21215.231834  5.025775
  15    22  18838.563307  9.675242
  16     8  8128.624272  10.051281
  16    10  15432.922046  65.265560
  16    17  14918.519734  21.863113
  16    18  14775.099466  3.142969
  17    10  4460.431192  8.763950
  17    16  14925.520176  21.900422
  17    19  13447.640603  20.117328
  18     7  17505.175959  2.093900
  18    16  14822.588358  3.144816
  18    20  15708.829848  4.121788
  19    15  21305.461175  5.060458
  19    17  13449.902412  20.129520
  19    20  10028.496717  13.689667
  20    18  15560.327745  4.117248
  20    19  10120.987867  14.052108
  20    21  7505.247051  10.356428
  20    22  8276.142524  10.301397
  21    20  7391.027125  10.097224
  21    22  9256.429578  4.943868
  21    24  10132.953483  11.328586
  22    15  18837.600078  9.673876
  22    20  8234.351498  10.195126
  22    21  9234.148439  4.915626
  22    23  9641.156830  12.294454
  23    14  8963.444366  10.584152
  23    22  9576.121435  12.072904
  23    24  8926.232030  4.863184
  24    13  11933.863430  22.112388
  24    21  10041.014696  11.030406
  24    23  8870.398469  4.792216
