<METADATA>
<File Name> ./SiouxFalls/SiouxFalls_MIX_0.02_0.10_2.00_flow.txt
<Number of Links> 76
<theta | lambda> 0.020000 | 0.000000
<stoch | determ> 0.100000 | 0.900000
<distant tolerance> 2.000000
<optimal objective> 8919416.098102
<system cost> 7637231.918074

<LINKS>
~ Init node | Term node | Flow | Cost
   1     2  7345.175987  6.005822
   1     3  11117.393914  4.030552
   2     1  7365.599316  6.005887
   2     6  6774.854660  7.614398
   3     1  11096.970585  4.030328
   3     4  17767.458338  4.697588
   3    12  14285.875132  4.083302
   4     3  17762.300026  4.696779
   4     5  19379.857907  2.423179
   4    11  6703.893154  9.130690
   5     4  19464.650816  2.430633
   5     6  7077.349834  6.511405
   5     9  17089.458454  11.396972
   6     2  6795.277989  7.646066
   6     5  7110.564708  6.558883
   6     8  12652.210169  15.350678
   7     8  13541.697807  7.001653
   7    18  15446.895466  2.056933
   8     6  12705.848372  15.578519
   8     7  13468.642076  6.915996
   8     9  7690.329528  18.065645
   8    16  8003.294064  9.746882
   9     5  17141.036489  11.474550
   9     8  7644.589890  17.875463
   9    10  23120.607596  6.429085
  10     9  23226.445993  6.492306
  10    11  17593.539731  12.185784
  10    15  23448.828043  14.162972
  10    16  11085.716146  20.310932
  10    17  8422.686740  17.713146
  11     4  6713.941933  9.149503
  11    10  17461.404520  11.972330
  11    12  7695.568046  11.436188
  11    14  9504.469547  12.658186
  12     3  14270.610116  4.082947
  12    11  7698.339680  11.444023
  12    13  15728.576182  3.061201
  13    12  15816.082800  3.062574
  13    24  10638.051157  15.436674
  14    11  9479.611479  12.567962
  14    15  8985.580618  12.073174
  14    23  7775.691204  7.728689
  15    10  23443.476100  14.155523
  15    14  8991.531704  12.091930
  15    19  19101.636009  4.331319
  15    22  16510.183034  6.938070
  16     8  8029.616174  9.809639
  16    10  11128.297153  20.562985
  16    17  11084.883067  8.054368
  16    18  16278.212715  3.210644
  17    10  8523.431285  18.186270
  17    16  11053.781857  7.986706
  17    19  8674.321054  5.136547
  18     7  15519.951197  2.058018
  18    16  16378.217042  3.215868
  18    20  20133.457010  4.328627
  19    15  19135.695241  4.340840
  19    17  8743.964390  5.238495
  19    20  9207.450671  10.885304
  20    18  20206.517067  4.333423
  20    19  9311.153238  11.200778
  20    21  6895.834555  9.104687
  20    22  8010.488838  9.652801
  21    20  6850.363671  9.023605
  21    22  8629.695160  4.223956
  21    24  9777.717772  10.220663
  22    15  16376.722946  6.812272
  22    20  8132.722346  9.943360
  22    21  8616.370915  4.210253
  22    23  9336.337004  11.294194
  23    14  7744.882050  7.669944
  23    22  9311.786180  11.217773
  23    24  8194.199378  4.033306
  24    13  10625.557775  15.383044
  24    21  9745.571132  10.126172
  24    23  8138.839400  3.978912
