<METADATA>
<File Name> ./SiouxFalls/SiouxFalls_MIX_0.02_0.90_1.30_flow.txt
<Number of Links> 76
<theta | lambda> 0.020000 | 0.000000
<stoch | determ> 0.100000 | 0.900000
<distant tolerance> 1.300000
<optimal objective> 9589480.366204
<system cost> 10103974.840439

<LINKS>
~ Init node | Term node | Flow | Cost
   1     2  5570.700771  6.001926
   1     3  9358.587936  4.015342
   2     1  5584.676775  6.001945
   2     6  6950.054301  7.895507
   3     1  9344.611933  4.015250
   3     4  13136.821371  4.208478
   3    12  9792.152226  4.018388
   4     3  13104.575449  4.206438
   4     5  17654.073798  2.291408
   4    11  6196.766766  8.285558
   5     4  17662.124603  2.291940
   5     6  8857.397308  10.161105
   5     9  15416.045873  9.235974
   6     2  6964.030304  7.918868
   6     5  8896.586969  10.270870
   6     8  12990.158341  16.835272
   7     8  13659.998982  7.143331
   7    18  16234.036595  2.069455
   8     6  13043.324006  17.079636
   8     7  13684.572250  7.173226
   8     9  5372.070167  11.920552
   8    16  8113.419667  10.013594
   9     5  15384.907017  9.201852
   9     8  5479.522725  12.078884
   9    10  22229.463342  5.930199
  10     9  22405.777044  6.024275
  10    11  18155.197420  13.148265
  10    15  24525.089806  15.768012
  10    16  15256.258005  62.508081
  10    17  5217.690451  9.430443
  11     4  6256.470039  8.374921
  11    10  18022.855371  12.913264
  11    12  9420.240534  18.206177
  11    14  9893.532250  14.165316
  12     3  9810.422144  4.018526
  12    11  9413.607269  18.171833
  12    13  13276.417702  3.031069
  13    12  13388.054354  3.032127
  13    24  11346.985858  18.803810
  14    11  9927.526740  14.305751
  14    15  9247.152141  12.933444
  14    23  8652.326345  9.716520
  15    10  24510.310331  15.744488
  15    14  9334.569337  13.237717
  15    19  20526.578704  4.775278
  15    22  18220.675999  8.841627
  16     8  8083.706041  9.940551
  16    10  15435.248218  65.302506
  16    17  14426.423061  19.369168
  16    18  14284.037606  3.124889
  17    10  5262.135465  9.479808
  17    16  14391.278805  19.200534
  17    19  12881.118806  17.251906
  18     7  16209.463328  2.069036
  18    16  14468.458449  3.131465
  18    20  14615.896711  4.091271
  19    15  20511.585971  4.770097
  19    17  12890.419564  17.296004
  19    20  9942.821379  13.362764
  20    18  14675.744286  4.092775
  20    19  9937.129404  13.341342
  20    21  6809.956607  8.952894
  20    22  8230.219838  10.184707
  21    20  6762.573891  8.871565
  21    22  9034.236737  4.671224
  21    24  10118.845992  11.282301
  22    15  18208.306452  8.825780
  22    20  8231.758154  10.188584
  22    21  9037.553873  4.675149
  22    23  9598.784546  12.149598
  23    14  8598.903639  9.576639
  23    22  9591.270451  12.124110
  23    24  8610.002959  4.478505
  24    13  11358.622511  18.864631
  24    21  10068.146140  11.117553
  24    23  8549.066159  4.409080
