<METADATA>
<File Name> ./SiouxFalls/SiouxFalls_MIX_0.02_0.20_1.20_flow.txt
<Number of Links> 76
<theta | lambda> 0.020000 | 0.000000
<stoch | determ> 0.200000 | 0.800000
<distant tolerance> 1.200000
<optimal objective> 19788487.540063
<system cost> 10871945.600741

<LINKS>
~ Init node | Term node | Flow | Cost
   1     2  4364.552557  6.000726
   1     3  7672.236017  4.006930
   2     1  4381.901460  6.000737
   2     6  6083.978132  6.700287
   3     1  7654.887114  4.006867
   3     4  14603.991625  4.318408
   3    12  9670.992358  4.017495
   4     3  14653.886793  4.322782
   4     5  20144.886872  2.494061
   4    11  7583.693423  11.126899
   5     4  20164.259389  2.495964
   5     6  9963.107804  13.863099
   5     9  15879.836008  9.769198
   6     2  6101.327035  6.719765
   6     5  9904.278991  13.632201
   6     8  13352.519387  18.561154
   7     8  13549.927378  7.011389
   7    18  17471.178873  2.093173
   8     6  13311.039476  18.356320
   8     7  13454.290112  6.899331
   8     9  6842.898679  15.056148
   8    16  9388.237006  13.988134
   9     5  15958.037339  9.863839
   9     8  6714.980471  14.688547
   9    10  22259.809194  5.946232
  10     9  22310.092317  5.972944
  10    11  17679.574203  12.327376
  10    15  24392.260007  15.558108
  10    16  15434.652693  65.293046
  10    17  4688.032433  8.932223
  11     4  7714.216073  11.489072
  11    10  17489.734659  12.017689
  11    12  8418.518323  13.785282
  11    14  10136.827889  15.202725
  12     3  9603.748288  4.017013
  12    11  8416.614139  13.778241
  12    13  13054.016528  3.029039
  13    12  13084.868274  3.029314
  13    24  11681.305782  20.627120
  14    11  10179.415179  15.392176
  14    15  9332.842060  13.231622
  14    23  8837.179967  10.220925
  15    10  24463.659060  15.670511
  15    14  9410.456846  13.508883
  15    19  21026.508661  4.954648
  15    22  18717.821388  9.505745
  16     8  9379.038036  13.952958
  16    10  15516.806264  66.608472
  16    17  15184.097852  23.315737
  16    18  14581.959216  3.135639
  17    10  4674.602476  8.921586
  17    16  15163.739115  23.201646
  17    19  12920.417984  17.438888
  18     7  17566.816139  2.095230
  18    16  14675.272554  3.139144
  18    20  15839.500943  4.125891
  19    15  21166.881105  5.007370
  19    17  12886.629291  17.278021
  19    20  10280.585153  14.701308
  20    18  15928.451547  4.128743
  20    19  10387.168903  15.152039
  20    21  7654.661148  10.713835
  20    22  8847.490819  11.924030
  21    20  7745.838102  10.942472
  21    22  9178.229864  4.845641
  21    24  10230.747184  11.654789
  22    15  18626.462783  9.379658
  22    20  8851.848220  11.937680
  22    21  9274.110662  4.966426
  22    23  9745.137330  12.658110
  23    14  8802.152471  10.122880
  23    22  9754.016924  12.689709
  23    24  8868.273842  4.789542
  24    13  11612.157527  20.236901
  24    21  10226.043340  11.638883
  24    23  8842.125941  4.756788
