<METADATA>
<File Name> ./SiouxFalls/SiouxFalls_MIX_0.02_0.80_1.20_flow.txt
<Number of Links> 76
<theta | lambda> 0.020000 | 0.000000
<stoch | determ> 0.800000 | 0.200000
<distant tolerance> 1.200000
<optimal objective> 90897692.579862
<system cost> 10784301.261575

<LINKS>
~ Init node | Term node | Flow | Cost
   1     2  7453.139827  6.006171
   1     3  13062.102555  4.058221
   2     1  7676.053899  6.006944
   2     6  7581.252979  9.099546
   3     1  12839.188482  4.054348
   3     4  20819.462297  5.315152
   3    12  17524.630951  4.188636
   4     3  19567.387642  5.026194
   4     5  19724.483875  2.454092
   4    11  9702.147888  19.734197
   5     4  20706.824025  2.551538
   5     6  8395.887787  8.973940
   5     9  16566.454824  10.649104
   6     2  7804.167052  9.603393
   6     5  8379.056179  8.934174
   6     8  13550.885226  19.567436
   7     8  15019.471892  9.055718
   7    18  18717.432393  2.122740
   8     6  13756.967690  20.660728
   8     7  14547.292903  8.329368
   8     9  9527.919913  29.004292
   8    16  10552.438028  19.346455
   9     5  17565.626581  12.140290
   9     8  9143.916700  26.120865
   9    10  23325.157906  6.552054
  10     9  24040.326450  7.008138
  10    11  17790.438221  12.512904
  10    15  25290.604748  17.045888
  10    16  12022.622745  26.564236
  10    17  8449.909801  17.839332
  11     4  7567.733084  11.083876
  11    10  18649.224517  14.072028
  11    12  10157.409417  22.499224
  11    14  10318.260707  16.026559
  12     3  18553.791533  4.237007
  12    11  9220.872911  17.205206
  12    13  15461.218571  3.057145
  13    12  15653.842647  3.060046
  13    24  10941.198114  16.797083
  14    11  10079.168704  14.950003
  14    15  9425.089038  13.561928
  14    23  9097.019370  10.985486
  15    10  25289.583683  17.044104
  15    14  9293.854334  13.094932
  15    19  19268.913570  4.378570
  15    22  19083.278628  10.028908
  16     8  10670.344717  19.998477
  16    10  11856.375287  25.341823
  16    17  13270.292641  14.435589
  16    18  23095.005790  3.853480
  17    10  8373.560573  17.488509
  17    16  13341.369316  14.704161
  17    19  9966.736943  7.466656
  18     7  19189.611382  2.135602
  18    16  22975.588346  3.835964
  18    20  20569.039044  4.358002
  19    15  19040.152325  4.314261
  19    17  9961.464390  7.455097
  19    20  10272.138516  14.666182
  20    18  20821.800588  4.375927
  20    19  10038.104719  13.726854
  20    21  9889.468387  19.132951
  20    22  8679.210437  11.412086
  21    20  9648.213665  17.897568
  21    22  12483.136399  11.737315
  21    24  9011.784277  8.210390
  22    15  19079.784104  10.023761
  22    20  8839.192906  11.898091
  22    21  12375.134063  11.404680
  22    23  9690.440005  12.465356
  23    14  8989.162071  10.660043
  23    22  9738.925614  12.636056
  23    24  10741.244244  8.003367
  24    13  11033.822190  17.235958
  24    21  8878.531891  7.908985
  24    23  10681.872554  7.871730
