<METADATA>
<File Name> ./SiouxFalls/SiouxFalls_MIX_0.10_0.20_1.05_flow.txt
<Number of Links> 76
<theta | lambda> 0.100000 | 0.000000
<stoch | determ> 0.200000 | 0.800000
<distant tolerance> 1.050000
<optimal objective> 9322104.942944
<system cost> 24864616.948757

<LINKS>
~ Init node | Term node | Flow | Cost
   1     2  4284.134213  6.000674
   1     3  7440.408942  4.006129
   2     1  4292.502871  6.000679
   2     6  6312.361797  6.970332
   3     1  7432.040284  4.006102
   3     4  13954.689334  4.265448
   3    12  9264.149173  4.014732
   4     3  13983.377616  4.267637
   4     5  18908.575299  2.383492
   4    11  7434.065557  10.734098
   5     4  18959.403396  2.387632
   5     6  9494.806358  12.135393
   5     9  13166.097147  7.253666
   6     2  6320.730456  6.980801
   6     5  9496.997667  12.142906
   6     8  14788.452022  26.918884
   7     8  12273.146093  5.700042
   7    18  16119.965054  2.067524
   8     6  14799.011990  26.990136
   8     7  12232.945359  5.664840
   8     9  6468.208821  14.036411
   8    16  11946.244672  28.564541
   9     5  13214.733935  7.287152
   9     8  6437.971445  13.961462
   9    10  21656.341532  5.639500
  10     9  21774.740945  5.697697
  10    11  17166.589696  11.513244
  10    15  19763.930132  10.119619
  10    16  21920.000048  253.336557
  10    17  4635.718102  8.891303
  11     4  7511.925741  10.935565
  11    10  17005.128254  11.271637
  11    12  9305.682558  17.623171
  11    14  12167.984070  27.258940
  12     3  9227.092233  4.014497
  12    11  9304.625255  17.617890
  12    13  13123.323136  3.029660
  13    12  13185.208893  3.030224
  13    24  10925.094637  16.721909
  14    11  12185.440115  27.392695
  14    15  8932.176418  11.906514
  14    23  8394.638200  9.065334
  15    10  19863.519063  10.203282
  15    14  8942.433367  11.938292
  15    19  20592.906433  4.798335
  15    22  20822.532496  12.963457
  16     8  11946.841281  28.569248
  16    10  22000.000048  256.996482
  16    17  21363.918852  85.534918
  16    18  16310.944960  3.212343
  17    10  4635.990026  8.891512
  17    16  21363.886449  85.534411
  17    19  17560.131395  54.676973
  18     7  16160.165789  2.068200
  18    16  16391.573972  3.216573
  18    20  14471.816731  4.087725
  19    15  20610.533174  4.804500
  19    17  17560.370916  54.679847
  19    20  8887.720961  9.977604
  20    18  14492.646477  4.088231
  20    19  8905.587223  10.025814
  20    21  5018.425353  6.870844
  20    22  6922.748644  7.595331
  21    20  4947.892096  6.822908
  21    22  11331.581676  8.611599
  21    24  11306.927193  15.912355
  22    15  20814.751634  12.948573
  22    20  6931.977910  7.609199
  22    21  11327.037150  8.600999
  22    23  10466.341533  15.519957
  23    14  8401.837296  9.082732
  23    22  10463.245412  15.506331
  23    24  6698.645379  2.908081
  24    13  10886.980393  16.545305
  24    21  11240.938462  15.613551
  24    23  6702.748354  2.910308
