<METADATA>
<File Name> ./SiouxFalls/SiouxFalls_MIX_0.02_0.50_1.30_flow.txt
<Number of Links> 76
<theta | lambda> 0.020000 | 0.000000
<stoch | determ> 0.500000 | 0.500000
<distant tolerance> 1.300000
<optimal objective> 53200316.710783
<system cost> 10008745.111378

<LINKS>
~ Init node | Term node | Flow | Cost
   1     2  6898.865055  6.004530
   1     3  11068.207370  4.030015
   2     1  6934.288552  6.004624
   2     6  7718.162072  9.403798
   3     1  11032.783874  4.029633
   3     4  16497.974279  4.518586
   3    12  14125.949061  4.079634
   4     3  16673.588433  4.541021
   4     5  20657.703288  2.546323
   4    11  8191.435743  12.978656
   5     4  20676.139098  2.548276
   5     6  8140.764737  8.396377
   5     9  17572.708931  12.151813
   6     2  7753.585568  9.485203
   6     5  8155.183467  8.427607
   6     8  12845.107457  16.183672
   7     8  15683.671128  10.200089
   7    18  19843.279033  2.155044
   8     6  12894.949684  16.405102
   8     7  15823.738588  10.460765
   8     9  8792.172776  23.779839
   8    16  9294.479282  13.634429
   9     5  17576.726010  12.158354
   9     8  9050.910395  25.474918
   9    10  24040.154854  7.008024
  10     9  24402.909553  7.255472
  10    11  17970.063456  12.820954
  10    15  24277.208995  15.379049
  10    16  12505.461637  30.413300
  10    17  8100.127582  16.308541
  11     4  8448.614087  13.897208
  11    10  17842.632156  12.601459
  11    12  9134.803321  16.792660
  11    14  9759.418052  13.625229
  12     3  13914.911411  4.074981
  12    11  9243.414195  17.315177
  12    13  14602.397196  3.045467
  13    12  14599.970421  3.045437
  13    24  11092.417483  17.519365
  14    11  9880.554222  14.112083
  14    15  9210.261302  12.807600
  14    23  8295.137829  8.829416
  15    10  24349.213295  15.490815
  15    14  9186.086601  12.725950
  15    19  19389.473145  4.413397
  15    22  17371.479567  7.826398
  16     8  9225.651350  13.381495
  16    10  12194.072708  27.879151
  16    17  14385.617814  19.173485
  16    18  19476.040295  3.431642
  17    10  8729.698209  19.208674
  17    16  14465.768480  19.559430
  17    19  11240.327657  10.843530
  18     7  19703.211572  2.150712
  18    16  19015.672768  3.392255
  18    20  20788.286405  4.373512
  19    15  18764.269728  4.239729
  19    17  11950.048950  13.297660
  19    20  10330.309763  14.909853
  20    18  20087.851418  4.325660
  20    19  10414.827638  15.271296
  20    21  8438.544814  12.962108
  20    22  9547.207138  14.388232
  21    20  8292.180447  12.491507
  21    22  9781.446741  5.670766
  21    24  9828.728155  10.372527
  22    15  17944.512584  8.495441
  22    20  8977.654393  12.340573
  22    21  9724.167893  5.585537
  22    23  9560.950125  12.021867
  23    14  8440.448699  9.176811
  23    22  9507.151549  11.842832
  23    24  8833.362082  4.745874
  24    13  10989.990707  17.026890
  24    21  9739.642637  10.108847
  24    23  8924.874376  4.861442
