<METADATA>
<File Name> ./SiouxFalls/SiouxFalls_MIX_0.20_0.00_1.70_flow.txt
<Number of Links> 76
<theta | lambda> 0.200000 | 0.000000
<stoch | determ> 0.000000 | 1.000000
<distant tolerance> 1.700000
<optimal objective> 1460474.289313
<system cost> 7302371.446563

<LINKS>
~ Init node | Term node | Flow | Cost
   1     2  6660.971429  6.003937
   1     3  10294.497828  4.022462
   2     1  6699.498933  6.004029
   2     6  6466.788634  7.170333
   3     1  10255.970323  4.022128
   3     4  17779.396792  4.699465
   3    12  14410.690519  4.086252
   4     3  17710.373344  4.688666
   4     5  18892.232788  2.382168
   4    11  6475.587607  8.725514
   5     4  18941.621812  2.386180
   5     6  6801.392455  6.142029
   5     9  16974.068305  11.225942
   6     2  6505.316138  7.222519
   6     5  6815.006257  6.159231
   6     8  12455.752028  14.540578
   7     8  13143.789894  6.551644
   7    18  15518.582662  2.057997
   8     6  12507.893335  14.751885
   8     7  13045.809337  6.446919
   8     9  7349.923627  16.729621
   8    16  7796.405764  9.274754
   9     5  17009.843527  11.278596
   9     8  7300.303630  16.549724
   9    10  22532.555388  6.093307
  10     9  22618.710613  6.140889
  10    11  17525.005050  12.074469
  10    15  23714.633640  14.539441
  10    16  10738.355330  18.360674
  10    17  8110.566617  16.351454
  11     4  6457.175135  8.694648
  11    10  17392.373012  11.862725
  11    12  7564.280587  11.074605
  11    14  9590.386694  12.975525
  12     3  14441.186463  4.086984
  12    11  7559.721545  11.062382
  12    13  15909.353983  3.064063
  13    12  16035.290884  3.066116
  13    24  10604.162075  15.291636
  14    11  9543.901227  12.802765
  14    15  8915.470821  11.854991
  14    23  7870.034073  7.912971
  15    10  23626.989830  14.413900
  15    14  8975.083556  12.040180
  15    19  18155.760005  4.086570
  15    22  16810.094892  7.232106
  16     8  7800.186510  9.283052
  16    10  10944.612823  19.496205
  16    17  11410.907742  8.798689
  16    18  15521.131140  3.174106
  17    10  8110.740196  16.352169
  17    16  11513.642471  9.046855
  17    19  8819.013178  5.351118
  18     7  15616.563219  2.059476
  18    16  15628.434650  3.178971
  18    20  19113.710972  4.266938
  19    15  18510.051532  4.173898
  19    17  8921.921486  5.510293
  19    20  8408.844173  8.789727
  20    18  19218.995039  4.272868
  20    19  8866.044008  9.919500
  20    21  6251.922594  8.097611
  20    22  7311.370781  8.229042
  21    20  6178.824889  8.001217
  21    22  8300.169464  3.903234
  21    24  9803.864919  10.298210
  22    15  16327.772291  6.766896
  22    20  7846.952389  9.284326
  22    21  8256.287630  3.863304
  22    23  9278.346691  11.114651
  23    14  7763.935870  7.706192
  23    22  9287.723864  11.143457
  23    24  8047.854602  3.891895
  24    13  10630.098976  15.402516
  24    21  9774.649048  10.211603
  24    23  7951.133572  3.802572
