<METADATA>
<File Name> ./SiouxFalls/SiouxFalls_MIX_0.02_0.90_1.20_flow.txt
<Number of Links> 76
<theta | lambda> 0.020000 | 0.000000
<stoch | determ> 0.100000 | 0.900000
<distant tolerance> 1.200000
<optimal objective> 9963675.212417
<system cost> 11756647.143605

<LINKS>
~ Init node | Term node | Flow | Cost
   1     2  4177.671519  6.000609
   1     3  7250.004444  4.005526
   2     1  4178.174415  6.000610
   2     6  6072.118281  6.687068
   3     1  7249.501547  4.005524
   3     4  13058.414194  4.203545
   3    12  8406.818316  4.009990
   4     3  13059.593270  4.203618
   4     5  18916.905782  2.384168
   4    11  7224.583268  10.222629
   5     4  18933.398119  2.385510
   5     6  10346.604246  15.471638
   5     9  14523.055320  8.336516
   6     2  6072.621178  6.687627
   6     5  10351.634705  15.493964
   6     8  13861.877105  21.236493
   7     8  11891.485488  5.379531
   7    18  16478.206277  2.073729
   8     6  13867.410460  21.267227
   8     7  11867.822534  5.360647
   8     9  4893.002865  11.321786
   8    16  9857.879578  15.926156
   9     5  14534.517198  8.347062
   9     8  4880.901624  11.308759
   9    10  21212.805619  5.429818
  10     9  21312.166255  5.475664
  10    11  18023.381124  12.914187
  10    15  24496.061414  15.721848
  10    16  16410.583991  82.328516
  10    17  3537.238095  8.302144
  11     4  7309.270008  10.424128
  11    10  17849.486544  12.613146
  11    12  8824.725272  15.400187
  11    14  10240.298019  15.667176
  12     3  8405.136344  4.009982
  12    11  8826.106920  15.406075
  12    13  12572.065836  3.024982
  13    12  12671.765512  3.025784
  13    24  11801.050493  21.319451
  14    11  10249.708530  15.710123
  14    15  9384.582437  13.415687
  14    23  8876.923149  10.333591
  15    10  24580.295768  15.856261
  15    14  9451.055126  13.656671
  15    19  21381.757541  5.090131
  15    22  18683.085711  9.457587
  16     8  9851.851219  15.899454
  16    10  16497.528080  84.001708
  16    17  15973.282824  28.104844
  16    18  13833.470476  3.109862
  17    10  3539.314870  8.302855
  17    16  15980.330191  28.150944
  17    19  13592.761843  20.912137
  18     7  16501.869231  2.074154
  18    16  13907.338840  3.112227
  18    20  15341.479114  4.110790
  19    15  21378.113862  5.088707
  19    17  13601.885984  20.962967
  19    20  9992.549917  13.551483
  20    18  15339.010432  4.110718
  20    19  9998.030380  13.572455
  20    21  7349.040924  10.004914
  20    22  8217.246973  10.152094
  21    20  7278.513806  9.853376
  21    22  9317.737593  5.022639
  21    24  10281.589999  11.828120
  22    15  18737.436433  9.533059
  22    20  8190.785871  10.086051
  22    21  9283.102131  4.977946
  22    23  9799.096931  12.851471
  23    14  8819.860971  10.172301
  23    22  9792.351089  12.827122
  23    24  8923.864580  4.860147
  24    13  11800.750169  21.317688
  24    21  10245.698344  11.705493
  24    23  8860.056560  4.779217
