<METADATA>
<File Name> ./SiouxFalls/SiouxFalls_MLT_0.2_1.0_0.5_0.5_1.2_flow.txt
<Number of Links> 76
<theta | lambda> 0.200000 | 1.000000
<stoch | determ> 0.500000 | 0.500000
<Optimal Objective> 8416097.124721
<System Cost> 8368225.038514

<LINKS>
~ Init node | Term node | Flow | Cost
   1     2  4316.616980  6.003472
   1     3  7698.573843  4.035129
   2     1  4323.466417  6.003494
   2     6  5765.723366  11.857004
   3     1  7691.724407  4.035004
   3     4  15208.028432  5.872343
   3    12  10548.792742  4.123802
   4     3  15229.982293  5.882773
   4     5  19463.194228  4.152617
   4    11  6971.372105  24.305176
   5     4  19522.069246  4.178413
   5     6  9268.495817  40.938201
   5     9  16346.946343  31.778060
   6     2  5772.572803  11.889669
   6     5  9286.533478  41.213721
   6     8  12636.040014  68.415355
   7     8  13537.121642  22.977341
   7    18  16063.925253  2.332945
   8     6  12660.927110  68.923264
   8     7  13539.136107  22.993995
   8     9  7296.603247  42.682227
   8    16  8384.616457  33.591601
   9     5  16387.783701  32.046505
   9     8  7291.253982  42.586774
   9    10  22324.467912  17.902959
  10     9  22459.956006  18.268037
  10    11  17520.439587  40.335177
  10    15  23455.763489  46.863390
  10    16  11819.218199  109.377685
  10    17  6779.266668  28.382569
  11     4  7034.450948  24.976800
  11    10  17359.078242  39.051458
  11    12  7971.764209  37.298321
  11    14  10204.667687  61.528432
  12     3  10519.989444  4.122493
  12    11  7978.700034  37.407302
  12    13  12959.865300  3.141048
  13    12  13037.997827  3.144516
  13    24  11422.716720  80.010654
  14    11  10199.449360  61.411503
  14    15  9247.153594  44.607526
  14    23  8793.958227  34.731806
  15    10  23507.686304  47.225971
  15    14  9234.610627  44.729968
  15    19  19240.216726  9.851130
  15    22  18900.070686  36.698908
  16     8  8416.867284  34.033946
  16    10  11849.676350  110.468288
  16    17  13733.185781  73.318181
  16    18  16055.636502  3.996738
  17    10  6893.735140  29.794923
  17    16  13660.409385  71.818251
  17    19  11123.878304  44.413214
  18     7  16061.910787  2.332711
  18    16  16191.121876  4.030812
  18    20  17629.307349  4.966036
  19    15  19161.050573  9.739729
  19    17  11165.570380  45.053082
  19    20  9621.954317  45.049161
  20    18  17662.778257  4.973216
  20    19  9584.480240  44.421839
  20    21  6932.298753  21.860444
  20    22  7505.679963  22.930403
  21    20  6835.451583  20.985276
  21    22  9431.794177  17.779521
  21    24  9833.495300  40.228234
  22    15  18918.616687  36.968720
  22    20  7498.523964  22.867247
  22    21  9385.573056  17.683769
  22    23  9507.179939  42.640619
  23    14  8801.282867  34.560206
  23    22  9472.348821  42.914610
  23    24  8702.878302  14.824212
  24    13  11400.849248  79.451662
  24    21  9782.869250  38.984232
  24    23  8675.371824  14.850352
