<METADATA>
<File Name> ./SiouxFalls/SiouxFalls_MIX_0.10_0.80_1.25_flow.txt
<Number of Links> 76
<theta | lambda> 0.100000 | 0.000000
<stoch | determ> 0.800000 | 0.200000
<distant tolerance> 1.250000
<optimal objective> 21808445.803421
<system cost> 8465732.610738

<LINKS>
~ Init node | Term node | Flow | Cost
   1     2  5840.530508  6.002327
   1     3  9819.869573  4.018597
   2     1  6043.387512  6.002668
   2     6  6937.226852  7.874189
   3     1  9617.012570  4.017108
   3     4  16896.582935  4.570550
   3    12  13695.368808  4.070360
   4     3  16128.987722  4.473725
   4     5  18611.904354  2.359985
   4    11  8230.359683  13.112249
   5     4  18900.609375  2.382846
   5     6  8115.280653  8.341584
   5     9  16531.322150  10.601336
   6     2  7140.083855  8.225411
   6     5  7909.227720  7.917152
   6     8  12477.160662  14.627018
   7     8  13997.109374  7.567730
   7    18  17713.465599  2.098450
   8     6  12473.964733  14.614086
   8     7  14054.113303  7.642595
   8     9  7788.586961  18.485824
   8    16  8695.026191  11.613280
   9     5  17026.080104  11.302603
   9     8  7777.114990  18.435938
   9    10  22356.465342  5.997739
  10     9  22939.751325  6.323044
  10    11  17644.906105  12.270071
  10    15  23478.444479  14.204291
  10    16  11139.164307  20.627777
  10    17  8549.111200  18.309585
  11     4  7274.059449  10.339494
  11    10  17914.699283  12.725015
  11    12  8145.005844  12.821774
  11    14  9693.994301  13.369716
  12     3  14260.107018  4.082703
  12    11  7566.330752  11.080108
  12    13  14393.540204  3.042921
  13    12  14479.603322  3.043957
  13    24  11012.288082  17.132933
  14    11  9686.162337  13.339473
  14    15  9266.411128  12.999742
  14    23  8616.029330  9.621198
  15    10  23591.573751  14.363565
  15    14  9265.057019  12.995067
  15    19  17756.024803  3.993992
  15    22  18214.926122  8.834257
  16     8  8760.306161  11.814131
  16    10  11207.261189  21.038122
  16    17  13259.233839  14.394188
  16    18  21737.032674  3.669765
  17    10  8581.377851  18.466113
  17    16  13254.579120  14.376793
  17    19  10255.980804  8.129408
  18     7  17656.461670  2.097188
  18    16  21875.064245  3.686940
  18    20  19247.710144  4.274502
  19    15  17738.993144  3.990184
  19    17  10283.592736  8.195684
  19    20  9547.289318  11.959501
  20    18  19228.737786  4.273422
  20    19  9557.869591  11.994842
  20    21  7971.052172  11.542850
  20    22  7796.963537  9.176192
  21    20  7910.048475  11.375107
  21    22  10349.654205  6.600952
  21    24  9374.139961  9.100323
  22    15  18243.732945  8.871252
  22    20  7749.575149  9.075586
  22    21  10355.774918  6.611846
  22    23  9608.990179  12.184313
  23    14  8609.551475  9.604312
  23    22  9596.529327  12.141942
  23    24  9341.708771  5.434645
  24    13  10998.351200  17.066576
  24    21  9307.015551  8.927463
  24    23  9322.770064  5.406877
