<METADATA>
<File Name> ./SiouxFalls/SiouxFalls_MIX_0.02_0.10_1.30_flow.txt
<Number of Links> 76
<theta | lambda> 0.020000 | 0.000000
<stoch | determ> 0.100000 | 0.900000
<distant tolerance> 1.300000
<optimal objective> 9589480.369826
<system cost> 10103974.849861

<LINKS>
~ Init node | Term node | Flow | Cost
   1     2  5570.700774  6.001926
   1     3  9358.587935  4.015342
   2     1  5584.676774  6.001945
   2     6  6950.054303  7.895507
   3     1  9344.611935  4.015250
   3     4  13136.821051  4.208477
   3    12  9792.152393  4.018388
   4     3  13104.575620  4.206438
   4     5  17654.073802  2.291408
   4    11  6196.766637  8.285558
   5     4  17662.124610  2.291940
   5     6  8857.397343  10.161105
   5     9  15416.045848  9.235974
   6     2  6964.030304  7.918868
   6     5  8896.586981  10.270870
   6     8  12990.158372  16.835272
   7     8  13659.998751  7.143331
   7    18  16234.035930  2.069455
   8     6  13043.324010  17.079636
   8     7  13684.571604  7.173225
   8     9  5372.069981  11.920551
   8    16  8113.420520  10.013596
   9     5  15384.907019  9.201852
   9     8  5479.522787  12.078884
   9    10  22229.463120  5.930199
  10     9  22405.777096  6.024275
  10    11  18155.196879  13.148264
  10    15  24525.088987  15.768011
  10    16  15256.258032  62.508081
  10    17  5217.690457  9.430443
  11     4  6256.470398  8.374922
  11    10  18022.853857  12.913261
  11    12  9420.240580  18.206177
  11    14  9893.532739  14.165318
  12     3  9810.421823  4.018526
  12    11  9413.607322  18.171834
  12    13  13276.417902  3.031069
  13    12  13388.054075  3.032127
  13    24  11346.985929  18.803811
  14    11  9927.526736  14.305751
  14    15  9247.152058  12.933444
  14    23  8652.325773  9.716519
  15    10  24510.310809  15.744488
  15    14  9334.569333  13.237717
  15    19  20526.578479  4.775278
  15    22  18220.676501  8.841627
  16     8  8083.706205  9.940552
  16    10  15435.248213  65.302506
  16    17  14426.423054  19.369168
  16    18  14284.037448  3.124889
  17    10  5262.135451  9.479808
  17    16  14391.278833  19.200534
  17    19  12881.118806  17.251906
  18     7  16209.463078  2.069036
  18    16  14468.457536  3.131465
  18    20  14615.896931  4.091271
  19    15  20511.586823  4.770097
  19    17  12890.419579  17.296004
  19    20  9942.821134  13.362763
  20    18  14675.744166  4.092775
  20    19  9937.130251  13.341346
  20    21  6809.956677  8.952895
  20    22  8230.219129  10.184705
  21    20  6762.574057  8.871565
  21    22  9034.236221  4.671223
  21    24  10118.847320  11.282306
  22    15  18208.307255  8.825781
  22    20  8231.758101  10.188584
  22    21  9037.555277  4.675151
  22    23  9598.783773  12.149596
  23    14  8598.902494  9.576636
  23    22  9591.272554  12.124117
  23    24  8610.001356  4.478503
  24    13  11358.622102  18.864629
  24    21  10068.145645  11.117551
  24    23  8549.066859  4.409081
