<METADATA>
<File Name> ./SiouxFalls/SiouxFalls_MIX_0.20_1.00_0.50_0.50_5.00_flow.txt
<Number of Links> 76
<theta | lambda> 0.200000 | 1.000000
<stoch | determ> 0.500000 | 0.500000
<distant tolerance> 5.000000
<optimal objective> 8135947.346850
<system cost> 7462687.090227

<LINKS>
~ Init node | Term node | Flow | Cost
   1     2  6826.957057  6.004344
   1     3  10229.976511  4.021904
   2     1  6845.713483  6.004392
   2     6  6830.934645  7.702043
   3     1  10211.220085  4.021744
   3     4  16729.665545  4.548336
   3    12  14098.975903  4.079028
   4     3  16729.554360  4.548322
   4     5  18620.644592  2.360662
   4    11  6855.502189  9.423646
   5     4  18674.151805  2.364825
   5     6  7287.313153  6.822954
   5     9  16961.345585  11.207296
   6     2  6849.691072  7.731843
   6     5  7302.249254  6.846169
   6     8  12431.365255  14.442654
   7     8  13481.657947  6.931155
   7    18  15832.837331  2.062840
   8     6  12465.057782  14.578096
   8     7  13441.782408  6.884851
   8     9  7545.551041  17.475206
   8    16  8082.915286  9.938618
   9     5  16999.916698  11.263952
   9     8  7527.903007  17.405517
   9    10  22095.567899  5.860236
  10     9  22216.490977  5.923365
  10    11  17521.376696  12.068612
  10    15  23109.142086  13.700148
  10    16  10865.744377  19.054339
  10    17  8554.501383  18.335610
  11     4  6901.883791  9.517242
  11    10  17434.325717  11.929181
  11    12  7334.312376  10.485071
  11    14  9361.069373  12.147366
  12     3  14080.330662  4.078611
  12    11  7357.953761  10.543180
  12    13  15071.365385  3.051595
  13    12  15176.361528  3.053048
  13    24  10680.620159  15.620835
  14    11  9396.758612  12.272326
  14    15  8953.919713  11.974009
  14    23  8090.045320  8.369221
  15    10  23182.792013  13.798781
  15    14  8987.266483  12.078483
  15    19  18181.994721  4.092864
  15    22  17147.631032  7.582394
  16     8  8094.380309  9.966698
  16    10  10888.647479  19.181669
  16    17  11503.957198  9.023174
  16    18  19037.271013  3.394040
  17    10  8565.922412  18.390916
  17    16  11478.258515  8.960627
  17    19  8909.288928  5.490454
  18     7  15872.712869  2.063475
  18    16  19097.337821  3.399036
  18    20  20504.006788  4.353496
  19    15  18207.096450  4.098912
  19    17  8895.011274  5.468133
  19    20  9115.079011  10.613133
  20    18  20503.949134  4.353492
  20    19  9125.903085  10.644601
  20    21  6527.229158  8.492218
  20    22  7207.116547  8.048770
  21    20  6467.354651  8.402023
  21    22  8468.651069  4.062535
  21    24  9808.525110  10.312097
  22    15  17129.526000  7.563071
  22    20  7177.757474  7.999394
  22    21  8466.594232  4.060532
  22    23  9335.251931  11.290804
  23    14  8092.387789  8.374283
  23    22  9285.730989  11.137327
  23    24  8107.215565  3.948334
  24    13  10685.616302  15.642594
  24    21  9750.707440  10.141207
  24    23  8060.037092  3.903377
