<METADATA>
<File Name> ./SiouxFalls/SiouxFalls_MIX_0.10_0.80_2.00_flow.txt
<Number of Links> 76
<theta | lambda> 0.100000 | 0.000000
<stoch | determ> 0.800000 | 0.200000
<distant tolerance> 2.000000
<optimal objective> 21680173.326371
<system cost> 8283538.545330

<LINKS>
~ Init node | Term node | Flow | Cost
   1     2  6737.897891  6.004122
   1     3  10730.467657  4.026516
   2     1  6778.584195  6.004223
   2     6  7217.355022  8.367317
   3     1  10689.781352  4.026116
   3     4  17939.422537  4.724990
   3    12  16092.834899  4.134141
   4     3  17763.914338  4.697032
   4     5  19016.595609  2.392331
   4    11  8086.228606  12.626982
   5     4  19241.312935  2.411207
   5     6  7570.542110  7.288077
   5     9  16724.514158  10.867800
   6     2  7258.041327  8.443892
   6     5  7625.253365  7.384162
   6     8  12532.731453  14.853478
   7     8  14122.747453  7.733951
   7    18  17836.134784  2.101205
   8     6  12628.129013  15.249325
   8     7  14014.469223  7.590432
   8     9  7861.460836  18.807899
   8    16  8492.090230  11.017163
   9     5  16894.520228  11.110049
   9     8  7801.975196  18.544321
   9    10  22524.497196  6.088884
  10     9  22735.017626  6.205992
  10    11  17813.633326  12.552162
  10    15  23405.290433  14.102516
  10    16  10858.779721  19.015778
  10    17  8662.337508  18.866701
  11     4  7786.003082  11.696262
  11    10  17811.345442  12.548283
  11    12  7723.368076  11.515167
  11    14  9670.252419  13.278262
  12     3  16227.656792  4.138693
  12    11  7579.713028  11.116144
  12    13  15242.292574  3.053976
  13    12  15333.459420  3.055279
  13    24  10908.770376  16.646043
  14    11  9611.394058  13.054426
  14    15  9223.796083  12.853595
  14    23  8576.856809  9.519666
  15    10  23574.753202  14.339738
  15    14  9223.941894  12.854092
  15    19  17261.151371  3.887726
  15    22  18118.585716  8.711801
  16     8  8538.695201  11.150344
  16    10  10973.881462  19.662635
  16    17  12394.951239  11.465066
  16    18  22197.728660  3.728376
  17    10  8490.581312  18.030140
  17    16  12543.248895  11.926235
  17    19  9699.582947  6.903679
  18     7  17944.413014  2.103685
  18    16  22211.137715  3.730137
  18    20  19848.849953  4.310436
  19    15  17413.023792  3.919384
  19    17  9676.124407  6.856412
  19    20  9143.789814  10.696848
  20    18  19870.537238  4.311794
  20    19  9272.203694  11.081045
  20    21  7963.287962  11.521286
  20    22  7937.582185  9.485712
  21    20  7917.932146  11.396568
  21    22  10220.255732  6.375135
  21    24  9245.314158  8.771833
  22    15  18036.321877  8.608772
  22    20  8033.039167  9.705416
  22    21  10197.826470  6.336854
  22    23  9562.931375  12.028518
  23    14  8517.852637  9.369337
  23    22  9553.695255  11.997546
  23    24  9193.914543  5.222392
  24    13  10899.937222  16.605133
  24    21  9222.387604  8.714794
  24    23  9125.674250  5.127781
