<METADATA>
<File Name> ./SiouxFalls/SiouxFalls_MIX_0.02_0.50_1.20_flow.txt
<Number of Links> 76
<theta | lambda> 0.020000 | 0.000000
<stoch | determ> 0.500000 | 0.500000
<distant tolerance> 1.200000
<optimal objective> 53166172.291499
<system cost> 10414137.349819

<LINKS>
~ Init node | Term node | Flow | Cost
   1     2  6346.819919  6.003245
   1     3  10344.720642  4.022904
   2     1  6490.717807  6.003550
   2     6  7424.124684  8.770099
   3     1  10200.822754  4.021656
   3     4  17454.470057  4.649718
   3    12  14293.675712  4.083484
   4     3  17375.389053  4.638023
   4     5  21177.687641  2.603442
   4    11  8115.474874  12.723377
   5     4  21164.178510  2.601904
   5     6  8681.341333  9.685667
   5     9  17342.424695  11.784230
   6     2  7568.022573  9.071003
   6     5  8676.050684  9.671819
   6     8  13042.472685  17.075699
   7     8  15614.184008  10.073333
   7    18  18827.314120  2.125647
   8     6  13181.079924  17.726848
   8     7  15606.031848  10.058573
   8     9  8836.982745  24.062914
   8    16  9013.234388  12.635826
   9     5  17334.206214  11.771379
   9     8  8833.123135  24.038362
   9    10  23696.282399  6.783573
  10     9  23784.204308  6.840040
  10    11  17715.574200  12.387240
  10    15  24684.510971  16.024480
  10    16  12414.906151  29.656506
  10    17  8133.883594  16.447907
  11     4  8149.903000  12.838195
  11    10  17666.287034  12.305373
  11    12  9638.936166  19.379754
  11    14  10045.014831  14.802337
  12     3  14228.858828  4.081980
  12    11  9684.965369  19.637162
  12    13  13926.954556  3.037621
  13    12  14008.166874  3.038506
  13    24  11173.756013  17.920287
  14    11  10084.126589  14.971564
  14    15  9168.321398  12.666357
  14    23  8816.698283  10.163453
  15    10  24794.115687  16.203714
  15    14  9203.710733  12.785412
  15    19  18908.642695  4.278325
  15    22  18639.582040  9.397651
  16     8  9147.549077  13.101256
  16    10  12499.646527  30.364205
  16    17  14853.043272  21.516690
  16    18  17706.713895  3.294899
  17    10  7976.747577  15.813771
  17    16  14904.844972  21.790384
  17    19  12349.360803  14.885097
  18     7  18835.466280  2.125865
  18    16  17873.967259  3.306200
  18    20  21069.486438  4.394136
  19    15  18914.582378  4.279932
  19    17  12244.026486  14.451074
  19    20  10372.687899  15.089980
  20    18  21144.891962  4.399808
  20    19  10273.293266  14.670979
  20    21  8615.225424  13.563749
  20    22  9773.940733  15.312341
  21    20  8460.011341  13.033222
  21    22  9639.526964  5.462320
  21    24  10006.280677  10.919866
  22    15  18678.636407  9.451438
  22    20  9805.165707  15.444753
  22    21  9539.307975  5.320564
  22    23  9548.816829  11.981224
  23    14  8820.420707  10.173868
  23    22  9518.877181  11.881595
  23    24  9185.168302  5.210148
  24    13  11154.968332  17.826900
  24    21  9951.285583  10.747184
  24    23  9158.951078  5.173653
