<METADATA>
<File Name> ./SiouxFalls/SiouxFalls_MIX_0.10_0.30_1.20_flow.txt
<Number of Links> 76
<theta | lambda> 0.100000 | 0.000000
<stoch | determ> 0.300000 | 0.700000
<distant tolerance> 1.200000
<optimal objective> 8503458.201663
<system cost> 9268584.949034

<LINKS>
~ Init node | Term node | Flow | Cost
   1     2  4315.247943  6.000694
   1     3  7757.436498  4.007243
   2     1  4319.568529  6.000696
   2     6  5908.674074  6.512627
   3     1  7753.115912  4.007227
   3     4  15024.615443  4.356707
   3    12  10055.045381  4.020444
   4     3  15017.330106  4.356016
   4     5  19772.715935  2.458550
   4    11  7380.529389  10.599194
   5     4  19799.026901  2.460995
   5     6  9529.318799  12.254324
   5     9  15901.882236  9.795737
   6     2  5912.994660  6.517056
   6     5  9537.511948  12.282748
   6     8  13031.700047  17.025953
   7     8  13863.688452  7.396045
   7    18  16824.708833  2.080129
   8     6  13044.213782  17.083751
   8     7  13822.865618  7.344495
   8     9  7067.457198  15.753234
   8    16  8580.320438  11.271153
   9     5  15920.000053  9.817631
   9     8  7033.361828  15.643014
   9    10  22649.893390  6.158246
  10     9  22733.915838  6.205371
  10    11  17389.919877  11.858854
  10    15  24018.135555  14.985059
  10    16  13299.831769  37.791568
  10    17  5854.601985  10.267497
  11     4  7446.933086  10.766960
  11    10  17230.351601  11.610553
  11    12  8140.410644  12.806392
  11    14  10477.589802  16.786773
  12     3  10058.010131  4.020468
  12    11  8144.944688  12.821569
  12    13  12822.026076  3.027029
  13    12  12929.524870  3.027947
  13    24  11566.468696  19.982864
  14    11  10479.891179  16.798011
  14    15  9191.231274  12.743272
  14    23  8839.426056  10.227252
  15    10  24087.521223  15.089337
  15    14  9203.705188  12.785393
  15    19  19735.105075  4.516903
  15    22  18779.936625  9.592534
  16     8  8586.106708  11.288086
  16    10  13359.843351  38.405607
  16    17  14726.741076  20.861272
  16    18  14945.313399  3.149672
  17    10  5868.795460  10.289566
  17    16  14711.597184  20.783809
  17    19  12043.792446  13.656356
  18     7  16865.531668  2.080910
  18    16  15026.255143  3.152941
  18    20  16247.820999  4.139383
  19    15  19842.550479  4.550208
  19    17  12042.842029  13.652677
  19    20  9703.182177  12.492240
  20    18  16269.585578  4.140132
  20    19  9809.677164  12.871241
  20    21  7178.945762  9.646811
  20    22  7965.489240  9.549129
  21    20  7172.131586  9.632984
  21    22  9144.328128  4.803829
  21    24  10055.137648  11.075681
  22    15  18654.350802  9.417951
  22    20  8000.562981  9.629783
  22    21  9170.251069  4.835759
  22    23  9579.287177  12.083585
  23    14  8829.253519  10.198636
  23    22  9514.698035  11.867763
  23    24  8866.999864  4.787940
  24    13  11573.967491  20.024353
  24    21  10022.400532  10.971024
  24    23  8792.238186  4.695097
