<METADATA>
<File Name> ./SiouxFalls/SiouxFalls_MIX_0.20_1.00_0.00_1.00_1.40_flow.txt
<Number of Links> 76
<theta | lambda> 0.200000 | 1.000000
<stoch | determ> 0.000000 | 1.000000
<distant tolerance> 1.400000
<optimal objective> 1659875.533693
<system cost> 8299377.668464

<LINKS>
~ Init node | Term node | Flow | Cost
   1     2  6062.855256  6.002702
   1     3  9756.395081  4.018121
   2     1  6098.629431  6.002767
   2     6  7676.254445  9.308928
   3     1  9720.620906  4.017857
   3     4  11906.029597  4.140658
   3    12  9072.176123  4.013548
   4     3  11861.578211  4.138570
   4     5  16363.674306  2.215102
   4    11  5745.830907  7.689441
   5     4  16375.117607  2.215704
   5     6  8523.113254  9.282349
   5     9  14697.776513  8.499998
   6     2  7712.028620  9.389816
   6     5  8525.582204  9.288473
   6     8  13590.124012  19.771799
   7     8  12770.130265  6.164669
   7    18  15975.619720  2.065137
   8     6  13628.367137  19.972687
   8     7  12736.027446  6.130999
   8     9  3093.986364  10.211316
   8    16  7660.276391  8.983925
   9     5  14706.750864  8.508554
   9     8  3087.720001  10.209609
   9    10  20846.092592  5.266104
  10     9  20948.800580  5.311096
  10    11  17976.399523  12.831990
  10    15  24536.621486  15.786397
  10    16  11859.480014  25.364186
  10    17  8667.420589  18.892230
  11     4  5789.936220  7.741914
  11    10  17853.719861  12.620371
  11    12  9437.959181  18.298272
  11    14  9923.798262  14.290278
  12     3  9080.853334  4.013600
  12    11  9440.217085  18.310045
  12    13  13111.288709  3.029552
  13    12  13222.223824  3.030565
  13    24  11416.806001  19.171550
  14    11  9942.966010  14.370011
  14    15  9173.808649  12.684727
  14    23  8751.005807  9.981802
  15    10  24595.203320  15.880193
  15    14  9188.216677  12.733118
  15    19  19583.479951  4.470820
  15    22  18479.525086  9.180720
  16     8  7670.683060  9.005618
  16    10  11926.285829  25.849656
  16    17  11252.257466  8.428402
  16    18  14912.934266  3.148379
  17    10  8667.420589  18.892230
  17    16  11252.257466  8.428402
  17    19  12416.919108  15.169375
  18     7  16009.722539  2.065695
  18    16  14990.146750  3.151476
  18    20  15488.021823  4.115084
  19    15  19610.565743  4.478974
  19    17  12416.919108  15.169375
  19    20  9590.431285  12.104348
  20    18  15499.337126  4.115420
  20    19  9617.517076  12.196291
  20    21  6467.427145  8.402131
  20    22  7410.102696  8.407025
  21    20  6397.989064  8.300618
  21    22  8530.181277  4.123134
  21    24  10054.646349  11.074103
  22    15  18425.429157  9.108665
  22    20  7417.941872  8.421465
  22    21  8515.734856  4.108788
  22    23  9545.727621  11.970900
  23    14  8755.765526  9.994827
  23    22  9485.024446  11.770072
  23    24  8254.360706  4.093680
  24    13  11427.741116  19.229759
  24    21  9999.654689  10.898909
  24    23  8198.417251  4.037495
