<METADATA>
<File Name> ./SiouxFalls/SiouxFalls_MIX_0.20_1.00_0.00_1.00_1.10_flow.txt
<Number of Links> 76
<theta | lambda> 0.200000 | 1.000000
<stoch | determ> 0.000000 | 1.000000
<distant tolerance> 1.100000
<optimal objective> 7811629.029039
<system cost> 39058145.145195

<LINKS>
~ Init node | Term node | Flow | Cost
   1     2  3500.705341  6.000300
   1     3  6299.294659  4.003149
   2     1  3500.705341  6.000300
   2     6  6300.705341  6.955818
   3     1  6299.294659  4.003149
   3     4  11499.796413  4.122422
   3    12  8399.091072  4.009953
   4     3  11499.796413  4.122422
   4     5  17400.000000  2.274991
   4    11  6500.203587  8.767194
   5     4  17400.000000  2.274991
   5     6  12600.000000  29.229942
   5     9  11100.000000  6.138553
   6     2  6300.705341  6.955818
   6     5  12600.000000  29.229942
   6     8  16100.705341  37.012033
   7     8  8300.705341  3.564946
   7    18  12200.705341  2.022158
   8     6  16100.705341  37.012033
   8     7  8300.705341  3.564946
   8     9  1400.000000  10.008859
   8    16  12700.000000  35.098735
   9     5  11100.000000  6.138553
   9     8  1400.000000  10.008859
   9    10  18100.000000  4.287940
  10     9  18200.000000  4.316639
  10    11  16604.682508  10.701427
  10    15  15395.317492  7.516765
  10    16  24400.000000  386.809812
  10    17  0.000000  8.000000
  11     4  6600.203587  8.941447
  11    10  16404.682508  10.431660
  11    12  9240.286540  17.299870
  11    14  13949.474676  44.174159
  12     3  8399.091072  4.009953
  12    11  9244.588580  17.320929
  12    13  12054.502492  3.021115
  13    12  12158.804532  3.021856
  13    24  12054.502492  22.855959
  14    11  13945.172636  44.124623
  14    15  7893.801634  9.212836
  14    23  6955.673041  6.387574
  15    10  15495.317492  7.556559
  15    14  7940.807089  9.314081
  15    19  18846.582908  4.261626
  15    22  23657.661098  19.602103
  16     8  12700.000000  35.098735
  16    10  24500.000000  393.124068
  16    17  24400.000000  144.135865
  16    18  13600.000000  3.102631
  17    10  0.000000  8.000000
  17    16  24600.000000  148.853669
  17    19  19600.000000  83.758714
  18     7  12200.705341  2.022158
  18    16  13500.000000  3.099645
  18    20  13100.705341  4.058913
  19    15  18846.582908  4.261626
  19    17  19800.000000  87.147230
  19    20  5846.582908  5.119371
  20    18  12900.705341  4.055397
  20    19  6046.582908  5.280577
  20    21  5582.442268  7.333422
  20    22  5370.269483  5.939859
  21    20  5487.584759  7.245075
  21    22  10805.397669  7.466475
  21    24  11761.159796  18.115680
  22    15  23704.666553  19.734443
  22    20  5365.126992  5.936264
  22    21  10780.661261  7.416590
  22    23  11792.645265  22.565907
  23    14  6904.365546  6.317903
  23    22  11809.771822  22.673996
  23    24  7967.138712  3.817130
  24    13  12058.804532  22.882891
  24    21  11691.038695  17.758407
  24    23  7932.957773  3.786147
