<METADATA>
<File Name> ./SiouxFalls/SiouxFalls_MIX_0.02_0.30_1.15_flow.txt
<Number of Links> 76
<theta | lambda> 0.020000 | 0.000000
<stoch | determ> 0.300000 | 0.700000
<distant tolerance> 1.150000
<optimal objective> 30730923.707662
<system cost> 12098062.713394

<LINKS>
~ Init node | Term node | Flow | Cost
   1     2  5062.539210  6.001314
   1     3  8138.019113  4.008772
   2     1  4963.443852  6.001214
   2     6  6757.537724  7.587770
   3     1  8237.114470  4.009207
   3     4  14971.656537  4.351704
   3    12  10611.554224  4.025360
   4     3  14656.072973  4.322975
   4     5  21140.944887  2.599265
   4    11  7618.889988  11.222741
   5     4  20883.838565  2.570640
   5     6  10103.360328  14.430316
   5     9  16404.765208  10.431770
   6     2  6658.442367  7.439284
   6     5  10274.654981  15.155860
   6     8  13690.978916  20.305253
   7     8  14595.956773  8.401038
   7    18  17665.798902  2.097394
   8     6  13763.178212  20.694448
   8     7  14434.732266  8.166327
   8     9  7892.530352  18.947966
   8    16  9759.360784  15.495880
   9     5  15976.364233  9.886221
   9     8  7920.685754  19.076333
   9    10  22801.988511  6.243935
  10     9  22501.742938  6.076422
  10    11  17745.960772  12.438054
  10    15  23483.841852  14.211838
  10    16  16064.326570  75.924003
  10    17  5113.380821  9.319441
  11     4  7660.412746  11.337531
  11    10  17311.866816  11.736540
  11    12  9092.901630  16.595993
  11    14  11040.537408  19.764356
  12     3  11026.233146  4.029562
  12    11  8794.192320  15.270764
  12    13  12892.775327  3.027630
  13    12  13108.744939  3.029529
  13    24  11014.969454  17.145728
  14    11  11046.675519  19.799443
  14    15  8603.347272  10.944284
  14    23  8108.343099  8.408884
  15    10  23304.225765  13.963472
  15    14  8662.954254  11.110740
  15    19  21579.980798  5.168724
  15    22  20149.818938  11.736962
  16     8  9642.180171  15.000790
  16    10  16202.447439  78.429695
  16    17  16067.877730  28.728737
  16    18  16122.785884  3.202713
  17    10  5188.724421  9.398942
  17    16  15948.349341  27.942232
  17    19  13162.715534  18.629981
  18     7  17827.023408  2.100999
  18    16  16263.254530  3.209870
  18    20  18955.759416  4.258223
  19    15  21459.136032  5.120552
  19    17  13118.530745  18.407808
  19    20  10846.060440  17.257254
  20    18  19157.452569  4.269390
  20    19  10681.030886  16.468614
  20    21  7776.069391  11.020085
  20    22  8526.393483  10.972277
  21    20  7501.045014  10.346680
  21    22  9570.201001  5.363788
  21    24  10582.345291  12.907288
  22    15  20050.654600  11.566237
  22    20  8738.081457  11.587836
  22    21  9415.570224  5.151598
  22    23  10228.231607  14.506872
  23    14  8054.874227  8.293735
  23    22  10186.124466  14.334921
  23    24  8620.544575  4.490665
  24    13  11130.939066  17.708145
  24    21  10461.951692  12.464070
  24    23  8524.968562  4.382033
