<METADATA>
<File Name> ./SiouxFalls/SiouxFalls_MIX_0.02_0.10_1.40_flow.txt
<Number of Links> 76
<theta | lambda> 0.020000 | 0.000000
<stoch | determ> 0.100000 | 0.900000
<distant tolerance> 1.400000
<optimal objective> 9163134.179992
<system cost> 8317199.597927

<LINKS>
~ Init node | Term node | Flow | Cost
   1     2  6293.795178  6.003138
   1     3  10086.505487  4.020701
   2     1  6298.786369  6.003148
   2     6  7686.323097  9.331580
   3     1  10081.514295  4.020660
   3     4  13220.093852  4.213814
   3    12  10079.913987  4.020647
   4     3  13214.820253  4.213473
   4     5  17746.850978  2.297582
   4    11  6236.413187  8.344613
   5     4  17823.990099  2.302790
   5     6  8390.205124  8.960488
   5     9  16013.762821  9.932134
   6     2  7691.314289  9.342842
   6     5  8437.635511  9.073610
   6     8  13241.242747  18.015950
   7     8  13957.376474  7.516085
   7    18  17266.492474  2.088883
   8     6  13293.664326  18.271087
   8     7  13912.349610  7.458091
   8     9  5664.865824  12.374750
   8    16  8247.119779  10.352326
   9     5  16043.471554  9.968836
   9     8  5654.042428  12.356653
   9    10  21355.379073  5.495803
  10     9  21474.264411  5.551846
  10    11  17770.535521  12.479341
  10    15  24010.585395  14.973766
  10    16  11825.808857  25.122590
  10    17  8646.231473  18.786107
  11     4  6254.000468  8.371174
  11    10  17696.576327  12.355603
  11    12  9132.995819  16.784121
  11    14  9712.895501  13.443006
  12     3  10080.196395  4.020649
  12    11  9135.979502  16.798220
  12    13  13617.207622  3.034384
  13    12  13720.473713  3.035439
  13    24  11136.843397  17.737253
  14    11  9753.539904  13.602061
  14    15  9061.393258  12.314921
  14    23  8393.455614  9.062481
  15    10  24047.452467  15.029009
  15    14  9132.068901  12.545820
  15    19  19383.818311  4.411748
  15    22  17713.820510  8.218249
  16     8  8265.337889  10.399777
  16    10  11861.331556  25.377531
  16    17  11498.147281  9.008996
  16    18  15335.257124  3.165915
  17    10  8666.686235  18.888539
  17    16  11477.882897  8.959716
  17    19  12028.874356  13.598711
  18     7  17311.519338  2.089813
  18    16  15409.262316  3.169141
  18    20  16730.025278  4.156681
  19    15  19406.592883  4.418395
  19    17  12029.064734  13.599445
  19    20  9722.435228  12.559842
  20    18  16749.057334  4.157395
  20    19  9745.400178  12.641004
  20    21  7262.567402  9.819717
  20    22  8037.715085  9.716381
  21    20  7198.222755  9.686139
  21    22  8639.567829  4.234151
  21    24  9958.455261  10.769534
  22    15  17698.588653  8.200324
  22    20  8044.056738  9.731283
  22    21  8626.014374  4.220164
  22    23  9426.652898  11.580560
  23    14  8363.424374  8.990416
  23    22  9404.209238  11.508624
  23    24  8313.557679  4.154389
  24    13  11140.109488  17.753375
  24    21  9907.664070  10.612235
  24    23  8261.082779  4.100508
