<METADATA>
<File Name> ./SiouxFalls/SiouxFalls_MIX_0.20_1.00_0.20_0.80_3.00_flow.txt
<Number of Links> 76
<theta | lambda> 0.200000 | 1.000000
<stoch | determ> 0.200000 | 0.800000
<distant tolerance> 3.000000
<optimal objective> 3781888.635213
<system cost> 7318201.238616

<LINKS>
~ Init node | Term node | Flow | Cost
   1     2  7265.257880  6.005572
   1     3  10819.034413  4.027402
   2     1  7281.415715  6.005622
   2     6  6643.866944  7.417995
   3     1  10802.876578  4.027239
   3     4  17226.551687  4.616441
   3    12  14575.200667  4.090259
   4     3  17226.912236  4.616493
   4     5  18928.373699  2.385101
   4    11  6232.445980  8.338653
   5     4  19032.443939  2.393640
   5     6  7025.936688  6.439220
   5     9  16935.765263  11.169935
   6     2  6660.024779  7.441604
   6     5  7040.175434  6.459054
   6     8  12510.620969  14.763012
   7     8  13352.546092  6.782712
   7    18  16259.673276  2.069895
   8     6  12541.017551  14.887504
   8     7  13288.782410  6.710972
   8     9  7522.353477  17.383704
   8    16  8007.825888  9.757643
   9     5  17025.596757  11.301887
   9     8  7487.483282  17.247743
   9    10  21891.583249  5.756068
  10     9  22046.544548  5.834937
  10    11  17487.645808  12.014337
  10    15  23232.192342  13.865468
  10    16  10778.060176  18.574249
  10    17  8486.218081  18.009539
  11     4  6228.736289  8.333090
  11    10  17440.643001  11.939229
  11    12  7367.953697  10.567928
  11    14  9407.704815  12.310939
  12     3  14558.682283  4.089850
  12    11  7385.579590  10.611795
  12    13  15398.567834  3.056224
  13    12  15499.675343  3.057715
  13    24  10605.738929  15.298354
  14    11  9439.366424  12.423387
  14    15  8927.458045  11.891932
  14    23  7944.068776  8.062302
  15    10  23290.750639  13.945070
  15    14  8986.206311  12.075144
  15    19  18260.601558  4.111886
  15    22  16810.796448  7.232812
  16     8  8009.328982  9.761216
  16    10  10808.532378  18.739769
  16    17  10877.501422  7.613852
  16    18  19056.478202  3.395632
  17    10  8499.151687  18.070699
  17    16  10860.897363  7.579653
  17    19  8297.900714  4.626532
  18     7  16323.436959  2.070998
  18    16  19105.057556  3.399682
  18    20  20690.725978  4.366550
  19    15  18264.694214  4.112883
  19    17  8294.230262  4.621888
  19    20  8902.509648  10.017489
  20    18  20703.069015  4.367425
  20    19  8902.931853  10.018631
  20    21  6680.358248  8.734447
  20    22  7074.507434  7.830501
  21    20  6647.262816  8.680661
  21    22  8489.901914  4.083316
  21    24  9752.472155  10.146378
  22    15  16824.010355  7.246137
  22    20  7020.368108  7.744846
  22    21  8511.090063  4.104191
  22    23  9315.719772  11.229977
  23    14  7916.982118  8.007180
  23    22  9295.982503  11.168898
  23    24  8016.601770  3.862678
  24    13  10606.846438  15.303074
  24    21  9698.188574  9.988590
  24    23  7969.777843  3.819539
