<METADATA>
<File Name> ./SiouxFalls/SiouxFalls_MLT_0.20_1.50_0.50_0.50_1.20_flow.txt
<Number of Links> 76
<theta | lambda> 0.200000 | 1.500000
<stoch | determ> 0.500000 | 0.500000
<distant tolerance> 1.200000
<optimal objective> 8165117.701316
<system cost> 7466382.135963

<LINKS>
~ Init node | Term node | Flow | Cost
   1     2  6786.934965  6.004244
   1     3  10369.371071  4.023123
   2     1  6818.284556  6.004322
   2     6  6894.148017  7.803459
   3     1  10338.021480  4.022844
   3     4  16231.983913  4.485942
   3    12  13073.786408  4.058430
   4     3  16204.392085  4.482646
   4     5  18789.927081  2.373957
   4    11  6570.135735  8.888212
   5     4  18853.310909  2.379028
   5     6  7397.922356  6.998287
   5     9  17144.491715  11.479772
   6     2  6925.497608  7.854800
   6     5  7417.000372  7.029335
   6     8  12468.453684  14.591808
   7     8  13485.520936  6.935663
   7    18  15868.704074  2.063411
   8     6  12518.881291  14.796754
   8     7  13435.625953  6.877739
   8     9  7560.761271  17.535662
   8    16  8063.771210  9.891997
   9     5  17188.797527  11.547014
   9     8  7531.350516  17.419092
   9    10  22246.396407  5.939138
  10     9  22361.291463  6.000328
  10    11  17388.341084  11.856364
  10    15  23100.866707  13.689124
  10    16  10884.684157  19.159577
  10    17  8464.296112  17.906510
  11     4  6579.160080  8.904113
  11    10  17301.149433  11.719873
  11    12  7538.431480  11.005595
  11    14  9383.882203  12.227077
  12     3  13070.028645  4.058363
  12    11  7530.921130  10.985677
  12    13  14879.402679  3.049016
  13    12  14968.134566  3.050196
  13    24  10758.536718  15.963666
  14    11  9413.225246  12.330464
  14    15  8924.598288  11.883106
  14    23  8094.907807  8.379735
  15    10  23172.960409  13.785560
  15    14  8951.043970  11.965054
  15    19  18232.791013  4.105128
  15    22  17149.957106  7.584881
  16     8  8093.714590  9.965065
  16    10  10902.888383  19.261247
  16    17  11489.421861  8.987745
  16    18  19091.116885  3.398517
  17    10  8476.084890  17.961816
  17    16  11474.779859  8.952193
  17    19  8922.707786  5.511531
  18     7  15918.599056  2.064212
  18    16  19153.906492  3.403785
  18    20  20545.982094  4.356400
  19    15  18244.007508  4.107850
  19    17  8919.854562  5.507041
  19    20  9162.361706  10.751422
  20    18  20558.666685  4.357281
  20    19  9170.724978  10.776106
  20    21  6502.064266  8.454006
  20    22  7278.136981  8.170731
  21    20  6455.091940  8.383857
  21    22  8383.361777  3.980693
  21    24  9782.265754  10.234107
  22    15  17137.279995  7.571339
  22    20  7246.157170  8.115369
  22    21  8391.226349  3.988136
  22    23  9288.342503  11.145360
  23    14  8097.805168  8.386008
  23    22  9251.550153  11.032816
  23    24  8050.502548  3.894386
  24    13  10747.268605  15.913624
  24    21  9727.428855  10.073255
  24    23  8016.607560  3.862683
