<METADATA>
<File Name> ./SiouxFalls/SiouxFalls_MIX_0.02_0.10_1.50_flow.txt
<Number of Links> 76
<theta | lambda> 0.020000 | 0.000000
<stoch | determ> 0.900000 | 0.100000
<distant tolerance> 1.500000
<optimal objective> 103954361.491922
<system cost> 11432882.979521

<LINKS>
~ Init node | Term node | Flow | Cost
   1     2  8699.465259  6.011455
   1     3  14235.835995  4.082141
   2     1  8569.418161  6.010785
   2     6  7978.408232  10.028481
   3     1  14365.883093  4.085184
   3     4  21523.982399  5.502410
   3    12  21587.885221  4.434381
   4     3  21461.382608  5.485008
   4     5  21171.613969  2.602750
   4    11  7774.337506  11.662201
   5     4  21141.326833  2.599308
   5     6  8436.654914  9.071252
   5     9  18036.963726  12.938071
   6     2  7848.361134  9.708556
   6     5  8444.780678  9.090818
   6     8  13865.404341  21.256080
   7     8  14734.196397  8.608578
   7    18  19178.784707  2.135296
   8     6  13743.483007  20.587670
   8     7  14873.021876  8.822960
   8     9  9694.406332  30.367803
   8    16  10710.036124  20.222890
   9     5  17998.550826  12.870665
   9     8  9547.514019  29.161104
   9    10  24010.365174  6.988194
  10     9  23925.059962  6.931818
  10    11  18327.970432  13.462891
  10    15  24959.271040  16.478313
  10    16  11718.569463  24.366770
  10    17  9053.811638  20.968302
  11     4  7842.024851  11.861983
  11    10  18100.322224  13.050197
  11    12  11194.501556  30.341691
  11    14  9921.344937  14.280106
  12     3  21780.532110  4.450095
  12    11  11021.541812  28.871840
  12    13  15890.898859  3.063767
  13    12  16010.586004  3.065710
  13    24  11176.323360  17.933085
  14    11  10034.343817  14.756508
  14    15  9272.155995  13.019599
  14    23  9299.940156  11.629934
  15    10  24925.369026  16.421498
  15    14  9432.029433  13.587175
  15    19  18917.035432  4.280596
  15    22  18722.719067  9.512557
  16     8  10873.832583  21.175731
  16    10  11784.746676  24.830743
  16    17  12825.554579  12.850481
  16    18  25706.907906  4.310149
  17    10  9063.879434  21.026081
  17    16  12928.059263  13.201539
  17    19  9285.214036  6.117916
  18     7  19039.959227  2.131421
  18    16  25834.376894  4.336328
  18    20  21811.029369  4.452621
  19    15  18874.751755  4.269185
  19    17  9397.786517  6.321277
  19    20  10155.170870  14.188599
  20    18  21699.672877  4.443448
  20    19  10225.459673  14.473621
  20    21  10082.033451  20.186102
  20    22  8744.092823  11.605983
  21    20  10072.924107  20.134901
  21    22  13186.692080  14.125170
  21    24  8808.022273  7.754893
  22    15  18790.974169  9.608046
  22    20  8612.134478  11.216152
  22    21  13233.597488  14.298611
  22    23  9932.314003  13.342713
  23    14  9253.065599  11.477264
  23    22  9915.516167  13.279670
  23    24  11339.335908  9.456363
  24    13  11196.010505  18.031518
  24    21  8752.007522  7.635086
  24    23  11275.663514  9.290293
