<METADATA>
<File Name> ./SiouxFalls/SiouxFalls_MIX_0.50_0.80_1.15_flow.txt
<Number of Links> 76
<theta | lambda> 0.500000 | 0.000000
<stoch | determ> 0.800000 | 0.200000
<distant tolerance> 1.150000
<optimal objective> 7529841.361583
<system cost> 7777497.860079

<LINKS>
~ Init node | Term node | Flow | Cost
   1     2  5197.090607  6.001459
   1     3  8573.166009  4.010804
   2     1  5247.727466  6.001517
   2     6  6335.543207  6.999435
   3     1  8522.529150  4.010551
   3     4  15091.038242  4.363057
   3    12  11227.839645  4.031784
   4     3  14866.002524  4.341881
   4     5  18255.100673  2.333164
   4    11  6640.950288  9.014759
   5     4  18620.888313  2.360681
   5     6  8582.368310  9.430786
   5     9  16100.709364  10.040125
   6     2  6386.180066  7.064127
   6     5  8609.156211  9.498908
   6     8  12514.428066  14.778555
   7     8  13385.336295  6.820007
   7    18  15764.355459  2.061760
   8     6  12591.852827  15.097737
   8     7  13319.071803  6.744922
   8     9  7235.096337  16.318829
   8    16  8146.102865  10.094868
   9     5  16439.709102  10.478199
   9     8  7212.626489  16.240697
   9    10  21896.520657  5.758555
  10     9  22313.050546  5.974521
  10    11  17425.114046  11.914548
  10    15  22765.240640  13.251916
  10    16  11431.044479  22.440276
  10    17  7641.381141  14.580286
  11     4  6150.126930  8.217522
  11    10  17627.023187  12.240644
  11    12  7801.721324  11.742400
  11    14  9983.833490  14.541556
  12     3  11402.238504  4.033806
  12    11  7632.737569  11.260815
  12    13  13079.033874  3.029262
  13    12  13184.448978  3.030217
  13    24  10974.615929  16.954146
  14    11  9963.903028  14.457632
  14    15  9062.840132  12.319594
  14    23  8569.521913  9.500809
  15    10  22803.968879  13.301390
  15    14  9072.995554  12.352458
  15    19  18827.859479  4.256619
  15    22  18562.998931  9.293155
  16     8  8179.732982  10.179524
  16    10  11477.721595  22.743319
  16    17  12524.669730  11.867554
  16    18  16547.247006  3.224918
  17    10  7670.596535  14.681498
  17    16  12509.253401  11.819060
  17    19  10287.128677  8.204209
  18     7  15830.619951  2.062805
  18    16  16642.970569  3.230168
  18    20  18703.835870  4.244767
  19    15  18809.482964  4.251721
  19    17  10300.927741  8.237566
  19    20  9544.257338  11.949395
  20    18  18765.823925  4.248028
  20    19  9539.679888  11.934156
  20    21  6169.734249  7.989465
  20    22  7312.344772  8.230763
  21    20  6125.593071  7.933139
  21    22  9115.832161  4.769043
  21    24  9964.831763  10.789453
  22    15  18530.259106  9.248875
  22    20  7313.896555  8.233506
  22    21  9118.479850  4.772261
  22    23  9609.332226  12.185478
  23    14  8539.436029  9.423966
  23    22  9580.791874  12.088665
  23    24  8397.577695  4.242811
  24    13  10980.031033  16.979732
  24    21  9918.042895  10.644182
  24    23  8338.951459  4.180833
