<METADATA>
<File Name> ./SiouxFalls/SiouxFalls_MIX_0.10_0.20_1.40_flow.txt
<Number of Links> 76
<theta | lambda> 0.100000 | 0.000000
<stoch | determ> 0.200000 | 0.800000
<distant tolerance> 1.400000
<optimal objective> 5680763.882835
<system cost> 7950760.353413

<LINKS>
~ Init node | Term node | Flow | Cost
   1     2  6048.354294  6.002677
   1     3  9994.666557  4.019957
   2     1  6054.300507  6.002687
   2     6  7387.450804  8.696155
   3     1  9988.720344  4.019910
   3     4  13741.420868  4.249589
   3    12  11026.859610  4.029569
   4     3  13736.331559  4.249219
   4     5  17801.386631  2.301257
   4    11  6294.651030  8.433427
   5     4  17867.596057  2.305764
   5     6  8047.127464  8.197567
   5     9  16254.837072  10.235905
   6     2  7393.397016  8.708070
   6     5  8069.370659  8.244170
   6     8  12871.101147  16.298831
   7     8  14148.189117  7.768155
   7    18  17405.834861  2.091787
   8     6  12899.290555  16.424509
   8     7  14101.231910  7.705169
   8     9  5952.605811  12.895262
   8    16  8349.147117  10.622142
   9     5  16298.803303  10.292784
   9     8  5937.909581  12.866775
   9    10  21198.237255  5.423150
  10     9  21327.507257  5.482799
  10    11  17646.883018  12.273330
  10    15  23764.791952  14.611917
  10    16  11462.611995  22.644817
  10    17  8336.838014  17.323152
  11     4  6323.352295  8.478114
  11    10  17528.731996  12.080489
  11    12  8888.891859  15.676587
  11    14  9627.566284  13.115520
  12     3  11026.002706  4.029560
  12    11  8890.317870  15.682798
  12    13  14032.920406  3.038779
  13    12  14133.489514  3.039902
  13    24  10978.239795  16.971264
  14    11  9636.690514  13.150125
  14    15  9030.791977  12.216608
  14    23  8238.126459  8.698011
  15    10  23802.570192  14.666808
  15    14  9038.096950  12.239986
  15    19  18883.206270  4.271461
  15    22  17462.627713  7.928494
  16     8  8345.075548  10.611183
  16    10  11537.088302  23.134126
  16    17  11527.188202  9.080076
  16    18  15935.398907  3.193452
  17    10  8372.004490  17.481458
  17    16  11527.597222  9.081081
  17    19  11528.778619  11.786851
  18     7  17452.792067  2.092781
  18    16  16005.394625  3.196873
  18    20  17104.806743  4.171200
  19    15  18894.708103  4.274561
  19    17  11564.354116  11.908212
  19    20  9460.923508  11.675376
  20    18  17121.759668  4.171879
  20    19  9508.000837  11.829290
  20    21  7151.402774  9.591166
  20    22  7793.973300  9.169789
  21    20  7115.698976  9.519985
  21    22  8779.331785  4.382266
  21    24  9896.544070  10.578118
  22    15  17396.209094  7.853939
  22    20  7793.707352  9.169220
  22    21  8809.291236  4.414951
  22    23  9377.427026  11.423454
  23    14  8239.945716  8.702162
  23    22  9340.701909  11.307844
  23    24  8479.320116  4.331421
  24    13  10978.808903  16.973954
  24    21  9830.880821  10.378988
  24    23  8444.414257  4.293267
