<METADATA>
<File Name> ./SiouxFalls/SiouxFalls_MIX_0.20_1.00_0.00_1.00_2.00_flow.txt
<Number of Links> 76
<theta | lambda> 0.200000 | 1.000000
<stoch | determ> 0.000000 | 1.000000
<distant tolerance> 2.000000
<optimal objective> 1455387.245721
<system cost> 7276936.228607

<LINKS>
~ Init node | Term node | Flow | Cost
   1     2  7060.907611  6.004971
   1     3  10652.632942  4.025755
   2     1  7086.200601  6.005043
   2     6  6593.845008  7.345993
   3     1  10627.339952  4.025511
   3     4  17556.976529  4.665115
   3    12  14328.867582  4.084310
   4     3  17536.260209  4.661982
   4     5  18830.213801  2.377174
   4    11  6518.443162  8.798383
   5     4  18932.681077  2.385451
   5     6  6944.376889  6.327915
   5     9  16936.466340  11.170956
   6     2  6619.137997  7.382196
   6     5  6976.526454  6.371325
   6     8  12465.837324  14.581243
   7     8  13246.478240  6.663943
   7    18  15115.145996  2.052197
   8     6  12523.279879  14.814748
   8     7  13144.906509  6.552851
   8     9  7490.539068  17.259582
   8    16  7842.103874  9.375863
   9     5  17006.784050  11.274080
   9     8  7421.523860  16.995708
   9    10  22829.726636  6.259748
  10     9  22931.029138  6.317993
  10    11  17488.187669  12.015207
  10    15  23503.044779  14.238730
  10    16  10844.381233  18.936294
  10    17  8145.005255  16.494206
  11     4  6495.259566  8.758784
  11    10  17440.779915  11.939447
  11    12  7544.407369  11.021486
  11    14  9496.590606  12.629512
  12     3  14324.290913  4.084202
  12    11  7577.408486  11.109925
  12    13  15715.457114  3.060997
  13    12  15843.881562  3.063015
  13    24  10625.385312  15.382305
  14    11  9492.998139  12.616462
  14    15  8918.758859  11.865109
  14    23  7706.055930  7.596904
  15    10  23426.880590  14.132454
  15    14  8990.701208  12.089310
  15    19  18560.681292  4.186795
  15    22  16373.155264  6.808951
  16     8  7866.989907  9.431673
  16    10  10901.728240  19.254752
  16    17  10802.192004  7.459991
  16    18  16149.859375  3.204078
  17    10  8212.532692  16.779419
  17    16  10837.511174  7.531751
  17    19  8229.813241  4.541380
  18     7  15216.717727  2.053615
  18    16  16196.773244  3.206460
  18    20  20222.296684  4.334466
  19    15  18598.607949  4.196525
  19    17  8332.659848  4.670819
  19    20  8777.357029  9.686180
  20    18  20270.782285  4.337685
  20    19  8918.130293  10.059834
  20    21  6331.729204  8.206784
  20    22  7470.145745  8.518801
  21    20  6312.012050  8.179424
  21    22  8084.165384  3.712715
  21    24  9812.624923  10.324330
  22    15  16231.006767  6.678389
  22    20  7579.121765  8.728670
  22    21  8112.470687  3.736828
  22    23  9278.485159  11.115076
  23    14  7630.521114  7.457936
  23    22  9273.617985  11.100158
  23    24  7852.848958  3.715084
  24    13  10653.809760  15.504592
  24    21  9764.602466  10.181999
  24    23  7772.446968  3.645916
