<METADATA>
<File Name> ./SiouxFalls/SiouxFalls_MIX_0.20_1.00_0.20_0.80_1.10_flow.txt
<Number of Links> 76
<theta | lambda> 0.200000 | 1.000000
<stoch | determ> 0.200000 | 0.800000
<distant tolerance> 1.100000
<optimal objective> 3796855.694531
<system cost> 7314857.213838

<LINKS>
~ Init node | Term node | Flow | Cost
   1     2  6492.262947  6.003553
   1     3  10090.635707  4.020735
   2     1  6521.351907  6.003617
   2     6  6546.909810  7.279907
   3     1  10061.546747  4.020497
   3     4  16978.906166  4.581751
   3    12  13546.371382  4.067348
   4     3  16948.113312  4.577542
   4     5  18994.120978  2.390479
   4    11  6207.562979  8.301528
   5     4  19022.128489  2.392788
   5     6  6951.657837  6.337694
   5     9  16979.031212  11.233226
   6     2  6575.998769  7.320698
   6     5  6979.478588  6.375341
   6     8  12580.099104  15.048902
   7     8  13435.348383  6.877419
   7    18  16509.145944  2.074285
   8     6  12637.008815  15.286631
   8     7  13378.062890  6.811710
   8     9  7592.449606  17.662791
   8    16  8064.497239  9.893759
   9     5  16979.217972  11.233500
   9     8  7568.496662  17.566548
   9    10  21824.671619  5.722527
  10     9  21900.905435  5.760766
  10    11  17469.807927  11.985762
  10    15  23083.897043  13.666555
  10    16  10849.852733  18.966461
  10    17  8479.318821  17.977027
  11     4  6248.762614  8.363240
  11    10  17368.612993  11.825301
  11    12  7339.600996  10.498021
  11    14  9354.318285  12.123889
  12     3  13548.075276  4.067381
  12    11  7343.782373  10.508280
  12    13  15041.421692  3.051187
  13    12  15147.306962  3.052643
  13    24  10591.115059  15.236167
  14    11  9390.141611  12.249050
  14    15  8902.823308  11.816175
  14    23  7952.848725  8.080290
  15    10  23107.021274  13.697321
  15    14  8947.876036  11.955199
  15    19  18033.750343  4.057655
  15    22  16910.282189  7.333904
  16     8  8088.074401  9.951239
  16    10  10873.293987  19.096222
  16    17  11045.509414  7.968805
  16    18  19048.126959  3.394939
  17    10  8510.182085  18.123081
  17    16  11020.038212  7.913938
  17    19  8550.406672  4.961126
  18     7  16566.431437  2.075321
  18    16  19120.616576  3.400986
  18    20  21162.903673  4.401172
  19    15  18033.669488  4.057636
  19    17  8555.798735  4.968602
  19    20  9134.568147  10.669873
  20    18  21192.678783  4.403435
  20    19  9139.879354  10.685399
  20    21  6360.310592  8.246900
  20    22  7408.629166  8.404316
  21    20  6310.396670  8.177194
  21    22  8000.743848  3.643107
  21    24  9782.472485  10.234718
  22    15  16878.540003  7.301455
  22    20  7393.629406  8.376830
  22    21  7997.039441  3.640066
  22    23  9292.514286  11.158206
  23    14  7943.619323  8.061382
  23    22  9242.067933  11.004028
  23    24  7767.229161  3.641500
  24    13  10597.000329  15.261163
  24    21  9736.262970  10.098985
  24    23  7707.553406  3.591632
