<METADATA>
<File Name> ./SiouxFalls/SiouxFalls_MIX_0.20_1.00_0.50_0.50_2.00_flow.txt
<Number of Links> 76
<theta | lambda> 0.200000 | 1.000000
<stoch | determ> 0.500000 | 0.500000
<distant tolerance> 2.000000
<optimal objective> 8136438.152601
<system cost> 7463730.389136

<LINKS>
~ Init node | Term node | Flow | Cost
   1     2  6835.385206  6.004366
   1     3  10237.866018  4.021972
   2     1  6856.435340  6.004420
   2     6  6839.189187  7.715128
   3     1  10216.815885  4.021792
   3     4  16744.436057  4.550275
   3    12  14073.190305  4.078451
   4     3  16679.730528  4.541819
   4     5  18748.721668  2.370687
   4    11  6949.821069  9.615981
   5     4  18826.121655  2.376847
   5     6  7288.509467  6.824808
   5     9  16939.208712  11.174954
   6     2  6860.239320  7.748710
   6     5  7310.702805  6.859372
   6     8  12431.230804  14.442116
   7     8  13488.898902  6.939608
   7    18  15770.324387  2.061853
   8     6  12474.474275  14.616147
   8     7  13443.364030  6.886680
   8     9  7553.295452  17.505942
   8    16  8071.165699  9.909965
   9     5  16994.415361  11.255848
   9     8  7517.789301  17.365800
   9    10  22063.270464  5.843550
  10     9  22182.970963  5.905762
  10    11  17523.359535  12.071813
  10    15  23109.177470  13.700195
  10    16  10869.687568  19.076204
  10    17  8554.131032  18.333820
  11     4  6907.715552  9.529145
  11    10  17456.262418  11.964121
  11    12  7343.638698  10.507927
  11    14  9372.991561  12.188951
  12     3  14116.845701  4.079429
  12    11  7312.703036  10.432446
  12    13  14991.064085  3.050504
  13    12  15103.783819  3.052041
  13    24  10676.823902  15.604322
  14    11  9394.724589  12.265166
  14    15  8955.408464  11.978649
  14    23  8105.331695  8.402338
  15    10  23164.020350  13.773552
  15    14  8992.054681  12.093580
  15    19  18189.891974  4.094764
  15    22  17144.566419  7.579119
  16     8  8104.380448  9.991288
  16    10  10885.213269  19.162525
  16    17  11496.866523  9.005874
  16    18  19055.110685  3.395519
  17    10  8570.560068  18.413438
  17    16  11479.715949  8.964163
  17    19  8903.762078  5.481801
  18     7  15815.859260  2.062571
  18    16  19121.001710  3.401018
  18    20  20518.808345  4.354518
  19    15  18196.701660  4.096404
  19    17  8903.040539  5.480673
  19    20  9115.309906  10.613803
  20    18  20530.234242  4.355309
  20    19  9121.398053  10.631490
  20    21  6526.849800  8.491638
  20    22  7196.303549  8.030514
  21    20  6476.687794  8.415919
  21    22  8463.939865  4.057949
  21    24  9800.451611  10.288052
  22    15  17129.245830  7.562773
  22    20  7163.979600  7.976431
  22    21  8457.659309  4.051848
  22    23  9332.714047  11.282879
  23    14  8090.418507  8.370027
  23    22  9278.788952  11.116008
  23    24  8112.949022  3.953851
  24    13  10689.543636  15.659720
  24    21  9756.570161  10.158397
  24    23  8044.110739  3.888377
