<METADATA>
<File Name> ./SiouxFalls/SiouxFalls_MIX_0.20_1.00_0.50_0.50_3.00_flow.txt
<Number of Links> 76
<theta | lambda> 0.200000 | 1.000000
<stoch | determ> 0.500000 | 0.500000
<distant tolerance> 3.000000
<optimal objective> 8138809.985202
<system cost> 7464781.748859

<LINKS>
~ Init node | Term node | Flow | Cost
   1     2  6833.769709  6.004362
   1     3  10235.988552  4.021956
   2     1  6852.232312  6.004409
   2     6  6834.565422  7.707793
   3     1  10217.525949  4.021798
   3     4  16660.423419  4.539315
   3    12  14030.555259  4.077505
   4     3  16656.775919  4.538842
   4     5  18603.675914  2.359349
   4    11  6862.806428  9.438260
   5     4  18662.132490  2.363887
   5     6  7294.669270  6.834370
   5     9  16948.167909  11.188028
   6     2  6853.028025  7.737170
   6     5  7312.885274  6.862788
   6     8  12432.348878  14.446593
   7     8  13493.948876  6.945510
   7    18  15811.527570  2.062502
   8     6  12469.027485  14.594127
   8     7  13445.583434  6.889247
   8     9  7552.894300  17.504347
   8    16  8069.887009  9.906854
   9     5  16988.408481  11.247008
   9     8  7516.907556  17.362345
   9    10  22097.575140  5.861276
  10     9  22201.828968  5.915656
  10    11  17529.643230  12.081962
  10    15  23110.559953  13.702038
  10    16  10870.967295  19.083305
  10    17  8554.241769  18.334355
  11     4  6900.702352  9.514834
  11    10  17443.319530  11.943490
  11    12  7336.838648  10.491254
  11    14  9354.631919  12.124978
  12     3  14015.740157  4.077178
  12    11  7355.174895  10.536320
  12    13  14991.411499  3.050509
  13    12  15094.932643  3.051919
  13    24  10690.673888  15.664652
  14    11  9387.867896  12.241064
  14    15  8957.429513  11.984951
  14    23  8110.100210  8.412707
  15    10  23162.095226  13.770968
  15    14  8992.380056  12.094607
  15    19  18191.664416  4.095191
  15    22  17177.106930  7.613983
  16     8  8094.186918  9.966224
  16    10  10894.489240  19.214275
  16    17  11507.273069  9.031274
  16    18  19042.326228  3.394458
  17    10  8569.762079  18.409560
  17    16  11491.962647  8.993929
  17    19  8890.253733  5.460719
  18     7  15859.893012  2.063270
  18    16  19105.458505  3.399716
  18    20  20495.392082  4.352903
  19    15  18197.380500  4.096568
  19    17  8890.463621  5.461046
  19    20  9129.203928  10.654220
  20    18  20506.889800  4.353695
  20    19  9135.129899  10.671514
  20    21  6524.870539  8.488617
  20    22  7198.132898  8.033597
  21    20  6478.911058  8.419238
  21    22  8461.307715  4.055390
  21    24  9802.057819  10.292831
  22    15  17157.876662  7.593355
  22    20  7161.516068  7.972339
  22    21  8464.628344  4.058619
  22    23  9335.931903  11.292928
  23    14  8108.385644  8.408976
  23    22  9283.405435  11.130180
  23    24  8113.447600  3.954332
  24    13  10694.195032  15.680027
  24    21  9752.777709  10.147273
  24    23  8059.206566  3.902592
