<METADATA>
<File Name> ./SiouxFalls/SiouxFalls_MLT_0.1_0.9_0.8_0.2_flow.txt
<Number of Links> 76
<theta | lambda> 0.100000 | 0.900000<stoch | determ> 0.800000 | 0.200000<Optimal Objective> 22954592.510957
<System Cost> 8123203.430987

<LINKS>
~ Init node | Term node | Flow | Cost
   1     2  5184.941230  6.001445
   1     3  9268.366986  4.014759
   2     1  5198.407696  6.001461
   2     6  6339.052115  7.003869
   3     1  9254.900520  4.014673
   3     4  14860.909934  4.341413
   3    12  12425.241088  4.047670
   4     3  14855.214504  4.340889
   4     5  18801.631586  2.374889
   4    11  6828.310541  9.369663
   5     4  18919.556760  2.384384
   5     6  8353.664134  8.874641
   5     9  16699.594399  10.832900
   6     2  6352.518582  7.020950
   6     5  8381.291821  8.939437
   6     8  12513.266244  14.773822
   7     8  13542.081247  7.002105
   7    18  15559.545220  2.058612
   8     6  12554.360398  14.942426
   8     7  13411.839554  6.850352
   8     9  7389.113465  16.874302
   8    16  8161.183842  10.132706
   9     5  16789.891886  10.960095
   9     8  7270.346874  16.442876
   9    10  22330.198044  5.983673
  10     9  22401.728939  6.022092
  10    11  17594.842815  12.188016
  10    15  23182.027512  13.797662
  10    16  11121.567535  20.522941
  10    17  8888.321381  20.045829
  11     4  6804.689937  9.323253
  11    10  17490.814446  12.019327
  11    12  8085.710946  12.625297
  11    14  9957.378115  14.430550
  12     3  12417.470052  4.047551
  12    11  8102.704543  12.681148
  12    13  14044.793396  3.038910
  13    12  14154.015957  3.040135
  13    24  11096.508568  17.539304
  14    11  9912.735546  14.244214
  14    15  9241.677580  12.914860
  14    23  8542.772027  9.432468
  15    10  23128.429062  13.725969
  15    14  9286.074924  13.067652
  15    19  17903.063869  4.027329
  15    22  18539.351269  9.261138
  16     8  8190.802894  10.207615
  16    10  11224.598284  21.143810
  16    17  12883.370755  13.047449
  16    18  18380.271535  3.342396
  17    10  8914.448345  20.188065
  17    16  12730.953440  12.533882
  17    19  10189.320599  7.971598
  18     7  15689.786914  2.060599
  18    16  18665.338651  3.364137
  18    20  19718.515751  4.302362
  19    15  18282.141914  4.117142
  19    17  10063.030248  7.681002
  19    20  9641.383765  12.277949
  20    18  20033.824561  4.322170
  20    19  9894.171459  13.180862
  20    21  6813.441651  8.958946
  20    22  7831.806944  9.251348
  21    20  6706.606056  8.777677
  21    22  8918.795840  4.537290
  21    24  9710.569483  10.024336
  22    15  18051.072118  8.627149
  22    20  8406.739042  10.644018
  22    21  8815.420968  4.421674
  22    23  9538.530241  11.946888
  23    14  8453.732113  9.209461
  23    22  9521.808317  11.891312
  23    24  9233.801770  5.278687
  24    13  11105.731129  17.584398
  24    21  9707.108760  10.014351
  24    23  9128.039932  5.131017
