<METADATA>
<File Name> ./SiouxFalls/SiouxFalls_MIX_0.50_0.50_2.00_flow.txt
<Number of Links> 76
<theta | lambda> 0.500000 | 0.000000
<stoch | determ> 0.500000 | 0.500000
<distant tolerance> 2.000000
<optimal objective> 4978313.682097
<system cost> 7366775.031497

<LINKS>
~ Init node | Term node | Flow | Cost
   1     2  6219.525324  6.002993
   1     3  9728.226478  4.017913
   2     1  6257.642754  6.003067
   2     6  6713.476627  7.520935
   3     1  9690.109049  4.017634
   3     4  16602.663921  4.531874
   3    12  13471.371341  4.065868
   4     3  16613.765103  4.533298
   4     5  18734.034640  2.369527
   4    11  6575.490778  8.897640
   5     4  18783.882776  2.373476
   5     6  7240.549903  6.751188
   5     9  17013.385976  11.283828
   6     2  6751.594056  7.578678
   6     5  7275.008730  6.803936
   6     8  12427.291623  14.426353
   7     8  13287.831903  6.709911
   7    18  15151.579081  2.052703
   8     6  12499.867880  14.719189
   8     7  13226.044460  6.641387
   8     9  7495.257370  17.277890
   8    16  7861.472677  9.419254
   9     5  17028.775285  11.306595
   9     8  7445.843809  17.087858
   9    10  22636.431619  6.150744
  10     9  22702.407367  6.187637
  10    11  17474.852610  11.993834
  10    15  23428.161098  14.134232
  10    16  10853.009657  18.983888
  10    17  8098.248522  16.300834
  11     4  6636.743825  9.007128
  11    10  17353.365484  11.801366
  11    12  7500.300058  10.905082
  11    14  9524.143272  12.730097
  12     3  13422.152729  4.064911
  12    11  7554.296772  11.047867
  12    13  15119.561629  3.052258
  13    12  15224.339731  3.053722
  13    24  10726.106458  15.820065
  14    11  9509.912479  12.678036
  14    15  8951.741592  11.967226
  14    23  8117.849933  8.429597
  15    10  23367.210369  14.049914
  15    14  8997.669626  12.111315
  15    19  18426.089409  4.152744
  15    22  17324.974248  7.774922
  16     8  7921.675052  9.556186
  16    10  10912.150582  19.313172
  16    17  11077.712687  8.038718
  16    18  16097.390640  3.201439
  17    10  8187.521200  16.672954
  17    16  10984.251054  7.837490
  17    19  9354.675021  6.242527
  18     7  15213.366523  2.053567
  18    16  16310.195573  3.212304
  18    20  19109.158327  4.266684
  19    15  18584.717612  4.192954
  19    17  9350.486065  6.234933
  19    20  8784.359523  9.704347
  20    18  19283.750702  4.276564
  20    19  8938.798771  10.116207
  20    21  6490.447965  8.436516
  20    22  7163.152466  7.975057
  21    20  6442.705583  8.365613
  21    22  8498.120608  4.091394
  21    24  9798.599279  10.282543
  22    15  17051.323350  7.480312
  22    20  7439.926471  8.462207
  22    21  8486.654308  4.080130
  22    23  9302.923792  11.190334
  23    14  8057.691106  8.299744
  23    22  9294.580599  11.164575
  23    24  8191.346735  4.030476
  24    13  10730.884559  15.841141
  24    21  9762.323197  10.175296
  24    23  8122.844714  3.963402
