<METADATA>
<File Name> ./SiouxFalls/SiouxFalls_MIX_0.02_0.30_1.25_flow.txt
<Number of Links> 76
<theta | lambda> 0.020000 | 0.000000
<stoch | determ> 0.300000 | 0.700000
<distant tolerance> 1.250000
<optimal objective> 30205629.709201
<system cost> 9983392.875386

<LINKS>
~ Init node | Term node | Flow | Cost
   1     2  5397.606727  6.001698
   1     3  8655.152936  4.011224
   2     1  5171.012717  6.001430
   2     6  6791.214777  7.639743
   3     1  8881.746947  4.012446
   3     4  15331.908440  4.386797
   3    12  10590.972079  4.025164
   4     3  15343.017363  4.387919
   4     5  20947.370090  2.577616
   4    11  7607.235161  11.190857
   5     4  20921.883618  2.574810
   5     6  9399.356231  11.813156
   5     9  17028.122360  11.305628
   6     2  6564.620766  7.304678
   6     5  9440.321547  11.950258
   6     8  13339.490499  18.496609
   7     8  15007.730663  9.036804
   7    18  18316.544237  2.112557
   8     6  13153.861805  17.597350
   8     7  15245.983974  9.429376
   8     9  7721.767055  18.198343
   8    16  8906.484229  12.280456
   9     5  16961.670572  11.207772
   9     8  7878.307772  18.883643
   9    10  23126.908633  6.432824
  10     9  23316.997562  6.547086
  10    11  17805.953770  12.539147
  10    15  24148.653884  15.181962
  10    16  13417.107861  38.999303
  10    17  6616.747205  11.699436
  11     4  7743.830556  11.573847
  11    10  17408.675721  11.888493
  11    12  8543.505087  14.258022
  11    14  9717.481688  13.460853
  12     3  10806.457167  4.027275
  12    11  8218.202475  13.070320
  12    13  13536.333388  3.033574
  13    12  13526.515865  3.033477
  13    24  11567.993714  19.991295
  14    11  9882.101646  14.118419
  14    15  9002.168168  12.125547
  14    23  8698.732564  9.840151
  15    10  24266.329074  15.362247
  15    14  9128.627467  12.534452
  15    19  20695.263189  4.834357
  15    22  18419.513683  9.100824
  16     8  8802.568129  11.946578
  16    10  13654.210854  41.539646
  16    17  14735.582223  20.906606
  16    18  15299.964444  3.164393
  17    10  6749.336000  12.004991
  17    16  14728.944307  20.872562
  17    19  12211.811744  14.320552
  18     7  18078.290926  2.106814
  18    16  15439.789253  3.170485
  18    20  17430.797543  4.184629
  19    15  20946.934169  4.925227
  19    17  12337.762623  14.836760
  19    20  10196.705006  14.356307
  20    18  17232.369040  4.176364
  20    19  10574.326864  15.977783
  20    21  8352.813138  12.683464
  20    22  9139.002998  12.882677
  21    20  8405.036403  12.852183
  21    22  9672.860911  5.510461
  21    24  9898.849676  10.585182
  22    15  18311.977193  8.959596
  22    20  9165.973089  12.976140
  22    21  9716.085205  5.573630
  22    23  9451.662943  11.661329
  23    14  8736.893223  9.943309
  23    22  9414.320837  11.540970
  23    24  9240.921895  5.288802
  24    13  11458.176190  19.392652
  24    21  9907.848647  10.612802
  24    23  9241.740448  5.289968
