<METADATA>
<File Name> ./SiouxFalls/SiouxFalls_MIX_0.10_0.10_2.00_flow.txt
<Number of Links> 76
<theta | lambda> 0.100000 | 0.000000
<stoch | determ> 0.100000 | 0.900000
<distant tolerance> 2.000000
<optimal objective> 3247312.574643
<system cost> 7379560.875270

<LINKS>
~ Init node | Term node | Flow | Cost
   1     2  7158.393468  6.005252
   1     3  10856.295716  4.027782
   2     1  7196.690770  6.005365
   2     6  6657.109441  7.437331
   3     1  10817.998413  4.027392
   3     4  17553.433450  4.664579
   3    12  14349.121596  4.084787
   4     3  17533.237894  4.661525
   4     5  18803.979226  2.375077
   4    11  6562.103570  8.874114
   5     4  18868.938569  2.380287
   5     6  7019.259261  6.429960
   5     9  16963.115106  11.209887
   6     2  6695.406744  7.493903
   6     5  7055.954530  6.481174
   6     8  12482.364616  14.648097
   7     8  13355.200542  6.785721
   7    18  14893.660589  2.049205
   8     6  12557.357188  14.954800
   8     7  13273.079025  6.693462
   8     9  7522.824798  17.385554
   8    16  7903.928799  9.515496
   9     5  16991.379180  11.251378
   9     8  7487.635394  17.248332
   9    10  22961.432179  6.335624
  10     9  23054.506849  6.390038
  10    11  17507.698083  12.046565
  10    15  23404.363411  14.101232
  10    16  10915.719102  19.333213
  10    17  8223.007088  16.824294
  11     4  6576.948672  8.900210
  11    10  17423.125928  11.911393
  11    12  7599.061317  11.168583
  11    14  9470.517537  12.535132
  12     3  14331.019848  4.084360
  12    11  7611.244181  11.201808
  12    13  15789.557888  3.062156
  13    12  15883.639004  3.063650
  13    24  10661.512126  15.537898
  14    11  9488.607620  12.600532
  14    15  8923.672326  11.880250
  14    23  7755.396721  7.689914
  15    10  23373.817284  14.059022
  15    14  8989.896089  12.086771
  15    19  18600.916919  4.197119
  15    22  16464.890230  6.895034
  16     8  7931.989258  9.579962
  16    10  10974.063923  19.663676
  16    17  10953.746604  7.772915
  16    18  16567.836948  3.226040
  17    10  8272.855218  17.040220
  17    16  10989.137706  7.847885
  17    19  8391.932960  4.747627
  18     7  14975.782106  2.050299
  18    16  16618.851127  3.228836
  18    20  20113.699303  4.327339
  19    15  18645.685241  4.208686
  19    17  8477.172191  4.860973
  19    20  8964.542740  10.186971
  20    18  20146.834999  4.329501
  20    19  9094.550294  10.553758
  20    21  6475.158761  8.413638
  20    22  7619.772909  8.809312
  21    20  6470.263080  8.406347
  21    22  8328.899633  3.929723
  21    24  9791.365879  10.261063
  22    15  16355.799544  6.792827
  22    20  7687.811840  8.947203
  22    21  8363.325041  3.961825
  22    23  9279.663182  11.118690
  23    14  7707.263041  7.599158
  23    22  9273.036835  11.098379
  23    24  7998.556044  3.845963
  24    13  10655.593243  15.512297
  24    21  9752.044790  10.145125
  24    23  7943.796016  3.795928
