<METADATA>
<File Name> ./SiouxFalls/SiouxFalls_MIX_0.02_0.10_1.25_route.txt
<Number of Pairs> 576
<Number of Zones> 24
<theta | lambda> 0.020000 | 0.000000
<stoch | determ> 0.900000 | 0.100000
<distant tolerance> 1.250000
<optimal objective> 103984408.703111
<system cost> 11596928.777814

<ROUTES>
<PATHS>
~ Origin | Destination | Flow | Cost
 1	6.010
 1	4.078
 1	9.619
 1	12.223
 2	18.677
 3	57.012
 3	43.722
 1	24.532
 2	39.534
 2	28.566
 1	8.477
 1	11.539
 3	45.376
 3	53.703
 5	59.490
 3	62.925
 3	58.349
 3	65.437
 4	61.260
 2	48.629
 3	58.290
 2	48.500
 1	29.385
 1	6.010
 1	10.088
 2	18.527
 2	18.723
 2	17.069
 3	55.729
 3	43.671
 2	31.031
 3	52.364
 3	34.215
 1	14.488
 1	17.550
 4	50.527
 3	66.294
 4	58.002
 3	65.581
 3	68.560
 3	61.538
 4	61.866
 1	4.076
 1	10.086
 1	5.542
 1	8.145
 2	18.960
 4	54.512
 3	42.951
 1	20.454
 2	35.456
 2	24.488
 1	4.400
 1	7.462
 3	41.299
 3	49.625
 4	58.122
 3	60.386
 3	54.777
 2	44.422
 1	9.551
 2	18.752
 1	5.475
 1	2.604
 2	18.258
 5	52.308
 3	40.915
 1	14.912
 2	32.653
 2	22.013
 1	9.875
 1	12.937
 3	40.918
 3	45.623
 5	53.878
 3	57.169
 5	53.001
 3	59.536
 5	57.276
 3	57.731
 4	60.632
 3	45.085
 1	30.782
 1	12.134
 2	18.961
 1	8.057
 1	2.582
 1	10.531
 4	49.235
 2	36.081
 1	12.308
 2	30.987
 2	24.595
 1	12.457
 1	15.519
 3	42.293
 2	47.696
 4	49.813
 3	55.367
 3	57.778
 4	53.853
 4	57.469
 3	62.406
 3	47.667
 2	18.504
 2	16.974
 2	18.732
 2	18.022
 1	10.061
 3	43.138
 2	31.946
 1	22.369
 3	47.714
 2	34.928
 2	23.132
 2	26.194
 3	52.565
 3	60.594
 3	45.501
 3	51.328
 3	44.094
 3	62.469
 3	48.382
 4	58.105
 4	59.322
 4	56.238
 3	49.177
 3	57.015
 3	55.608
 5	55.358
 4	51.734
 3	48.480
 3	43.045
 2	16.535
 3	43.483
 4	49.336
 4	63.318
 5	58.085
 4	60.038
 5	45.199
 4	32.518
 1	6.282
 2	32.551
 1	2.120
 4	31.118
 1	6.567
 2	30.818
 2	28.802
 2	38.618
 2	38.921
 3	43.408
 3	43.302
 3	42.674
 3	40.748
 2	36.035
 2	31.865
 2	16.408
 1	30.468
 3	49.432
 5	55.774
 3	47.073
 3	50.135
 5	57.614
 4	46.495
 2	18.158
 3	37.260
 2	17.175
 4	44.578
 2	21.621
 2	44.703
 3	39.448
 3	50.117
 3	52.288
 1	24.400
 2	31.228
 1	20.324
 1	14.849
 1	12.267
 1	22.798
 3	42.870
 1	28.843
 1	6.710
 2	23.217
 2	34.747
 2	37.809
 2	36.060
 1	23.419
 3	41.147
 2	34.236
 3	42.463
 2	37.137
 4	45.793
 4	56.098
 2	45.593
 3	47.121
 4	55.477
 2	39.880
 3	52.791
 2	35.804
 2	32.883
 2	31.162
 3	48.304
 4	48.977
 3	49.000
 1	6.633
 1	13.557
 2	37.379
 2	40.441
 2	29.350
 1	16.709
 4	44.800
 2	27.526
 4	46.465
 2	30.426
 4	45.526
 3	50.949
 1	26.347
 3	40.411
 3	49.884
 2	29.093
 3	34.823
 2	25.016
 2	22.473
 2	25.077
 2	35.726
 4	62.828
 5	55.704
 2	23.118
 1	13.289
 2	26.263
 2	29.325
 2	25.071
 2	29.000
 4	60.106
 2	40.815
 4	62.084
 2	33.504
 4	59.918
 4	57.682
 4	43.550
 2	35.746
 3	42.672
 1	8.491
 1	14.501
 1	4.414
 1	9.956
 1	12.560
 2	23.375
 5	58.281
 3	47.365
 2	34.414
 2	36.885
 2	25.633
 1	3.062
 3	40.786
 3	55.100
 5	63.767
 3	62.621
 5	62.290
 3	59.605
 4	58.095
 2	42.102
 3	50.677
 2	40.022
 1	20.907
 1	11.555
 1	17.565
 1	7.478
 1	13.020
 1	15.624
 2	26.439
 4	59.418
 3	50.429
 2	37.478
 2	39.949
 2	28.697
 1	3.064
 3	41.724
 3	54.175
 5	63.210
 3	60.158
 4	58.444
 4	60.238
 4	57.027
 2	39.304
 3	47.670
 1	27.230
 1	17.845
 3	46.328
 4	51.629
 3	42.251
 3	41.819
 3	43.088
 3	53.709
 4	44.933
 5	57.046
 2	36.066
 2	29.434
 2	28.677
 3	41.746
 3	42.610
 1	13.422
 4	44.594
 2	34.189
 4	42.812
 1	17.926
 3	38.377
 2	33.109
 2	23.722
 1	11.445
 1	20.963
 3	54.488
 3	66.929
 3	50.411
 3	46.393
 2	47.986
 3	60.994
 4	32.275
 4	46.795
 1	23.457
 1	16.825
 2	29.801
 3	56.288
 3	54.439
 1	13.876
 4	31.842
 2	20.767
 4	30.154
 1	4.505
 3	25.985
 2	30.708
 1	9.638
 2	24.109
 3	32.955
 5	59.198
 4	57.873
 4	57.796
 5	53.441
 4	49.377
 3	45.419
 1	6.336
 2	18.381
 3	41.633
 4	44.397
 4	60.716
 5	64.151
 5	63.868
 5	45.289
 4	31.985
 2	26.652
 1	4.215
 4	30.247
 1	8.662
 3	36.951
 3	31.761
 3	42.603
 3	44.983
 3	63.275
 3	65.969
 3	60.600
 3	57.303
 3	55.462
 3	51.661
 2	33.112
 3	37.862
 2	34.039
 2	27.406
 2	40.963
 3	63.166
 3	60.164
 2	34.188
 2	20.312
 2	27.417
 2	30.817
 2	17.862
 3	28.729
 3	45.855
 3	36.265
 4	44.298
 5	48.537
 3	58.321
 5	52.569
 3	43.988
 1	2.120
 2	17.316
 3	43.014
 4	45.924
 4	62.597
 5	62.490
 4	59.116
 5	43.079
 4	30.398
 1	4.162
 2	29.995
 4	28.998
 1	4.447
 2	28.698
 2	26.682
 2	36.498
 3	65.924
 3	69.112
 3	59.816
 3	58.020
 3	62.819
 3	30.691
 4	42.975
 2	37.105
 2	30.472
 2	34.174
 3	60.661
 4	61.102
 1	18.249
 1	4.373
 3	29.045
 2	18.209
 3	28.571
 2	26.313
 2	31.685
 2	20.296
 3	32.224
 4	40.181
 4	60.795
 3	60.833
 5	57.240
 3	52.971
 3	47.855
 1	6.538
 2	21.733
 4	45.841
 4	45.023
 5	56.667
 4	58.798
 4	57.854
 4	38.926
 3	26.798
 1	8.580
 3	27.992
 1	4.418
 3	26.688
 2	24.251
 2	22.235
 2	32.051
 2	32.354
 3	56.311
 3	57.796
 4	57.462
 4	58.245
 2	29.613
 2	44.038
 4	56.494
 2	47.493
 4	58.094
 3	46.857
 3	44.098
 2	33.302
 2	30.669
 3	36.308
 3	46.013
 2	27.492
 2	31.629
 2	23.075
 1	13.992
 2	21.709
 2	18.179
 4	63.378
 5	65.095
 4	59.914
 5	59.615
 3	62.156
 4	57.965
 2	27.139
 3	37.705
 2	46.233
 1	27.255
 4	45.143
 3	51.250
 3	48.257
 3	29.336
 1	10.430
 3	31.193
 3	37.252
 2	25.018
 2	19.611
 2	20.601
 1	14.263
 2	20.744
 2	22.426
 2	49.266
 2	45.189
 3	45.999
 3	48.603
 4	56.928
 2	36.869
 3	48.235
 4	52.556
 3	40.752
 2	36.458
 2	40.775
 2	38.979
 1	11.592
 2	24.187
 3	41.758
 3	41.180
 2	34.749
 3	31.506
 2	30.331
 2	21.664
 2	20.400
 1	9.518
 2	42.949
 1	30.990
 3	49.342
 2	37.554
 3	50.729
 4	53.066
 4	50.130
 2	39.317
 1	21.034
 1	17.970
 1	20.977
 3	33.047
 3	44.184
 5	48.838
 4	39.726
 2	31.016
 1	7.604
 2	21.967
 1	9.385



 1	6.010
 1	4.078
 1	9.619
 1	12.223
 1	15.171
 1	44.711
 1	36.514
 1	24.531
 1	31.241
 1	21.335
 1	8.477
 1	11.539
 1	35.959
 1	47.948
 1	50.993
 1	64.180
 1	46.831
 1	52.452
 1	51.278
 1	36.989
 2	51.636
 1	38.773
 1	29.386
 1	6.010
 1	10.088
 1	21.805
 1	19.222
 1	9.161
 1	38.701
 1	30.504
 1	31.531
 1	38.241
 1	27.345
 1	14.488
 1	17.550
 1	41.969
 1	54.947
 1	44.983
 1	58.170
 1	59.096
 1	45.268
 1	56.989
 1	4.076
 1	10.086
 1	5.542
 1	8.145
 1	18.677
 1	48.217
 1	40.020
 1	20.454
 1	27.164
 1	17.257
 1	4.400
 1	7.462
 1	31.881
 1	43.870
 2	54.049
 1	46.907
 2	47.559
 1	34.695
 1	9.551
 1	22.411
 1	5.475
 1	2.604
 1	13.136
 1	42.676
 1	34.478
 1	14.912
 1	21.622
 1	11.716
 1	9.875
 1	12.937
 1	26.340
 1	38.328
 2	48.508
 1	41.365
 1	44.796
 1	42.833
 1	49.242
 1	38.387
 1	47.965
 2	39.561
 1	30.783
 1	12.134
 1	19.807
 1	8.057
 1	2.582
 1	10.532
 1	40.072
 1	31.875
 1	12.308
 1	19.018
 1	14.298
 1	12.457
 1	15.519
 1	28.922
 1	35.725
 1	44.755
 1	38.762
 1	40.229
 1	46.639
 1	40.969
 1	45.361
 2	42.143
 1	15.285
 1	9.275
 1	18.118
 1	12.644
 1	10.061
 1	29.540
 1	21.343
 1	22.369
 1	29.080
 1	24.359
 1	22.518
 1	25.580
 1	38.983
 1	59.730
 1	43.820
 1	57.006
 1	31.660
 1	63.354
 1	36.107
 1	56.943
 1	50.054
 2	52.204
 1	43.427
 1	44.217
 1	38.206
 1	47.050
 1	41.575
 1	38.993
 1	28.932
 1	8.221
 2	37.859
 1	31.119
 1	44.678
 1	51.450
 1	54.512
 1	38.644
 1	24.768
 1	6.282
 1	19.469
 1	2.120
 1	20.395
 1	6.567
 1	27.403
 1	20.514
 1	33.810
 1	35.173
 1	35.996
 1	29.985
 1	38.829
 1	33.354
 1	30.772
 1	20.710
 1	8.197
 1	30.467
 1	47.314
 1	45.070
 1	43.229
 1	46.291
 1	46.841
 1	38.387
 1	22.477
 1	35.663
 1	10.317
 1	42.011
 1	14.764
 1	35.600
 1	28.711
 1	42.007
 1	43.371
 1	24.400
 1	32.073
 1	20.324
 1	14.849
 1	12.267
 1	22.798
 1	37.040
 1	28.843
 1	6.710
 1	20.269
 1	24.724
 1	27.786
 1	34.893
 1	23.416
 1	32.446
 1	26.453
 1	36.662
 1	27.921
 2	41.403
 1	47.328
 1	33.052
 2	46.344
 3	55.648
 1	31.033
 1	38.706
 1	26.957
 1	21.482
 1	18.899
 1	29.431
 1	32.072
 1	48.640
 1	6.633
 1	13.559
 1	45.343
 1	48.405
 1	28.183
 1	16.706
 1	25.736
 1	38.923
 1	29.952
 1	21.211
 2	34.693
 1	40.618
 1	26.342
 2	39.634
 3	48.938
 1	21.424
 1	27.434
 1	17.348
 1	11.873
 1	14.477
 1	25.009
 1	45.356
 1	46.351
 1	19.916
 1	13.283
 1	31.783
 1	34.845
 1	14.624
 2	28.050
 1	39.020
 1	33.027
 1	43.235
 1	32.554
 1	47.362
 1	43.185
 2	37.686
 1	26.072
 1	35.582
 1	8.491
 1	14.501
 1	4.414
 1	9.956
 1	12.560
 1	23.091
 1	52.631
 1	44.434
 1	24.868
 1	43.625
 1	30.342
 1	3.062
 1	44.966
 2	54.037
 1	69.362
 3	64.462
 2	54.024
 2	58.542
 1	49.345
 1	28.512
 2	43.159
 1	30.295
 1	20.908
 1	11.555
 1	17.565
 1	7.478
 1	13.020
 1	15.624
 1	26.155
 2	52.822
 1	47.498
 1	27.932
 1	46.689
 1	33.406
 1	3.064
 1	38.819
 3	50.820
 1	54.862
 3	62.059
 1	50.700
 3	55.324
 1	46.283
 1	25.450
 2	40.097
 1	27.233
 1	17.847
 1	36.769
 1	42.779
 1	32.692
 1	27.217
 1	29.821
 1	40.353
 1	42.503
 1	53.208
 2	35.460
 2	28.827
 1	15.344
 1	47.128
 1	38.927
 1	13.425
 1	38.651
 1	24.665
 1	37.155
 1	17.930
 1	32.738
 1	28.561
 1	23.061
 1	11.448
 1	20.957
 1	47.865
 1	55.538
 1	43.788
 1	38.313
 1	35.731
 1	60.494
 1	25.850
 1	39.783
 1	23.464
 1	16.832
 2	30.390
 2	53.262
 2	50.191
 1	13.876
 1	25.226
 1	11.240
 1	23.730
 1	4.505
 1	19.312
 1	23.912
 1	9.636
 1	22.932
 2	32.222
 1	50.553
 1	44.543
 2	53.118
 2	47.643
 1	43.736
 1	43.615
 1	6.336
 1	22.904
 1	31.470
 1	24.837
 1	38.396
 1	70.180
 1	55.239
 1	37.783
 1	23.908
 1	13.187
 1	4.216
 1	19.534
 1	8.662
 1	29.498
 1	22.609
 1	35.905
 1	37.269
 1	64.539
 1	58.529
 1	46.584
 1	41.109
 1	38.527
 1	57.601
 1	20.322
 1	36.890
 1	26.260
 1	38.823
 1	33.186
 2	63.983
 2	60.912
 1	24.597
 1	10.721
 1	13.986
 1	18.202
 1	6.348
 1	21.156
 1	34.633
 1	20.357
 2	33.771
 2	42.942
 1	46.337
 1	43.696
 1	31.052
 1	2.120
 1	10.342
 1	35.632
 1	28.999
 1	42.558
 1	53.570
 1	51.023
 1	36.524
 1	22.648
 1	4.162
 1	17.349
 1	18.275
 1	4.447
 1	25.283
 1	18.394
 1	31.690
 1	52.238
 1	59.552
 1	42.686
 1	40.104
 1	64.336
 1	21.346
 1	43.626
 1	27.837
 1	21.205
 1	34.764
 2	57.635
 2	54.565
 1	18.249
 1	4.373
 1	20.722
 1	6.735
 1	19.225
 1	14.808
 1	28.285
 1	14.009
 2	27.423
 2	36.595
 1	50.755
 1	44.744
 1	48.113
 1	45.531
 1	35.469
 1	6.538
 1	14.759
 2	41.055
 2	34.422
 3	47.953
 1	49.640
 1	46.576
 1	32.077
 1	18.201
 1	8.579
 1	20.564
 1	4.417
 1	13.828
 1	20.836
 1	13.947
 1	27.243
 1	28.606
 1	37.295
 1	38.760
 1	41.364
 1	56.302
 1	27.371
 1	35.592
 1	47.888
 1	41.255
 1	44.087
 1	28.804
 1	25.740
 1	28.743
 1	24.423
 1	29.412
 1	35.663
 1	25.250
 1	28.928
 1	20.833
 1	13.990
 1	17.157
 1	7.770
 2	52.110
 1	57.581
 2	48.034
 1	48.747
 1	46.164
 1	47.019
 1	18.087
 1	26.308
 1	33.898
 1	27.265
 2	40.824
 2	43.619
 2	40.555
 2	24.309
 1	10.433
 1	20.128
 1	21.673
 1	15.967
 1	14.938
 1	11.549
 1	14.276
 1	13.296
 2	22.585
 1	39.034
 1	34.957
 2	40.498
 1	43.103
 1	53.635
 1	31.054
 1	39.275
 3	47.024
 3	40.391
 1	26.930
 1	30.543
 1	27.479
 1	11.586
 1	23.401
 1	33.096
 2	34.982
 1	28.934
 2	28.247
 1	24.516
 1	17.113
 1	12.967
 1	9.509
 1	29.525
 1	30.990
 1	44.125
 1	34.974
 1	43.195
 4	56.274
 4	49.641
 1	36.317
 1	21.034
 1	17.970
 1	20.972
 2	32.684
 1	37.016
 3	44.213
 2	37.188
 1	28.436
 1	7.603
 2	22.250
 1	9.387

<Input Total Flows> 360600.000000
<Output Total Flows> 360599.846572
