<METADATA>
<File Name> ./SiouxFalls/SiouxFalls_MIX_0.10_0.80_1.30_flow.txt
<Number of Links> 76
<theta | lambda> 0.100000 | 0.000000
<stoch | determ> 0.800000 | 0.200000
<distant tolerance> 1.300000
<optimal objective> 21773277.708897
<system cost> 8436630.158365

<LINKS>
~ Init node | Term node | Flow | Cost
   1     2  6090.482826  6.002752
   1     3  10108.398594  4.020881
   2     1  6180.605440  6.002918
   2     6  7069.183204  8.099194
   3     1  10018.275980  4.020147
   3     4  17077.398166  4.595367
   3    12  14257.191242  4.082635
   4     3  16579.612227  4.528927
   4     5  18273.243228  2.334491
   4    11  8117.506206  12.730111
   5     4  18872.244699  2.380553
   5     6  7831.723725  7.765854
   5     9  16532.723508  10.603235
   6     2  7159.305818  8.260284
   6     5  7885.427123  7.870214
   6     8  12366.585439  14.185320
   7     8  14182.429376  7.814481
   7    18  17687.507190  2.097874
   8     6  12510.411451  14.762157
   8     7  14032.546114  7.614162
   8     9  7762.559597  18.372961
   8    16  8671.081873  11.540734
   9     5  17078.021581  11.379865
   9     8  7733.996398  18.250403
   9    10  22347.246074  5.992797
  10     9  22963.980948  6.337106
  10    11  17616.790234  12.223845
  10    15  23555.868422  14.313047
  10    16  11065.270664  20.190935
  10    17  8549.743092  18.312633
  11     4  7120.718795  9.984988
  11    10  17994.589541  12.863738
  11    12  8192.191761  12.981233
  11    14  9744.165906  13.565200
  12     3  14664.854567  4.092500
  12    11  7671.131134  11.367466
  12    13  14965.426969  3.050160
  13    12  14952.029667  3.049981
  13    24  11022.198369  17.180271
  14    11  9746.238430  13.573341
  14    15  9287.189102  13.071735
  14    23  8610.824456  9.607627
  15    10  23666.857029  14.470833
  15    14  9276.613850  13.035033
  15    19  17416.601471  3.920139
  15    22  18338.640385  8.994382
  16     8  8693.587822  11.608905
  16    10  11135.385931  20.605228
  16    17  13110.648193  13.847890
  16    18  21540.588814  3.645880
  17    10  8507.574786  18.110681
  17    16  13152.569857  14.000155
  17    19  10192.178216  7.978301
  18     7  17837.390452  2.101234
  18    16  21591.288366  3.651982
  18    20  18837.780586  4.251854
  19    15  17506.228401  3.939227
  19    17  10191.931574  7.977723
  19    20  9377.536786  11.408335
  20    18  18938.363399  4.257276
  20    19  9466.917074  11.694844
  20    21  7981.310825  11.571440
  20    22  8045.306452  9.734224
  21    20  7953.193082  11.493342
  21    22  10361.290171  6.621678
  21    24  9331.782993  8.990811
  22    15  18249.426810  8.878585
  22    20  8163.387296  10.018340
  22    21  10371.899993  6.640638
  22    23  9576.965813  12.075752
  23    14  8623.472231  9.640646
  23    22  9616.442905  12.209734
  23    24  9141.726398  5.149847
  24    13  10908.801067  16.646185
  24    21  9293.055428  8.891979
  24    23  9193.851265  5.222303
