<METADATA>
<File Name> ./SiouxFalls/SiouxFalls_MIX_0.20_0.00_1.10_flow.txt
<Number of Links> 76
<theta | lambda> 0.200000 | 0.000000
<stoch | determ> 0.000000 | 1.000000
<distant tolerance> 1.100000
<optimal objective> 7811629.026841
<system cost> 39058145.134207

<LINKS>
~ Init node | Term node | Flow | Cost
   1     2  3500.705340  6.000300
   1     3  6299.294660  4.003149
   2     1  3500.705340  6.000300
   2     6  6300.705340  6.955818
   3     1  6299.294660  4.003149
   3     4  11499.796413  4.122422
   3    12  8399.091073  4.009953
   4     3  11499.796413  4.122422
   4     5  17400.000000  2.274991
   4    11  6500.203587  8.767194
   5     4  17400.000000  2.274991
   5     6  12600.000000  29.229942
   5     9  11100.000000  6.138553
   6     2  6300.705340  6.955818
   6     5  12600.000000  29.229942
   6     8  16100.705340  37.012033
   7     8  8300.705340  3.564946
   7    18  12200.705340  2.022158
   8     6  16100.705340  37.012033
   8     7  8300.705340  3.564946
   8     9  1400.000000  10.008859
   8    16  12700.000000  35.098735
   9     5  11100.000000  6.138553
   9     8  1400.000000  10.008859
   9    10  18100.000000  4.287940
  10     9  18200.000000  4.316639
  10    11  16604.682500  10.701427
  10    15  15395.317500  7.516765
  10    16  24400.000000  386.809812
  10    17  0.000000  8.000000
  11     4  6600.203587  8.941447
  11    10  16404.682500  10.431660
  11    12  9240.286585  17.299870
  11    14  13949.474468  44.174157
  12     3  8399.091073  4.009953
  12    11  9244.588381  17.320928
  12    13  12054.502692  3.021115
  13    12  12158.804488  3.021856
  13    24  12054.502692  22.855960
  14    11  13945.172672  44.124623
  14    15  7893.802264  9.212838
  14    23  6955.672204  6.387573
  15    10  15495.317500  7.556559
  15    14  7940.807318  9.314082
  15    19  18846.582981  4.261626
  15    22  23657.661817  19.602105
  16     8  12700.000000  35.098735
  16    10  24500.000000  393.124068
  16    17  24400.000000  144.135865
  16    18  13600.000000  3.102631
  17    10  0.000000  8.000000
  17    16  24600.000000  148.853669
  17    19  19600.000000  83.758714
  18     7  12200.705340  2.022158
  18    16  13500.000000  3.099645
  18    20  13100.705340  4.058913
  19    15  18846.582981  4.261626
  19    17  19800.000000  87.147230
  19    20  5846.582981  5.119371
  20    18  12900.705340  4.055397
  20    19  6046.582981  5.280577
  20    21  5582.442295  7.333422
  20    22  5370.269384  5.939859
  21    20  5487.584779  7.245075
  21    22  10805.397204  7.466474
  21    24  11761.159103  18.115677
  22    15  23704.666871  19.734444
  22    20  5365.126900  5.936264
  22    21  10780.660538  7.416589
  22    23  11792.645738  22.565910
  23    14  6904.365354  6.317903
  23    22  11809.771642  22.673995
  23    24  7967.139409  3.817131
  24    13  12058.804488  22.882890
  24    21  11691.038254  17.758405
  24    23  7932.958463  3.786147
