<METADATA>
<File Name> ./SiouxFalls/SiouxFalls_MLT_0.20_1.00_0.50_0.50_1.50_flow.txt
<Number of Links> 76
<theta | lambda> 0.200000 | 1.000000
<stoch | determ> 0.500000 | 0.500000
<distant tolerance> 1.500000
<optimal objective> 8191358.831878
<system cost> 7504058.939688

<LINKS>
~ Init node | Term node | Flow | Cost
   1     2  5672.549209  6.002071
   1     3  9394.763584  4.015580
   2     1  5681.317737  6.002084
   2     6  6298.839448  6.953502
   3     1  9385.995056  4.015522
   3     4  16482.461305  4.516638
   3    12  12727.015790  4.052473
   4     3  16494.246674  4.518117
   4     5  18734.529783  2.369566
   4    11  7136.011435  10.019332
   5     4  18805.647687  2.375210
   5     6  7871.630489  7.843199
   5     9  16420.033572  10.452020
   6     2  6307.607976  6.964403
   6     5  7897.886906  7.894733
   6     8  12536.458407  14.868774
   7     8  13392.039969  6.827665
   7    18  15604.457904  2.059292
   8     6  12571.483352  15.013192
   8     7  13336.441646  6.764496
   8     9  7366.352055  16.789991
   8    16  7953.708617  9.630331
   9     5  16464.895058  10.511847
   9     8  7322.322376  16.629102
   9    10  22240.981499  5.936277
  10     9  22341.813306  5.989888
  10    11  17668.986851  12.309840
  10    15  23490.106837  14.220604
  10    16  10893.843996  19.210671
  10    17  7911.351759  15.560667
  11     4  7176.678901  10.111741
  11    10  17558.482008  12.128680
  11    12  7749.544651  11.590317
  11    14  9562.715387  12.872383
  12     3  12706.461892  4.052135
  12    11  7755.086221  11.606324
  12    13  14911.545727  3.049441
  13    12  14996.533399  3.050578
  13    24  10912.746845  16.664492
  14    11  9587.336440  12.964112
  14    15  9071.981790  12.349172
  14    23  8076.267497  8.339533
  15    10  23537.577586  14.287257
  15    14  9102.485770  12.448516
  15    19  18596.579859  4.196003
  15    22  17228.242004  7.669170
  16     8  7977.164919  9.685195
  16    10  10948.497922  19.518220
  16    17  11764.397793  9.681096
  16    18  16208.113198  3.207038
  17    10  7920.563733  15.595943
  17    16  11752.026991  9.648839
  17    19  9774.866814  7.057701
  18     7  15660.056227  2.060141
  18    16  16298.594227  3.211700
  18    20  19060.780420  4.263993
  19    15  18713.047770  4.226247
  19    17  9771.707987  7.051167
  19    20  8815.341504  9.785249
  20    18  19106.859772  4.266555
  20    19  8928.650588  10.088479
  20    21  6656.130171  8.694994
  20    22  7215.554269  8.063072
  21    20  6523.204083  8.486076
  21    22  8606.216984  4.199852
  21    24  9891.014322  10.561195
  22    15  17089.748822  7.520834
  22    20  7407.868794  8.402919
  22    21  8520.351966  4.113365
  22    23  9426.810918  11.581068
  23    14  8070.384571  8.326902
  23    22  9394.767242  11.478514
  23    24  8198.906720  4.037982
  24    13  10897.734518  16.594947
  24    21  9843.953251  10.418315
  24    23  8160.980118  4.000533
