<METADATA>
<File Name> ./SiouxFalls/SiouxFalls_MLT_0.20_1.50_0.50_0.50_1.15_flow.txt
<Number of Links> 76
<theta | lambda> 0.200000 | 1.500000
<stoch | determ> 0.500000 | 0.500000
<distant tolerance> 1.150000
<optimal objective> 8151034.783957
<system cost> 7467670.013354

<LINKS>
~ Init node | Term node | Flow | Cost
   1     2  6843.852777  6.004388
   1     3  10471.448119  4.024047
   2     1  6865.921224  6.004445
   2     6  6864.700877  7.755867
   3     1  10449.379672  4.023845
   3     4  16424.737384  4.509439
   3    12  13331.382884  4.063173
   4     3  16420.670148  4.508934
   4     5  18637.315804  2.361955
   4    11  6973.827781  9.666204
   5     4  18683.729982  2.365574
   5     6  7362.787081  6.941732
   5     9  16984.404490  11.241120
   6     2  6886.769324  7.791476
   6     5  7385.242985  6.977784
   6     8  12444.617057  14.495794
   7     8  13485.600404  6.935755
   7    18  15838.592166  2.062931
   8     6  12489.141408  14.675586
   8     7  13441.851223  6.884931
   8     9  7578.883212  17.608169
   8    16  8060.879689  9.884984
   9     5  17008.362763  11.276410
   9     8  7548.640231  17.487455
   9    10  22146.663946  5.886785
  10     9  22240.379238  5.935959
  10    11  17504.193349  12.040924
  10    15  23124.800892  13.721039
  10    16  10891.960564  19.200154
  10    17  8499.403335  18.071892
  11     4  7023.346368  9.771447
  11    10  17401.803629  11.877622
  11    12  7359.651519  10.547374
  11    14  9362.345184  12.151809
  12     3  13313.381673  4.062832
  12    11  7377.568801  10.591819
  12    13  14950.221445  3.049956
  13    12  15050.137516  3.051305
  13    24  10716.132767  15.776163
  14    11  9391.556768  12.254024
  14    15  8935.232349  11.915971
  14    23  8097.950442  8.386323
  15    10  23191.529039  13.810544
  15    14  8981.324554  12.059782
  15    19  18218.319552  4.101624
  15    22  17122.586385  7.555681
  16     8  8091.897840  9.960608
  16    10  10909.033590  19.295683
  16    17  11463.072281  8.923863
  16    18  19043.007431  3.394515
  17    10  8511.707173  18.130340
  17    16  11452.406034  8.898129
  17    19  8888.259200  5.457615
  18     7  15882.341347  2.063629
  18    16  19101.764856  3.399407
  18    20  20479.939025  4.351840
  19    15  18232.128611  4.104967
  19    17  8889.896791  5.460164
  19    20  9149.179948  10.712653
  20    18  20482.445631  4.352012
  20    19  9164.626599  10.758100
  20    21  6473.440258  8.411077
  20    22  7270.402824  8.157274
  21    20  6410.034237  8.317992
  21    22  8347.397411  3.946923
  21    24  9832.263967  10.383142
  22    15  17121.597677  7.554629
  22    20  7251.762103  8.125019
  22    21  8351.542843  3.950793
  22    23  9302.775773  11.189877
  23    14  8081.069822  8.349863
  23    22  9287.291774  11.142127
  23    24  8076.013169  3.918512
  24    13  10716.048838  15.775794
  24    21  9764.712514  10.182323
  24    23  8043.648550  3.887943
