<METADATA>
<File Name> ./SiouxFalls/SiouxFalls_MIX_0.10_0.80_1.05_flow.txt
<Number of Links> 76
<theta | lambda> 0.100000 | 0.000000
<stoch | determ> 0.800000 | 0.200000
<distant tolerance> 1.050000
<optimal objective> 21906460.259160
<system cost> 8911710.039687

<LINKS>
~ Init node | Term node | Flow | Cost
   1     2  5822.367928  6.002298
   1     3  9671.449467  4.017498
   2     1  5875.048771  6.002383
   2     6  6983.411957  7.951498
   3     1  9618.768624  4.017120
   3     4  17236.140244  4.617815
   3    12  14476.532059  4.087839
   4     3  17108.858669  4.599766
   4     5  18543.125884  2.354693
   4    11  8105.654848  12.690894
   5     4  19218.794102  2.409285
   5     6  8110.574077  8.331521
   5     9  16093.385137  10.030960
   6     2  7036.092800  8.041571
   6     5  8132.385702  8.378304
   6     8  12712.762842  15.608100
   7     8  13988.218269  7.556135
   7    18  17747.448852  2.099207
   8     6  12787.255310  15.929870
   8     7  13857.651312  7.388393
   8     9  8079.602397  19.826962
   8    16  9123.932837  13.017919
   9     5  16747.241730  10.899761
   9     8  7987.148192  19.384827
   9    10  22503.198715  6.077218
  10     9  23164.601103  6.455259
  10    11  17491.280887  12.020171
  10    15  23307.247898  13.967604
  10    16  11598.864766  23.547251
  10    17  8155.323993  16.537332
  11     4  7402.705055  10.654719
  11    10  17954.318399  12.793579
  11    12  8198.735743  13.003566
  11    14  10326.439899  16.064737
  12     3  14551.132791  4.089664
  12    11  8137.843422  12.797810
  12    13  14671.843296  3.046338
  13    12  14785.551707  3.047791
  13    24  11023.229421  17.185204
  14    11  10247.419939  15.699668
  14    15  9343.533415  13.269406
  14    23  8602.845982  9.586873
  15    10  23374.464849  14.059915
  15    14  9329.785358  13.220843
  15    19  17489.468070  3.935635
  15    22  19373.313374  10.466060
  16     8  9160.312554  13.146565
  16    10  11698.206956  24.225579
  16    17  13644.637375  15.899282
  16    18  21009.324650  3.584480
  17    10  8087.129729  16.255340
  17    16  13721.099423  16.213467
  17    19  11054.374836  10.272685
  18     7  17878.015808  2.102159
  18    16  21068.584509  3.591102
  18    20  19491.974367  4.288704
  19    15  17483.920625  3.934448
  19    17  11062.642619  10.297462
  19    20  9572.511800  12.043946
  20    18  19581.801182  4.294063
  20    19  9575.232139  12.053094
  20    21  8009.996578  11.651970
  20    22  8191.712086  10.088352
  21    20  7996.060916  11.612740
  21    22  10435.281534  6.755115
  21    24  9340.173280  9.012386
  22    15  19332.329712  10.403083
  22    20  8198.194902  10.104479
  22    21  10488.499693  6.852861
  22    23  9744.482109  12.655781
  23    14  8537.574079  9.419237
  23    22  9763.199423  12.722478
  23    24  9275.661952  5.338537
  24    13  11036.937831  17.250914
  24    21  9273.019459  8.841330
  24    23  9229.107363  5.272015
