<METADATA>
<File Name> ./SiouxFalls/SiouxFalls_MLT_0.20_1.00_0.50_0.50_5.00_flow.txt
<Number of Links> 76
<theta | lambda> 0.200000 | 1.000000
<stoch | determ> 0.500000 | 0.500000
<distant tolerance> 5.000000
<optimal objective> 8139617.408433
<system cost> 7464395.465993

<LINKS>
~ Init node | Term node | Flow | Cost
   1     2  6824.563701  6.004338
   1     3  10239.422058  4.021985
   2     1  6856.055122  6.004419
   2     6  6825.836140  7.693985
   3     1  10207.930637  4.021716
   3     4  16788.620557  4.556107
   3    12  14171.672519  4.080670
   4     3  16791.466170  4.556484
   4     5  18616.943213  2.360375
   4    11  6853.497005  9.419642
   5     4  18675.470990  2.364928
   5     6  7298.305618  6.840026
   5     9  16961.886936  11.208089
   6     2  6857.327560  7.744046
   6     5  7314.028801  6.864579
   6     8  12422.840670  14.408560
   7     8  13493.375920  6.944840
   7    18  15850.065723  2.063114
   8     6  12470.055274  14.598279
   8     7  13420.322240  6.860102
   8     9  7547.422713  17.482625
   8    16  8070.662949  9.908742
   9     5  17004.691530  11.270993
   9     8  7500.817563  17.299510
   9    10  22070.279416  5.847165
  10     9  22166.478861  5.897131
  10    11  17522.559226  12.070521
  10    15  23169.582080  13.781021
  10    16  10834.834024  18.883765
  10    17  8540.664056  18.268899
  11     4  6897.814840  9.508955
  11    10  17434.636856  11.929675
  11    12  7329.907915  10.474307
  11    14  9375.471665  12.197622
  12     3  14137.335486  4.079891
  12    11  7358.849116  10.545391
  12    13  15124.381243  3.052325
  13    12  15218.985411  3.053647
  13    24  10686.687788  15.647265
  14    11  9402.925930  12.294065
  14    15  8933.291944  11.909965
  14    23  8125.617570  8.446576
  15    10  23176.569021  13.790411
  15    14  8988.302518  12.081748
  15    19  18110.046878  4.075668
  15    22  17231.108545  7.672279
  16     8  8091.429023  9.959459
  16    10  10883.563398  19.153334
  16    17  11514.868853  9.049858
  16    18  18975.271233  3.388932
  17    10  8569.069555  18.406196
  17    16  11488.083101  8.984489
  17    19  8906.670067  5.486352
  18     7  15923.119402  2.064285
  18    16  19071.552432  3.396886
  18    20  20360.584452  4.343709
  19    15  18181.396558  4.092720
  19    17  8908.289814  5.488889
  19    20  9044.979584  10.412035
  20    18  20429.919331  4.348415
  20    19  9117.949011  10.621466
  20    21  6559.899864  8.542491
  20    22  7195.805863  8.029676
  21    20  6451.822231  8.379031
  21    22  8486.478898  4.079958
  21    24  9810.183628  10.317044
  22    15  17121.756381  7.554798
  22    20  7346.187801  8.290990
  22    21  8428.688636  4.023878
  22    23  9321.516779  11.247990
  23    14  8098.061261  8.386563
  23    22  9304.756291  11.196001
  23    24  8142.377499  3.982355
  24    13  10681.291956  15.623759
  24    21  9759.896257  10.168163
  24    23  8098.060702  3.939549
