<METADATA>
<File Name> ./SiouxFalls/SiouxFalls_MIX_0.02_0.30_1.20_flow.txt
<Number of Links> 76
<theta | lambda> 0.020000 | 0.000000
<stoch | determ> 0.300000 | 0.700000
<distant tolerance> 1.200000
<optimal objective> 30442303.456253
<system cost> 10484827.866968

<LINKS>
~ Init node | Term node | Flow | Cost
   1     2  5464.343135  6.001783
   1     3  8654.758635  4.011221
   2     1  5196.174821  6.001458
   2     6  6991.944699  7.965949
   3     1  8922.926949  4.012678
   3     4  15140.602158  4.367850
   3    12  10289.079647  4.022415
   4     3  15168.301316  4.370549
   4     5  20625.808983  2.542957
   4    11  7914.211048  12.080821
   5     4  20729.011110  2.553905
   5     6  9340.104462  11.618001
   5     9  16643.057632  10.754316
   6     2  6723.776385  7.536441
   6     5  9348.966001  11.646953
   6     8  13547.659699  19.550716
   7     8  14437.533446  8.170338
   7    18  18494.455662  2.116995
   8     6  13288.352924  18.245098
   8     7  14930.796294  8.913966
   8     9  7603.576361  17.707809
   8    16  8880.984460  12.197436
   9     5  16737.398221  10.885902
   9     8  7738.178422  18.268263
   9    10  22922.968904  6.313330
  10     9  23251.911554  6.507647
  10    11  17616.419317  12.223236
  10    15  24209.296771  15.274542
  10    16  14305.048500  49.225262
  10    17  6048.898770  10.583822
  11     4  7938.708078  12.156460
  11    10  17216.137537  11.588767
  11    12  8585.068480  14.419897
  11    14  10126.533824  15.157288
  12     3  10529.548804  4.024585
  12    11  8222.482781  13.085061
  12    13  13334.798364  3.031619
  13    12  13312.681820  3.031410
  13    24  11390.164986  19.030434
  14    11  10213.334774  15.544780
  14    15  9251.579555  12.948648
  14    23  8900.991282  10.402560
  15    10  24525.832895  15.769196
  15    14  9432.550369  13.589073
  15    19  19927.647516  4.576973
  15    22  18902.930636  9.766942
  16     8  8980.338471  12.524960
  16    10  14549.661204  52.398876
  16    17  15266.827978  23.784100
  16    18  15047.527284  3.153809
  17    10  6116.974372  10.702116
  17    16  15221.798644  23.528227
  17    19  12306.643086  14.707736
  18     7  18001.192815  2.105004
  18    16  15436.523333  3.170341
  18    20  17123.673635  4.171956
  19    15  20837.074903  4.885155
  19    17  12329.689354  14.803193
  19    20  9684.910895  12.428456
  20    18  16919.406836  4.163897
  20    19  10617.384550  16.174067
  20    21  8116.389773  11.958297
  20    22  9174.101649  13.004471
  21    20  8742.251883  14.019805
  21    22  9518.562124  5.291772
  21    24  9922.209617  10.657036
  22    15  18391.010186  9.063149
  22    20  9176.446397  13.012657
  22    21  10016.201210  6.036050
  22    23  9733.131845  12.615523
  23    14  8806.821418  10.135881
  23    22  9721.195229  12.573337
  23    24  8988.628837  4.944085
  24    13  11268.048443  18.396147
  24    21  10050.432641  11.060577
  24    23  8882.522356  4.807513
