<METADATA>
<File Name> ./SiouxFalls/SiouxFalls_MIX_0.10_0.10_1.40_flow.txt
<Number of Links> 76
<theta | lambda> 0.100000 | 0.000000
<stoch | determ> 0.100000 | 0.900000
<distant tolerance> 1.400000
<optimal objective> 3418121.323464
<system cost> 8039924.550658

<LINKS>
~ Init node | Term node | Flow | Cost
   1     2  6171.693463  6.002902
   1     3  10019.134192  4.020154
   2     1  6189.186291  6.002935
   2     6  7560.822354  9.055533
   3     1  10001.641364  4.020013
   3     4  13123.047207  4.207605
   3    12  10003.082592  4.020025
   4     3  13107.945255  4.206651
   4     5  17267.011623  2.266680
   4    11  5922.854097  7.907462
   5     4  17332.247886  2.270733
   5     6  8248.413075  8.633570
   5     9  15651.556772  9.500818
   6     2  7578.315182  9.093195
   6     5  8279.726663  8.704333
   6     8  13165.926234  17.654651
   7     8  13658.286309  7.141253
   7    18  17031.925059  2.084150
   8     6  13214.732650  17.888074
   8     7  13595.819629  7.066011
   8     9  4948.612640  11.382908
   8    16  8102.792671  9.987378
   9     5  15685.479446  9.539964
   9     8  4951.537463  11.386180
   9    10  21082.659249  5.370734
  10     9  21219.506747  5.432889
  10    11  17742.359185  12.432018
  10    15  24059.715541  15.047440
  10    16  11601.633555  23.565923
  10    17  8508.202475  18.113665
  11     4  5942.515883  7.932917
  11    10  17681.764649  12.331008
  11    12  9091.306874  16.588562
  11    14  9713.152964  13.444007
  12     3  10000.691715  4.020006
  12    11  9093.465160  16.598620
  12    13  13496.080336  3.033177
  13    12  13595.847746  3.034168
  13    24  11115.631403  17.632892
  14    11  9770.061928  13.667288
  14    15  9040.306123  12.247067
  14    23  8446.285024  9.191144
  15    10  24103.427558  15.113370
  15    14  9111.683833  12.478669
  15    19  19177.069642  4.352474
  15    22  17824.609158  8.350026
  16     8  8086.207585  9.946670
  16    10  11638.285400  23.814347
  16    17  11431.011623  8.846727
  16    18  15552.299674  3.175509
  17    10  8525.280647  18.195113
  17    16  11412.703433  8.802969
  17    19  11960.034184  13.335468
  18     7  17094.391738  2.085391
  18    16  15590.674623  3.177248
  18    20  16619.357896  4.152576
  19    15  19199.496482  4.358812
  19    17  11958.804166  13.330805
  19    20  9467.399989  11.696414
  20    18  16620.199523  4.152607
  20    19  9488.596811  11.765573
  20    21  6849.649526  9.022344
  20    22  7552.260606  8.676092
  21    20  6758.192329  8.864130
  21    22  8527.232143  4.120199
  21    24  9968.623548  10.801316
  22    15  17817.272044  8.341223
  22    20  7565.756254  8.702438
  22    21  8497.906812  4.091184
  22    23  9414.538684  11.541668
  23    14  8431.816277  9.155665
  23    22  9391.371888  11.467709
  23    24  8220.800619  4.059838
  24    13  11115.398813  17.631751
  24    21  9906.491680  10.608632
  24    23  8183.165076  4.022375
