<METADATA>
<File Name> ./SiouxFalls/SiouxFalls_MIX_0.02_0.50_1.40_flow.txt
<Number of Links> 76
<theta | lambda> 0.020000 | 0.000000
<stoch | determ> 0.500000 | 0.500000
<distant tolerance> 1.400000
<optimal objective> 53200703.119960
<system cost> 9564270.382899

<LINKS>
~ Init node | Term node | Flow | Cost
   1     2  6861.850050  6.004434
   1     3  11141.958496  4.030823
   2     1  6997.217241  6.004794
   2     6  7716.767796  9.400616
   3     1  11006.591305  4.029352
   3     4  16278.202495  4.491500
   3    12  14236.956816  4.082167
   4     3  16405.135331  4.507011
   4     5  20345.046767  2.513992
   4    11  8174.221936  12.920180
   5     4  20406.791187  2.520260
   5     6  8156.800935  8.431120
   5     9  17678.626054  12.325804
   6     2  7852.134987  9.717618
   6     5  8299.230931  8.748817
   6     8  12910.985543  16.476891
   7     8  15999.537300  10.797882
   7    18  19783.450500  2.153182
   8     6  13188.782730  17.763643
   8     7  15722.329529  10.271341
   8     9  9028.069752  25.319300
   8    16  9244.957243  13.451873
   9     5  17597.940477  12.192976
   9     8  8872.399116  24.289716
   9    10  24352.716521  7.220568
  10     9  24216.360309  7.126831
  10    11  17844.364026  12.604411
  10    15  23807.189633  14.673538
  10    16  11366.957651  22.030207
  10    17  9719.806946  25.226136
  11     4  8339.410353  13.496751
  11    10  17947.063766  12.780991
  11    12  8920.870428  15.816589
  11    14  9652.858407  13.211686
  12     3  13974.656789  4.076277
  12    11  9138.794790  16.811536
  12    13  14920.579664  3.049561
  13    12  14976.203998  3.050305
  13    24  10947.625289  16.827179
  14    11  9802.822203  13.797604
  14    15  9205.850034  12.792653
  14    23  8198.900898  8.609170
  15    10  24346.063636  15.485905
  15    14  9185.065817  12.722516
  15    19  18266.215840  4.113254
  15    22  17333.557168  7.784391
  16     8  9401.217294  14.037946
  16    10  11449.279425  22.558222
  16    17  12342.940437  11.307197
  16    18  20452.944242  3.524982
  17    10  8759.555216  19.362804
  17    16  13142.999355  13.965265
  17    19  10910.030370  9.848987
  18     7  20060.658272  2.161950
  18    16  19891.467150  3.469665
  18    20  21107.645506  4.396999
  19    15  18328.404625  4.128492
  19    17  10749.837557  9.398052
  19    20  9765.610437  12.712907
  20    18  20723.376186  4.368869
  20    19  9667.606409  12.368379
  20    21  9319.540470  16.357347
  20    22  8948.955664  12.247160
  21    20  8595.138435  13.493454
  21    22  10676.713537  7.210684
  21    24  9664.989870  9.893388
  22    15  17689.458169  8.189601
  22    20  9091.084351  12.718647
  22    21  10180.593466  6.307614
  22    23  9534.006524  11.931823
  23    14  8369.648910  9.005289
  23    22  9535.916142  11.938180
  23    24  9088.259092  5.076801
  24    13  10903.249623  16.620463
  24    21  9436.707906  9.264828
  24    23  9260.916722  5.317359
