<METADATA>
<File Name> ./SiouxFalls/SiouxFalls_MIX_0.20_1.00_0.20_0.80_5.00_flow.txt
<Number of Links> 76
<theta | lambda> 0.200000 | 1.000000
<stoch | determ> 0.200000 | 0.800000
<distant tolerance> 5.000000
<optimal objective> 3787149.514807
<system cost> 7321197.520002

<LINKS>
~ Init node | Term node | Flow | Cost
   1     2  7248.463908  6.005521
   1     3  10805.073350  4.027261
   2     1  7269.037189  6.005584
   2     6  6636.127141  7.406748
   3     1  10784.500069  4.027054
   3     4  17215.716241  4.614891
   3    12  14512.446299  4.088714
   4     3  17192.021869  4.611513
   4     5  18944.618818  2.386425
   4    11  6230.730496  8.336079
   5     4  19009.000528  2.391704
   5     6  7045.732777  6.466827
   5     9  16929.007153  11.160092
   6     2  6656.700421  7.436732
   6     5  7049.349668  6.471897
   6     8  12519.701077  14.800106
   7     8  13332.469138  6.760013
   7    18  16252.443556  2.069771
   8     6  12543.891248  14.899321
   8     7  13295.153687  6.718094
   8     9  7510.341617  17.336655
   8    16  8005.344679  9.751749
   9     5  16989.771973  11.249014
   9     8  7480.344669  17.220142
   9    10  21901.421345  5.761026
  10     9  22032.189216  5.827560
  10    11  17517.638214  12.062582
  10    15  23231.584466  13.864644
  10    16  10786.171935  18.618173
  10    17  8490.354139  18.029067
  11     4  6242.654413  8.354013
  11    10  17458.641995  11.967919
  11    12  7376.235328  10.588500
  11    14  9395.318602  12.267257
  12     3  14515.567392  4.088790
  12    11  7377.099492  10.590651
  12    13  15372.168387  3.055839
  13    12  15476.153644  3.057366
  13    24  10608.818836  15.311484
  14    11  9447.382136  12.452036
  14    15  8933.117849  11.909426
  14    23  7947.369270  8.069057
  15    10  23281.735708  13.932776
  15    14  8992.218648  12.094098
  15    19  18258.432930  4.111358
  15    22  16840.737865  7.263049
  16     8  8022.216347  9.791934
  16    10  10809.044449  18.742562
  16    17  10882.479429  7.624136
  16    18  19051.145459  3.395190
  17    10  8507.094473  18.108398
  17    16  10856.712895  7.571059
  17    19  8298.986563  4.627907
  18     7  16289.759007  2.070414
  18    16  19116.656175  3.400654
  18    20  20696.211666  4.366939
  19    15  18277.150260  4.115922
  19    17  8289.960364  4.616493
  19    20  8906.623890  10.028621
  20    18  20699.037833  4.367139
  20    19  8916.315020  10.054902
  20    21  6693.327044  8.755743
  20    22  7054.099550  7.797981
  21    20  6650.816511  8.686398
  21    22  8521.008334  4.114016
  21    24  9752.490386  10.146431
  22    15  16831.272575  7.253473
  22    20  7009.127381  7.727308
  22    21  8520.295485  4.113309
  22    23  9319.013492  11.240207
  23    14  7940.332005  8.054664
  23    22  9263.863185  11.070331
  23    24  8030.402294  3.875537
  24    13  10612.804093  15.328491
  24    21  9710.692701  10.024702
  24    23  7968.214722  3.818112
