<METADATA>
<File Name> ./SiouxFalls/SiouxFalls_MIX_0.50_0.20_1.50_flow.txt
<Number of Links> 76
<theta | lambda> 0.500000 | 0.000000
<stoch | determ> 0.200000 | 0.800000
<distant tolerance> 1.500000
<optimal objective> 2754624.078094
<system cost> 7358697.284204

<LINKS>
~ Init node | Term node | Flow | Cost
   1     2  6426.386024  6.003411
   1     3  10050.418125  4.020406
   2     1  6431.366431  6.003422
   2     6  6666.741348  7.451468
   3     1  10045.437718  4.020366
   3     4  16065.645062  4.466327
   3    12  12922.118850  4.055765
   4     3  16081.252562  4.468142
   4     5  18807.998819  2.375398
   4    11  6208.811562  8.303380
   5     4  18918.814319  2.384323
   5     6  7416.121956  7.027900
   5     9  16737.478601  10.886016
   6     2  6671.721755  7.458802
   6     5  7432.424582  7.054612
   6     8  12832.533202  16.128215
   7     8  12944.719965  6.341316
   7    18  15294.397345  2.054718
   8     6  12853.816235  16.222177
   8     7  12899.528089  6.294900
   8     9  6698.921930  14.643858
   8    16  7714.384313  9.097684
   9     5  16831.991475  11.020094
   9     8  6660.030243  14.536951
   9    10  22102.055409  5.863597
  10     9  22257.676596  5.945103
  10    11  17428.267835  11.919555
  10    15  23668.020071  14.472498
  10    16  10821.046688  18.808151
  10    17  8115.705191  16.372639
  11     4  6213.603561  8.310499
  11    10  17332.904982  11.769346
  11    12  8201.152919  13.011829
  11    14  9615.071340  13.068291
  12     3  12901.530943  4.055411
  12    11  8212.620687  13.051131
  12    13  15098.557507  3.051969
  13    12  15189.437368  3.053231
  13    24  10790.594876  16.106902
  14    11  9613.032719  13.060602
  14    15  8921.869010  11.874690
  14    23  7915.097506  8.003366
  15    10  23713.062438  14.537178
  15    14  8965.287592  12.009494
  15    19  18655.602722  4.211259
  15    22  16878.026103  7.300931
  16     8  7729.367158  9.129611
  16    10  10917.419690  19.342770
  16    17  11798.139531  9.769597
  16    18  15235.734049  3.161650
  17    10  8125.273861  16.412195
  17    16  11754.628428  9.655613
  17    19  9600.583584  6.706524
  18     7  15339.589221  2.055368
  18    16  15390.600999  3.168323
  18    20  18704.789717  4.244817
  19    15  18867.135897  4.267138
  19    17  9566.641152  6.640318
  19    20  8568.908391  9.164966
  20    18  18804.848543  4.250098
  20    19  8746.499133  9.606638
  20    21  6371.102433  8.262189
  20    22  7053.067007  7.796343
  21    20  6291.138024  8.150737
  21    22  8368.332651  3.966528
  21    24  9769.941913  10.197721
  22    15  16654.953877  7.078022
  22    20  7310.680984  8.227823
  22    21  8335.625238  3.935963
  22    23  9252.680513  11.036254
  23    14  7869.640304  7.912188
  23    22  9254.514850  11.041835
  23    24  8051.034311  3.894887
  24    13  10781.474737  16.066023
  24    21  9722.684918  10.059467
  24    23  8007.411446  3.854151
