<METADATA>
<File Name> ./SiouxFalls/SiouxFalls_MIX_0.50_0.30_1.10_flow.txt
<Number of Links> 76
<theta | lambda> 0.500000 | 0.000000
<stoch | determ> 0.300000 | 0.700000
<distant tolerance> 1.100000
<optimal objective> 4825902.561486
<system cost> 13013300.437873

<LINKS>
~ Init node | Term node | Flow | Cost
   1     2  4535.866827  6.000847
   1     3  7269.196647  4.005584
   2     1  4542.473450  6.000852
   2     6  6343.232685  7.009159
   3     1  7262.590024  4.005564
   3     4  14258.723733  4.289348
   3    12  10061.070100  4.020493
   4     3  14250.953472  4.288718
   4     5  18798.974017  2.374678
   4    11  6811.668602  9.336920
   5     4  18892.125237  2.382159
   5     6  9695.166252  12.844130
   5     9  14850.951747  8.648198
   6     2  6349.839307  7.017543
   6     5  9705.393091  12.881506
   6     8  13394.154166  18.768681
   7     8  13586.561807  7.054948
   7    18  15542.985164  2.058363
   8     6  13410.987628  18.853138
   8     7  13566.403924  7.030936
   8     9  7670.190902  17.981490
   8    16  9359.987189  13.880438
   9     5  14933.876128  8.730366
   9     8  7604.228129  17.710452
   9    10  22141.609186  5.884151
  10     9  22258.570793  5.945577
  10    11  16816.142473  10.997452
  10    15  22460.996622  12.871948
  10    16  17082.387535  95.964039
  10    17  5668.268979  9.992320
  11     4  6810.747121  9.335114
  11    10  16724.255273  10.867437
  11    12  8239.551846  13.144076
  11    14  11467.613275  22.348795
  12     3  10062.233739  4.020503
  12    11  8237.555254  13.137154
  12    13  12453.738819  3.024055
  13    12  12552.905866  3.024830
  13    24  11460.996897  19.407814
  14    11  11476.801186  22.407670
  14    15  9135.668098  12.557723
  14    23  8528.949106  9.397371
  15    10  22492.042927  12.910021
  15    14  9159.360060  12.636428
  15    19  19188.192142  4.355615
  15    22  20332.447066  12.058045
  16     8  9422.625541  14.120551
  16    10  17150.086223  97.430568
  16    17  17794.463633  42.205362
  16    18  16163.975527  3.204792
  17    10  5678.372793  10.006564
  17    16  17859.819232  42.799290
  17    19  14419.341214  25.949224
  18     7  15563.143047  2.058666
  18    16  16228.956968  3.208106
  18    20  16081.475203  4.133762
  19    15  19188.166645  4.355607
  19    17  14494.800627  26.454498
  19    20  9551.596682  11.973875
  20    18  16066.614527  4.133268
  20    19  9627.030599  12.228770
  20    21  5552.781678  7.305308
  20    22  6231.986950  6.704451
  21    20  5564.192809  7.316071
  21    22  9705.088296  5.557479
  21    24  10550.167954  12.787338
  22    15  20287.210831  11.977703
  22    20  6181.149060  6.649511
  22    21  9747.555734  5.620156
  22    23  10381.634076  15.151521
  23    14  8514.445054  9.360750
  23    22  10328.027388  14.922970
  23    24  8192.179752  4.031302
  24    13  11460.163945  19.403336
  24    21  10519.111646  12.672603
  24    23  8124.069012  3.964586
