<METADATA>
<File Name> ./SiouxFalls/SiouxFalls_MIX_0.50_0.50_1.20_flow.txt
<Number of Links> 76
<theta | lambda> 0.500000 | 0.000000
<stoch | determ> 0.500000 | 0.500000
<distant tolerance> 1.200000
<optimal objective> 5251796.216454
<system cost> 8223042.182011

<LINKS>
~ Init node | Term node | Flow | Cost
   1     2  4335.578344  6.000707
   1     3  7569.867943  4.006567
   2     1  4346.294994  6.000714
   2     6  5663.840989  6.277074
   3     1  7559.151292  4.006530
   3     4  14675.722505  4.324710
   3    12  10303.564526  4.022541
   4     3  14660.372677  4.323354
   4     5  19037.639829  2.394070
   4    11  6608.004743  8.955378
   5     4  19280.031068  2.414526
   5     6  9200.281612  11.171972
   5     9  16143.242814  10.093595
   6     2  5674.557640  6.286767
   6     5  9219.811279  11.233062
   6     8  12549.721936  14.923321
   7     8  13311.470488  6.736380
   7    18  15586.229939  2.059015
   8     6  12579.968253  15.048359
   8     7  13540.758483  7.000543
   8     9  6924.930129  15.302991
   8    16  8044.824244  9.846181
   9     5  16366.104385  10.380746
   9     8  6830.072940  15.018347
   9    10  21701.729659  5.661697
  10     9  21929.734042  5.775330
  10    11  17572.542554  12.151542
  10    15  23582.776763  14.351097
  10    16  11832.278707  25.168853
  10    17  6644.809892  11.762596
  11     4  6450.263677  8.683129
  11    10  17586.855693  12.174870
  11    12  8162.749777  12.881413
  11    14  10127.755256  15.162672
  12     3  10308.197704  4.022582
  12    11  8123.972649  12.751581
  12    13  12746.886653  3.026401
  13    12  12812.742703  3.026951
  13    24  11438.172454  19.285443
  14    11  10123.104456  15.142182
  14    15  9171.371889  12.676565
  14    23  8929.924859  10.486216
  15    10  23620.152926  14.404165
  15    14  9184.066127  12.719155
  15    19  19550.609692  4.460970
  15    22  18932.510613  9.809398
  16     8  8399.215744  10.758221
  16    10  11866.716233  25.416376
  16    17  13477.743374  15.231623
  16    18  15402.015732  3.168823
  17    10  6686.687447  11.858348
  17    16  13449.653718  15.121660
  17    19  11055.195713  10.275143
  18     7  15356.941944  2.055618
  18    16  15818.934415  3.187858
  18    20  17566.716093  4.190455
  19    15  19537.405330  4.457027
  19    17  11068.983612  10.316503
  19    20  9847.048368  13.007200
  20    18  17654.346782  4.194284
  20    19  9847.631906  13.009335
  20    21  6406.162647  8.312397
  20    22  7570.172152  8.711090
  21    20  6374.220162  8.266620
  21    22  9164.861291  4.829098
  21    24  9895.595250  10.575212
  22    15  18895.785375  9.756716
  22    20  7590.328863  8.750773
  22    21  9178.523841  4.846005
  22    23  9527.842839  11.911331
  23    14  8912.579821  10.435968
  23    22  9524.936861  11.901684
  23    24  8394.287584  4.239298
  24    13  11404.028504  19.103745
  24    21  9849.990216  10.436529
  24    23  8374.036568  4.217767
