<METADATA>
<File Name> ./SiouxFalls/SiouxFalls_MIX_0.50_0.20_1.15_flow.txt
<Number of Links> 76
<theta | lambda> 0.500000 | 0.000000
<stoch | determ> 0.200000 | 0.800000
<distant tolerance> 1.150000
<optimal objective> 3856269.192848
<system cost> 12111482.918970

<LINKS>
~ Init node | Term node | Flow | Cost
   1     2  4208.503489  6.000627
   1     3  7240.948833  4.005498
   2     1  4212.440937  6.000630
   2     6  6144.252906  6.768675
   3     1  7237.011386  4.005486
   3     4  14000.967515  4.268986
   3    12  9740.374938  4.018002
   4     3  14008.712636  4.269582
   4     5  19461.550736  2.430359
   4    11  6275.357938  8.403730
   5     4  19499.044969  2.433685
   5     6  10437.470639  15.879965
   5     9  14969.559124  8.766147
   6     2  6148.190353  6.773213
   6     5  10437.606991  15.880585
   6     8  13923.045028  21.578284
   7     8  13200.898072  6.613773
   7    18  15648.388922  2.059962
   8     6  13927.118827  21.601208
   8     7  13171.565773  6.581761
   8     9  6676.447736  14.581853
   8    16  9839.646198  15.845543
   9     5  15006.917004  8.803883
   9     8  6650.105935  14.509969
   9    10  21977.521044  5.799601
  10     9  22088.537124  5.856598
  10    11  17170.877475  11.519754
  10    15  22311.253012  12.690516
  10    16  16960.011327  93.356944
  10    17  3680.723575  8.354234
  11     4  6345.608826  8.513187
  11    10  17013.127046  11.283445
  11    12  8351.306714  13.539620
  11    14  11100.855441  20.111693
  12     3  9728.692370  4.017916
  12    11  8356.798461  13.559471
  12    13  12394.195790  3.023598
  13    12  12488.004968  3.024320
  13    24  11425.778933  19.219302
  14    11  11107.864153  20.152421
  14    15  8433.254398  10.487955
  14    23  7995.144739  8.167787
  15    10  22391.662419  12.787489
  15    14  8465.349744  10.571978
  15    19  18747.445923  4.235289
  15    22  19969.736919  11.428790
  16     8  9840.729499  15.850320
  16    10  17040.011880  95.054901
  16    17  16728.329697  33.401811
  16    18  15417.697857  3.169512
  17    10  3689.080123  8.357462
  17    16  16727.499772  33.395579
  17    19  13543.566292  20.639829
  18     7  15677.721221  2.060413
  18    16  15499.611636  3.173143
  18    20  15458.760793  4.114216
  19    15  18845.469291  4.261327
  19    17  13551.092915  20.681298
  19    20  9286.367143  11.124410
  20    18  15470.006871  4.114549
  20    19  9391.917135  11.453882
  20    21  6476.197159  8.415187
  20    22  6331.627670  6.816101
  21    20  6378.849523  8.273212
  21    22  8788.680774  4.392429
  21    24  10495.711653  12.586822
  22    15  19884.218304  11.285333
  22    20  6445.771374  6.950644
  22    21  8707.182467  4.304915
  22    23  10051.927004  13.800958
  23    14  7970.058106  8.115723
  23    22  9999.053788  13.596367
  23    24  8342.494727  4.184542
  24    13  11419.588112  19.186343
  24    21  10479.862324  12.529045
  24    23  8264.534877  4.104022
