<METADATA>
<File Name> ./SiouxFalls/SiouxFalls_MIX_0.20_0.00_1.80_flow.txt
<Number of Links> 76
<theta | lambda> 0.200000 | 0.000000
<stoch | determ> 0.000000 | 1.000000
<distant tolerance> 1.800000
<optimal objective> 1458139.680546
<system cost> 7290698.402729

<LINKS>
~ Init node | Term node | Flow | Cost
   1     2  6951.925936  6.004671
   1     3  10620.913248  4.025449
   2     1  7009.599497  6.004828
   2     6  6560.868522  7.299414
   3     1  10563.239687  4.024901
   3     4  17430.296426  4.646126
   3    12  14205.196581  4.081436
   4     3  17389.887828  4.640155
   4     5  18749.823560  2.370775
   4    11  6569.056760  8.886315
   5     4  18851.581551  2.378889
   5     6  6929.104744  6.307505
   5     9  17021.577733  11.295939
   6     2  6618.542084  7.381338
   6     5  6979.995100  6.376044
   6     8  12447.846330  14.508770
   7     8  13217.878605  6.632403
   7    18  15455.759403  2.057064
   8     6  12556.410248  14.950893
   8     7  13075.700144  6.478618
   8     9  7449.757789  17.102773
   8    16  7783.613290  9.246766
   9     5  17072.445368  11.371537
   9     8  7321.694701  16.626829
   9    10  22527.916863  6.090761
  10     9  22550.721411  6.103295
  10    11  17490.412728  12.018778
  10    15  23650.208482  14.447023
  10    16  10714.941769  18.235837
  10    17  8248.370907  16.933673
  11     4  6526.890171  8.812917
  11    10  17400.092459  11.874917
  11    12  7572.231028  11.095973
  11    14  9567.201535  12.889044
  12     3  14187.931617  4.081041
  12    11  7607.807937  11.192421
  12    13  15718.288517  3.061041
  13    12  15836.600462  3.062900
  13    24  10560.941143  15.108667
  14    11  9499.137769  12.638774
  14    15  8894.387356  11.790377
  14    23  7807.123352  7.789347
  15    10  23461.536346  14.180683
  15    14  8949.047096  11.958841
  15    19  18356.495138  4.135427
  15    22  16700.923000  7.123232
  16     8  7878.061834  9.456674
  16    10  10862.762992  19.037823
  16    17  11229.521413  8.376603
  16    18  15163.331363  3.158599
  17    10  8302.346637  17.169819
  17    16  11281.007348  8.494353
  17    19  8864.899467  5.421409
  18     7  15597.937864  2.059193
  18    16  15354.115194  3.166733
  18    20  19401.799111  4.283399
  19    15  18634.691440  4.205838
  19    17  8970.361131  5.587149
  19    20  8382.299019  8.729531
  20    18  19634.761403  4.297257
  20    19  8765.956986  9.656696
  20    21  6533.324648  8.501540
  20    22  7249.369493  8.120897
  21    20  6388.610233  8.287158
  21    22  8195.933266  3.809414
  21    24  9783.648747  10.238199
  22    15  16188.714301  6.640200
  22    20  7910.704167  9.425262
  22    21  8084.067957  3.712633
  22    23  9248.080301  11.022271
  23    14  7684.399847  7.556641
  23    22  9285.340967  11.136128
  23    24  7898.411677  3.755236
  24    13  10579.253089  15.185914
  24    21  9750.799641  10.141477
  24    23  7812.948838  3.680492
