<METADATA>
<File Name> ./SiouxFalls/SiouxFalls_MIX_0.10_0.80_1.15_flow.txt
<Number of Links> 76
<theta | lambda> 0.100000 | 0.000000
<stoch | determ> 0.800000 | 0.200000
<distant tolerance> 1.150000
<optimal objective> 21838796.193667
<system cost> 8604513.709719

<LINKS>
~ Init node | Term node | Flow | Cost
   1     2  5902.151521  6.002427
   1     3  9783.468543  4.018323
   2     1  6100.357629  6.002770
   2     6  7044.168311  8.055559
   3     1  9585.262435  4.016883
   3     4  17017.538369  4.587063
   3    12  13935.699568  4.075430
   4     3  16449.895938  4.512567
   4     5  18573.027801  2.356987
   4    11  8048.237817  12.503317
   5     4  18891.868956  2.382139
   5     6  8226.944366  8.585517
   5     9  16426.188929  10.460200
   6     2  7242.374419  8.414253
   6     5  8016.830339  8.134708
   6     8  12562.812880  14.977328
   7     8  13736.418573  7.236830
   7    18  17452.259436  2.092770
   8     6  12550.904961  14.928195
   8     7  13778.895434  7.289479
   8     9  7891.049639  18.941253
   8    16  8936.072769  12.377686
   9     5  16955.144111  11.198223
   9     8  7855.591779  18.781626
   9    10  22455.831788  6.051391
  10     9  23049.329110  6.386994
  10    11  17543.638420  12.104605
  10    15  23378.127072  14.064968
  10    16  11245.647825  21.272757
  10    17  8255.450772  16.964385
  11     4  7261.754231  10.310205
  11    10  17978.060466  12.834885
  11    12  8162.786871  12.881538
  11    14  10149.586439  15.259232
  12     3  14305.135890  4.083753
  12    11  7937.111256  12.151508
  12    13  14282.024668  3.041606
  13    12  14525.785375  3.044520
  13    24  10989.724825  17.025630
  14    11  10123.200515  15.142605
  14    15  9161.555406  12.643752
  14    23  8608.985024  9.602837
  15    10  23284.770776  13.936913
  15    14  9192.717887  12.748283
  15    19  17664.670115  3.973693
  15    22  18944.663415  9.826898
  16     8  9002.099571  12.598163
  16    10  11365.375519  22.020171
  16    17  13433.766339  15.059770
  16    18  21010.225123  3.584580
  17    10  8288.154649  17.107280
  17    16  13437.174407  15.073028
  17    19  10358.866558  8.379090
  18     7  17409.782575  2.091870
  18    16  21192.571551  3.605140
  18    20  19138.592514  4.268330
  19    15  17573.462801  3.953739
  19    17  10394.978503  8.468508
  19    20  9435.272728  11.592474
  20    18  19178.462081  4.270573
  20    19  9380.177359  11.416683
  20    21  8117.685376  11.962102
  20    22  7992.608002  9.611397
  21    20  8049.665220  11.764768
  21    22  10226.272348  6.385446
  21    24  9416.629506  9.211679
  22    15  18873.676915  9.725149
  22    20  7945.402357  9.503416
  22    21  10295.526730  6.505455
  22    23  9775.152081  12.765271
  23    14  8551.436619  9.454519
  23    22  9726.214318  12.591056
  23    24  9235.583669  5.281209
  24    13  11133.485532  17.720693
  24    21  9279.354967  8.857310
  24    23  9129.097502  5.132477
