<METADATA>
<File Name> ./SiouxFalls/SiouxFalls_MIX_0.02_0.10_1.15_flow.txt
<Number of Links> 76
<theta | lambda> 0.020000 | 0.000000
<stoch | determ> 0.100000 | 0.900000
<distant tolerance> 1.150000
<optimal objective> 11071977.374418
<system cost> 16419190.656384

<LINKS>
~ Init node | Term node | Flow | Cost
   1     2  4133.384958  6.000584
   1     3  7051.491714  4.004945
   2     1  4147.960907  6.000592
   2     6  6351.393782  7.019519
   3     1  7036.915764  4.004904
   3     4  13365.084751  4.223349
   3    12  9294.405342  4.014925
   4     3  13367.101290  4.223484
   4     5  19522.503938  2.435776
   4    11  6865.911025  9.444486
   5     4  19535.590884  2.436946
   5     6  11618.244757  22.238796
   5     9  13854.437768  7.763229
   6     2  6365.969731  7.038121
   6     5  11618.111816  22.237961
   6     8  14988.863985  28.297387
   7     8  11892.156808  5.380069
   7    18  15147.901590  2.052651
   8     6  15003.306994  28.398892
   8     7  11862.951716  5.356774
   8     9  5050.934610  11.500881
   8    16  11060.323118  22.314287
   9     5  13867.657655  7.773791
   9     8  5035.636092  11.482780
   9    10  20800.759864  5.246457
  10     9  20898.681233  5.289058
  10    11  17358.089604  11.808775
  10    15  20465.050896  10.736037
  10    16  19201.802715  150.822214
  10    17  2280.451619  8.052196
  11     4  6954.840619  9.626439
  11    10  17167.958940  11.515323
  11    12  8801.894896  15.303287
  11    14  11795.388049  24.538292
  12     3  9277.812853  4.014819
  12    11  8802.773470  15.307002
  12    13  12203.750696  3.022181
  13    12  12288.036780  3.022800
  13    24  11475.944261  19.488351
  14    11  11793.308406  24.523811
  14    15  8147.654331  9.781456
  14    23  7088.266235  6.574899
  15    10  20565.600221  10.829802
  15    14  8218.050039  9.948857
  15    19  19611.512554  4.479259
  15    22  20735.235201  12.797420
  16     8  11060.859553  22.317646
  16    10  19287.673280  153.466243
  16    17  18538.551991  49.363917
  16    18  14567.401947  3.135098
  17    10  2282.083761  8.052346
  17    16  18537.404356  49.352190
  17    19  14823.546315  28.749657
  18     7  15177.106682  2.053059
  18    16  14654.956581  3.138376
  18    20  15651.842519  4.120031
  19    15  19776.768691  4.529753
  19    17  14824.030823  28.753155
  19    20  8916.300484  10.054863
  20    18  15668.602245  4.120546
  20    19  9082.041129  10.517775
  20    21  7089.940780  9.469293
  20    22  7303.312881  8.214830
  21    20  7021.780348  9.337794
  21    22  8908.531671  4.525625
  21    24  11046.618056  14.763714
  22    15  20640.924096  12.620384
  22    20  7453.973684  8.488429
  22    21  8878.584585  4.491835
  22    23  10564.376015  15.957672
  23    14  7015.790884  6.471193
  23    22  10590.778628  16.077660
  23    24  7858.276655  3.719831
  24    13  11460.230345  19.403693
  24    21  11008.404710  14.601780
  24    23  7812.203917  3.679851
