<METADATA>
<File Name> ./SiouxFalls/SiouxFalls_MIX_0.50_0.20_1.40_flow.txt
<Number of Links> 76
<theta | lambda> 0.500000 | 0.000000
<stoch | determ> 0.200000 | 0.800000
<distant tolerance> 1.400000
<optimal objective> 2870398.271539
<system cost> 7733466.786776

<LINKS>
~ Init node | Term node | Flow | Cost
   1     2  5888.236269  6.002404
   1     3  9756.230822  4.018120
   2     1  5905.510295  6.002433
   2     6  7293.384840  8.511465
   3     1  9738.956797  4.017992
   3     4  13578.122573  4.237934
   3    12  11007.759883  4.029365
   4     3  13563.353533  4.236901
   4     5  17455.622541  2.278524
   4    11  5951.815964  7.945045
   5     4  17537.181880  2.283766
   5     6  7971.776773  8.042542
   5     9  16046.938582  9.973132
   6     2  7310.658866  8.544850
   6     5  8002.917921  8.106081
   6     8  12823.981481  16.090592
   7     8  13737.319424  7.237941
   7    18  16512.841986  2.074351
   8     6  12872.396655  16.304589
   8     7  13683.709697  7.172174
   8     9  5464.541408  12.056242
   8    16  8133.984613  10.064619
   9     5  16097.356772  10.035928
   9     8  5434.466633  12.011347
   9    10  20815.690414  5.252914
  10     9  20936.033829  5.305467
  10    11  17687.758264  12.340953
  10    15  23899.791037  14.809275
  10    16  11304.538514  21.637422
  10    17  8455.105667  17.863555
  11     4  5955.487585  7.949849
  11    10  17617.736378  12.225397
  11    12  8737.388112  15.033545
  11    14  9654.367504  13.217448
  12     3  11005.254897  4.029338
  12    11  8735.630720  15.026279
  12    13  13891.929816  3.037243
  13    12  13987.667439  3.038281
  13    24  11029.893430  17.217117
  14    11  9689.774631  13.353413
  14    15  9049.288120  12.275911
  14    23  8358.946205  8.979736
  15    10  23928.846515  14.852192
  15    14  9097.864515  12.433402
  15    19  18911.080904  4.278985
  15    22  17679.542055  8.177975
  16     8  8158.864835  10.126870
  16    10  11338.494075  21.850290
  16    17  11218.699930  8.352059
  16    18  15490.842515  3.172751
  17    10  8482.459928  17.991819
  17    16  11197.833039  8.304931
  17    19  11303.700622  11.044662
  18     7  16566.451712  2.075321
  18    16  15570.545190  3.176334
  18    20  17097.002227  4.170887
  19    15  18959.097126  4.292024
  19    17  11310.187993  11.065444
  19    20  9319.734263  11.227359
  20    18  17130.314628  4.172223
  20    19  9374.237856  11.397916
  20    21  6435.925419  8.355671
  20    22  7441.012059  8.464228
  21    20  6335.350315  8.211837
  21    22  8557.022384  4.149983
  21    24  9939.674711  10.711090
  22    15  17609.157706  8.096009
  22    20  7529.403158  8.631789
  22    21  8513.664061  4.106737
  22    23  9407.767884  11.519996
  23    14  8345.776938  8.948428
  23    22  9382.416310  11.439265
  23    24  8219.794013  4.058829
  24    13  11025.631052  17.196698
  24    21  9882.457930  10.535065
  24    23  8181.273172  4.020506
