<METADATA>
<File Name> ./SiouxFalls/SiouxFalls_MIX_0.20_1.00_0.20_0.80_1.20_flow.txt
<Number of Links> 76
<theta | lambda> 0.200000 | 1.000000
<stoch | determ> 0.200000 | 0.800000
<distant tolerance> 1.200000
<optimal objective> 3793699.324029
<system cost> 7297766.363301

<LINKS>
~ Init node | Term node | Flow | Cost
   1     2  7067.586705  6.004990
   1     3  10622.547809  4.025465
   2     1  7095.885216  6.005071
   2     6  6635.462497  7.405784
   3     1  10594.249298  4.025195
   3     4  17305.752814  4.627856
   3    12  13859.241244  4.073788
   4     3  17269.111273  4.622555
   4     5  18852.737637  2.378982
   4    11  6203.738533  8.295861
   5     4  18915.229131  2.384032
   5     6  7051.254663  6.474570
   5     9  16924.285503  11.153223
   6     2  6663.761008  7.447087
   6     5  7065.849070  6.495120
   6     8  12557.556439  14.955622
   7     8  13408.483385  6.846499
   7    18  16332.373392  2.071154
   8     6  12600.449357  15.133542
   8     7  13400.411214  6.837244
   8     9  7561.851022  17.540007
   8    16  7987.411959  9.709315
   9     5  16972.182590  11.223175
   9     8  7535.114870  17.433936
   9    10  21839.088107  5.729727
  10     9  21960.249042  5.790810
  10    11  17453.427710  11.959599
  10    15  23185.118462  13.801912
  10    16  10832.186919  18.869225
  10    17  8448.098770  17.830899
  11     4  6204.605499  8.297145
  11    10  17407.525276  11.886672
  11    12  7348.162337  10.519045
  11    14  9365.732574  12.163613
  12     3  13867.584273  4.073966
  12    11  7346.597093  10.515196
  12    13  15171.927722  3.052986
  13    12  15278.705506  3.054494
  13    24  10583.671045  15.204611
  14    11  9422.262351  12.362500
  14    15  8909.381739  11.836283
  14    23  7877.224627  7.927291
  15    10  23221.851063  13.851472
  15    14  8974.444784  12.038176
  15    19  18194.141879  4.095787
  15    22  16693.773039  7.116176
  16     8  8048.968858  9.856175
  16    10  10849.406601  18.964000
  16    17  10909.949586  7.681138
  16    18  18731.959964  3.369364
  17    10  8461.209857  17.892070
  17    16  10891.790989  7.643410
  17    19  8457.226409  4.834142
  18     7  16340.445563  2.071294
  18    16  18828.895142  3.377069
  18    20  20774.030545  4.372489
  19    15  18222.789287  4.102705
  19    17  8452.178898  4.827382
  19    20  9007.908488  10.307560
  20    18  20779.037894  4.372848
  20    19  9031.508385  10.373921
  20    21  6445.455427  8.369654
  20    22  7325.568512  8.254197
  21    20  6378.829675  8.273184
  21    22  8113.856501  3.738016
  21    24  9817.370024  10.338507
  22    15  16666.921277  7.089756
  22    20  7320.801510  8.245734
  22    21  8110.997197  3.735567
  22    23  9288.110516  11.144646
  23    14  7868.691359  7.910301
  23    22  9253.632448  11.039150
  23    24  7815.117796  3.682359
  24    13  10590.448829  15.233341
  24    21  9753.603576  10.149695
  24    23  7772.106460  3.645627
