<METADATA>
<File Name> ./SiouxFalls/SiouxFalls_MIX_0.10_0.10_1.25_flow.txt
<Number of Links> 76
<theta | lambda> 0.100000 | 0.000000
<stoch | determ> 0.100000 | 0.900000
<distant tolerance> 1.250000
<optimal objective> 3895667.248397
<system cost> 10124942.486821

<LINKS>
~ Init node | Term node | Flow | Cost
   1     2  4080.599465  6.000555
   1     3  7207.168862  4.005396
   2     1  4077.790695  6.000553
   2     6  5964.599261  6.570713
   3     1  7209.977632  4.005405
   3     4  12931.036337  4.195718
   3    12  8328.293782  4.009622
   4     3  12883.778410  4.192873
   4     5  18948.802228  2.386766
   4    11  7112.327369  9.966237
   5     4  18780.028084  2.373170
   5     6  10435.965853  15.873115
   5     9  14641.177988  8.446397
   6     2  5961.790491  6.567757
   6     5  10170.709538  14.711224
   6     8  13884.333730  21.361451
   7     8  13446.177727  6.889935
   7    18  17316.218736  2.089911
   8     6  13616.268646  19.908952
   8     7  13648.045303  7.128847
   8     9  4655.764628  11.083486
   8    16  8095.249462  9.968832
   9     5  14737.660159  8.538143
   9     8  4565.230368  11.001636
   9    10  21347.779245  5.492253
  10     9  21453.727156  5.542098
  10    11  17967.592595  12.816653
  10    15  24648.042670  15.965372
  10    16  14739.501865  54.974736
  10    17  4404.321920  8.726229
  11     4  7333.843586  10.483924
  11    10  17765.000479  12.470027
  11    12  8776.074007  15.194599
  11    14  9962.565750  14.452019
  12     3  8378.360478  4.009855
  12    11  8776.708513  15.197259
  12    13  12541.940471  3.024743
  13    12  12692.641674  3.025954
  13    24  11946.210656  22.187463
  14    11  10080.855344  14.957334
  14    15  9143.757133  12.584526
  14    23  8972.794510  10.611668
  15    10  24816.608469  16.240790
  15    14  9255.572000  12.962378
  15    19  20936.307718  4.921323
  15    22  18907.498569  9.773485
  16     8  8119.586214  10.028853
  16    10  14808.178454  55.931434
  16    17  14593.395499  20.187365
  16    18  14707.630777  3.140376
  17    10  4375.619558  8.707482
  17    16  14620.532458  20.323023
  17    19  13349.403636  19.593702
  18     7  17114.351160  2.085791
  18    16  14773.507160  3.142908
  18    20  15527.341017  4.116257
  19    15  21074.807811  4.972670
  19    17  13347.838233  19.585451
  19    20  9824.606524  12.925369
  20    18  15291.349824  4.109349
  20    19  9961.541215  13.433474
  20    21  7089.753567  9.468926
  20    22  7889.359884  9.377695
  21    20  6997.681530  9.292208
  21    22  9141.415643  4.800259
  21    24  10099.124262  11.217921
  22    15  18949.379140  9.833698
  22    20  7782.375419  9.145025
  22    21  9147.992224  4.808326
  22    23  9549.026909  11.981926
  23    14  8979.269238  10.630773
  23    22  9490.499595  11.788029
  23    24  8834.770954  4.747627
  24    13  11996.911859  22.498194
  24    21  10000.475645  10.901503
  24    23  8782.718369  4.683443
