<METADATA>
<File Name> ./SiouxFalls/SiouxFalls_MLT_0.2_1.0_0.5_0.5_1.1_flow.txt
<Number of Links> 76
<theta | lambda> 0.200000 | 1.000000
<stoch | determ> 0.500000 | 0.500000
<distant tolerance> 1.050000
<Optimal Objective> 9011656.860613
<System Cost> 10541787.355644

<LINKS>
~ Init node | Term node | Flow | Cost
   1     2  4293.721317  6.003398
   1     3  7515.741337  4.031939
   2     1  4302.809716  6.003425
   2     6  5953.289727  12.788192
   3     1  7506.652938  4.031796
   3     4  14743.726432  5.655498
   3    12  10366.336648  4.115646
   4     3  14739.687788  5.654787
   4     5  19043.131460  3.974201
   4    11  7091.469564  25.600162
   5     4  19081.263820  3.991050
   5     6  9131.043571  38.689071
   5     9  15010.008491  24.085719
   6     2  5962.378126  12.832626
   6     5  9143.780832  38.757616
   6     8  13506.408758  88.497102
   7     8  14472.583435  29.321834
   7    18  17147.925432  2.432689
   8     6  13528.234418  88.830159
   8     7  14432.154201  28.891989
   8     9  8254.534522  64.747243
   8    16  8978.066312  42.519381
   9     5  15035.403589  24.269388
   9     8  8231.415405  63.428675
   9    10  23325.371736  20.836005
  10     9  23427.647717  21.098886
  10    11  16838.056559  35.134940
  10    15  23379.612644  46.294344
  10    16  14105.807858  217.734740
  10    17  6431.019916  24.531934
  11     4  7149.298561  26.248224
  11    10  16685.099163  34.064798
  11    12  8398.505287  44.542124
  11    14  11055.560664  83.249757
  12     3  10361.286893  4.115339
  12    11  8401.444504  44.593374
  12    13  13476.725531  3.164951
  13    12  13574.614993  3.169696
  13    24  11415.093098  79.765060
  14    11  11057.493048  83.353226
  14    15  9106.994543  42.290020
  14    23  8891.296029  35.879237
  15    10  23493.150512  46.963471
  15    14  9137.946172  42.825299
  15    19  19608.496396  10.381440
  15    22  20453.578830  49.373825
  16     8  8982.581855  42.583652
  16    10  14137.823344  219.642788
  16    17  16059.086922  135.263456
  16    18  18118.141432  4.617997
  17    10  6440.699940  24.627352
  17    16  16057.921646  135.257631
  17    19  13513.194110  94.353842
  18     7  17188.354666  2.438732
  18    16  18155.837738  4.630672
  18    20  17833.093359  5.007400
  19    15  19576.401378  10.308879
  19    17  13521.708857  94.602535
  19    20  10069.065323  53.082223
  20    18  17811.218899  5.006262
  20    19  10045.485052  52.320530
  20    21  5890.296546  14.247469
  20    22  7317.536787  21.230127
  21    20  5813.306189  13.837788
  21    22  9717.582846  19.869963
  21    24  10689.066743  54.483781
  22    15  20530.163344  50.078773
  22    20  7249.072413  20.620094
  22    21  9708.785400  19.806052
  22    23  9966.345471  51.382046
  23    14  8862.276784  35.466872
  23    22  9965.668165  51.359360
  23    24  8131.035742  11.857247
  24    13  11412.982560  79.656328
  24    21  10620.873832  53.226963
  24    23  8101.339191  11.712155
