<METADATA>
<File Name> ./SiouxFalls/SiouxFalls_MIX_0.10_0.30_1.40_flow.txt
<Number of Links> 76
<theta | lambda> 0.100000 | 0.000000
<stoch | determ> 0.300000 | 0.700000
<distant tolerance> 1.400000
<optimal objective> 8133021.877950
<system cost> 7954260.377853

<LINKS>
~ Init node | Term node | Flow | Cost
   1     2  5924.412408  6.002464
   1     3  9931.483430  4.019457
   2     1  5921.059041  6.002458
   2     6  7160.864827  8.263125
   3     1  9934.836797  4.019484
   3     4  14395.625368  4.300622
   3    12  11394.506058  4.033714
   4     3  14404.896836  4.301397
   4     5  18226.123708  2.331054
   4    11  6525.281808  8.810145
   5     4  18323.073028  2.338154
   5     6  8074.483801  8.254937
   5     9  16506.920192  10.568336
   6     2  7157.511460  8.257017
   6     5  8104.488296  8.318535
   6     8  12722.368128  15.649274
   7     8  14311.137920  7.991644
   7    18  17334.667911  2.090295
   8     6  12749.019255  15.764005
   8     7  14273.892932  7.939883
   8     9  6572.161901  14.302217
   8    16  8429.309570  10.841191
   9     5  16573.865017  10.659218
   9     8  6556.229364  14.260650
   9    10  21716.806911  5.669102
  10     9  21867.819199  5.744120
  10    11  17603.037424  12.201313
  10    15  23591.636600  14.363654
  10    16  11269.952131  21.422563
  10    17  8504.242795  18.094851
  11     4  6537.603956  8.831432
  11    10  17503.087554  12.039145
  11    12  8555.236073  14.303471
  11    14  9562.241062  12.870623
  12     3  11388.587957  4.033644
  12    11  8554.691675  14.301358
  12    13  13983.810966  3.038239
  13    12  14077.348467  3.039272
  13    24  10927.629398  16.733720
  14    11  9575.157738  12.918650
  14    15  9002.628341  12.127004
  14    23  8184.431876  8.576720
  15    10  23670.804606  14.476486
  15    14  9012.565824  12.158525
  15    19  18702.657510  4.223526
  15    22  17318.647091  7.767950
  16     8  8434.648247  10.856003
  16    10  11315.632746  21.706761
  16    17  12004.320939  10.327119
  16    18  16193.540067  3.206295
  17    10  8530.356330  18.219414
  17    16  12031.529743  10.402872
  17    19  11223.112189  10.789476
  18     7  17371.912900  2.091073
  18    16  16217.350556  3.207511
  18    20  17531.164351  4.188918
  19    15  18690.020351  4.220223
  19    17  11276.434528  10.957710
  19    20  9500.154235  11.803477
  20    18  17492.219828  4.187245
  20    19  9540.839415  11.938014
  20    21  7273.022571  9.841760
  20    22  7868.937944  9.332543
  21    20  7234.411019  9.760826
  21    22  8920.917254  4.539700
  21    24  9873.747130  10.508533
  22    15  17320.389740  7.769870
  22    20  7809.290154  9.202664
  22    21  8940.872476  4.562501
  22    23  9361.452526  11.372999
  23    14  8187.411069  8.583387
  23    22  9323.502605  11.254168
  23    24  8609.190152  4.477569
  24    13  10921.166900  16.703624
  24    21  9815.180356  10.331962
  24    23  8574.219425  4.437558
