<METADATA>
<File Name> ./SiouxFalls/SiouxFalls_MIX_0.50_0.80_1.40_flow.txt
<Number of Links> 76
<theta | lambda> 0.500000 | 0.000000
<stoch | determ> 0.800000 | 0.200000
<distant tolerance> 1.400000
<optimal objective> 7452465.800877
<system cost> 7518591.717526

<LINKS>
~ Init node | Term node | Flow | Cost
   1     2  5254.313990  6.001524
   1     3  8758.541421  4.011769
   2     1  5281.753270  6.001556
   2     6  6499.600201  7.214718
   3     1  8731.102141  4.011623
   3     4  14804.297664  4.336240
   3    12  11261.756760  4.032170
   4     3  14736.849882  4.330154
   4     5  18364.034434  2.341188
   4    11  6169.213810  8.245179
   5     4  18570.259021  2.356774
   5     6  8206.982113  8.541173
   5     9  16503.862860  10.564212
   6     2  6527.039481  7.252354
   6     5  8218.153200  8.565949
   6     8  12516.882515  14.788583
   7     8  13320.211406  6.746204
   7    18  16230.260818  2.069391
   8     6  12555.492882  14.947109
   8     7  13283.828286  6.705442
   8     9  6916.272555  15.276521
   8    16  7946.438454  9.613425
   9     5  16698.916360  10.831958
   9     8  6906.565032  15.246960
   9    10  21814.918128  5.717663
  10     9  22100.264105  5.862669
  10    11  17442.911862  11.942841
  10    15  23023.349990  13.586436
  10    16  11040.074832  20.043969
  10    17  8322.841836  17.260701
  11     4  5995.541441  8.002836
  11    10  17469.646403  11.985504
  11    12  7957.680574  12.215523
  11    14  9816.750847  13.853408
  12     3  11301.765262  4.032630
  12    11  7923.433152  12.109213
  12    13  13204.609061  3.030402
  13    12  13310.370141  3.031388
  13    24  10885.998378  16.540779
  14    11  9804.060441  13.802555
  14    15  9173.579241  12.683958
  14    23  8328.453423  8.907470
  15    10  23059.078647  13.633638
  15    14  9190.924555  12.742238
  15    19  18344.476980  4.132456
  15    22  18004.909187  8.569800
  16     8  7958.373224  9.641203
  16    10  11126.780680  20.553959
  16    17  11491.035490  8.991672
  16    18  16694.304968  3.233021
  17    10  8359.018765  17.422768
  17    16  11497.325914  9.006994
  17    19  10098.122952  7.760662
  18     7  16266.643938  2.070015
  18    16  16786.655163  3.238220
  18    20  18654.404204  4.242190
  19    15  18316.892221  4.125660
  19    17  10140.590306  7.858180
  19    20  9105.362600  10.584980
  20    18  18683.137519  4.243685
  20    19  9120.245195  10.628138
  20    21  6350.214679  8.232668
  20    22  7523.780941  8.620954
  21    20  6306.515751  8.171843
  21    22  8914.173587  4.532029
  21    24  9805.366561  10.302683
  22    15  17985.567917  8.545906
  22    20  7511.095780  8.596596
  22    21  8916.160213  4.534287
  22    23  9409.170827  11.524483
  23    14  8298.417702  8.837058
  23    22  9379.131022  11.428851
  23    24  8319.146141  4.160188
  24    13  10891.759458  16.567348
  24    21  9759.681007  10.167531
  24    23  8259.070616  4.098463
