<METADATA>
<File Name> ./SiouxFalls/SiouxFalls_MIX_0.02_0.30_1.10_flow.txt
<Number of Links> 76
<theta | lambda> 0.020000 | 0.000000
<stoch | determ> 0.300000 | 0.700000
<distant tolerance> 1.100000
<optimal objective> 31412086.878815
<system cost> 14992481.136034

<LINKS>
~ Init node | Term node | Flow | Cost
   1     2  4956.257160  6.001207
   1     3  8252.366480  4.009276
   2     1  4959.408646  6.001210
   2     6  6746.549982  7.570980
   3     1  8249.214994  4.009261
   3     4  14784.171401  4.334415
   3    12  11301.952770  4.032632
   4     3  14571.183769  4.315557
   4     5  20638.749505  2.544321
   4    11  7833.260711  11.835822
   5     4  20677.832911  2.548455
   5     6  10175.717834  14.732337
   5     9  15863.578469  9.749697
   6     2  6749.701468  7.575788
   6     5  10176.856365  14.737141
   6     8  13676.549841  20.228206
   7     8  13824.626845  7.346710
   7    18  17038.096808  2.084272
   8     6  13680.839858  20.251088
   8     7  13782.323457  7.293750
   8     9  8006.391587  19.475598
   8    16  10002.997326  16.583878
   9     5  15901.523343  9.795304
   9     8  7971.786117  19.312834
   9    10  22603.740870  6.132583
  10     9  22707.080274  6.190263
  10    11  17002.660659  11.267997
  10    15  21748.593079  12.040716
  10    16  17702.246201  110.056493
  10    17  5268.814833  9.487336
  11     4  7681.189674  11.395673
  11    10  16912.123759  11.135555
  11    12  9516.282113  18.711621
  11    14  11662.327984  23.627111
  12     3  11511.788916  4.035124
  12    11  9378.800726  17.992809
  12    13  12944.189704  3.028074
  13    12  13116.544463  3.029599
  13    24  10976.074017  16.961032
  14    11  11657.201433  23.592623
  14    15  8790.196496  11.477748
  14    23  7784.250881  7.745135
  15    10  21772.795131  12.067650
  15    14  8827.956818  11.589774
  15    19  21278.805885  5.050166
  15    22  20958.459223  13.226176
  16     8  9999.589425  16.568100
  16    10  17765.951282  111.591416
  16    17  18328.886474  47.257306
  16    18  16310.233892  3.212306
  17    10  5274.784005  9.494087
  17    16  18435.737811  48.321911
  17    19  15182.083193  31.433048
  18     7  17080.400196  2.085112
  18    16  16263.679735  3.209892
  18    20  18404.156774  4.229453
  19    15  21260.783845  5.043229
  19    17  15294.903702  32.317735
  19    20  10721.156555  16.657037
  20    18  18299.906004  4.224298
  20    19  10815.955026  17.110673
  20    21  7177.953941  9.644796
  20    22  8275.869104  10.300696
  21    20  7097.986398  9.485067
  21    22  10291.470679  6.498359
  21    24  10821.953404  13.835519
  22    15  20938.443636  13.187168
  22    20  8246.384348  10.225559
  22    21  10283.809242  6.484979
  22    23  10818.435990  17.150103
  23    14  7741.364008  7.663280
  23    22  10761.274210  16.874371
  23    24  8331.752827  4.173312
  24    13  11048.428776  17.306184
  24    21  10749.647298  13.548822
  24    23  8231.704174  4.070788
