<METADATA>
<File Name> ./SiouxFalls/SiouxFalls_MIX_0.02_0.90_1.05_flow.txt
<Number of Links> 76
<theta | lambda> 0.020000 | 0.000000
<stoch | determ> 0.100000 | 0.900000
<distant tolerance> 1.050000
<optimal objective> 15889399.829822
<system cost> 39468095.254751

<LINKS>
~ Init node | Term node | Flow | Cost
   1     2  4246.801724  6.000651
   1     3  6871.287711  4.004458
   2     1  4246.995869  6.000651
   2     6  6610.864514  7.370308
   3     1  6871.093565  4.004458
   3     4  12306.462408  4.160558
   3    12  8054.219816  4.008416
   4     3  12306.266903  4.160547
   4     5  17490.678349  2.280768
   4    11  7636.252659  11.270513
   5     4  17638.308894  2.290368
   5     6  10326.358039  15.382110
   5     9  10602.551714  5.947770
   6     2  6611.058659  7.370587
   6     5  10332.869343  15.410846
   6     8  16212.158440  37.991594
   7     8  10805.936849  4.622545
   7    18  15069.471703  2.051569
   8     6  16218.863890  38.051176
   8     7  10796.582071  4.616933
   8     9  4479.901278  10.928823
   8    16  13402.489546  42.331485
   9     5  10743.670955  5.999245
   9     8  4477.169549  10.926560
   9    10  19753.871889  4.827217
  10     9  19992.259400  4.917029
  10    11  17538.921709  12.096968
  10    15  16064.954165  7.798381
  10    16  24660.720467  403.435626
  10    17  2127.828325  8.039564
  11     4  7588.426609  11.139710
  11    10  17486.666117  12.012766
  11    12  9986.614321  21.417175
  11    14  13145.522694  35.683038
  12     3  8054.221176  4.008416
  12    11  9964.900673  21.283527
  12    13  12918.390458  3.027851
  13    12  12996.678170  3.028532
  13    24  11044.497869  17.287258
  14    11  13167.154700  35.892101
  14    15  8503.718827  10.673686
  14    23  8122.850002  8.440521
  15    10  16165.659747  7.843901
  15    14  8504.457865  10.675659
  15    19  19793.530589  4.534946
  15    22  22087.382159  15.614001
  16     8  13402.571946  42.332403
  16    10  24750.704082  409.297558
  16    17  24095.847165  137.180227
  16    18  15118.348310  3.156725
  17    10  2127.782232  8.039561
  17    16  24095.935913  137.182219
  17    19  19875.382777  88.451348
  18     7  15078.826482  2.051698
  18    16  15208.325577  3.160490
  18    20  12620.199782  4.050734
  19    15  19793.736786  4.535010
  19    17  19875.425432  88.452090
  19    20  6982.220616  6.276878
  20    18  12619.531827  4.050723
  20    19  6982.469468  6.277203
  20    21  4710.456482  6.675962
  20    22  6980.467845  7.682975
  21    20  4617.278189  6.624043
  21    22  12438.076730  11.597482
  21    24  12157.099053  20.256269
  22    15  22088.620582  15.616830
  22    20  6973.227035  7.671860
  22    21  12419.353665  11.539824
  22    23  10952.193685  17.812608
  23    14  8143.742970  8.486384
  23    22  10927.468234  17.688298
  23    24  6239.610273  2.683607
  24    13  11022.785581  17.183080
  24    21  12082.643824  19.837398
  24    23  6235.777790  2.681929
