<METADATA>
<File Name> ./SiouxFalls/SiouxFalls_MIX_0.10_0.80_1.40_flow.txt
<Number of Links> 76
<theta | lambda> 0.100000 | 0.000000
<stoch | determ> 0.800000 | 0.200000
<distant tolerance> 1.400000
<optimal objective> 21771833.705783
<system cost> 8316053.226121

<LINKS>
~ Init node | Term node | Flow | Cost
   1     2  6232.198733  6.003017
   1     3  10308.018195  4.022580
   2     1  6343.860973  6.003239
   2     6  7206.306182  8.346745
   3     1  10196.355956  4.021618
   3     4  16915.689991  4.573135
   3    12  14230.309034  4.082014
   4     3  16316.729658  4.496170
   4     5  18244.247191  2.332372
   4    11  8148.169574  12.832379
   5     4  18831.823572  2.377303
   5     6  7805.190645  7.715080
   5     9  16509.058846  10.571223
   6     2  7317.968422  8.559048
   6     5  7810.969197  7.726094
   6     8  12473.593417  14.612584
   7     8  14437.098298  8.169715
   7    18  17474.488526  2.093243
   8     6  12591.034208  15.094332
   8     7  14308.904167  7.988529
   8     9  7824.800264  18.644748
   8    16  8590.306242  11.300397
   9     5  17090.856675  11.399066
   9     8  7734.949516  18.254471
   9    10  22148.295155  5.887636
  10     9  22740.242236  6.208940
  10    11  17574.315682  12.154429
  10    15  23385.316469  14.074893
  10    16  11026.124066  19.963027
  10    17  8723.020379  19.174417
  11     4  7061.632859  9.854360
  11    10  18078.759470  13.011905
  11    12  8097.658081  12.664529
  11    14  9708.820406  13.427168
  12     3  14717.607128  4.093838
  12    11  7615.844925  11.214397
  12    13  14872.716664  3.048928
  13    12  14978.201601  3.050331
  13    24  10892.952927  16.572857
  14    11  9708.540636  13.426082
  14    15  9328.348743  13.215781
  14    23  8388.492064  9.050516
  15    10  23587.383820  14.357625
  15    14  9284.210824  13.061386
  15    19  17410.891571  3.918933
  15    22  18148.666951  8.749827
  16     8  8669.403650  11.535672
  16    10  11028.728215  19.978113
  16    17  12478.918772  11.724162
  16    18  21472.282209  3.637726
  17    10  8505.852172  18.102495
  17    16  12678.138386  12.360157
  17    19  10183.650780  7.958319
  18     7  17602.682657  2.096010
  18    16  21354.764152  3.623879
  18    20  19414.908951  4.284166
  19    15  17358.627343  3.907949
  19    17  10165.702187  7.916424
  19    20  9392.999255  11.457318
  20    18  19325.585026  4.278972
  20    19  9322.786434  11.236831
  20    21  7984.002556  11.578959
  20    22  7971.451301  9.562764
  21    20  7922.612835  11.409340
  21    22  10198.599193  6.338169
  21    24  9358.517840  9.059759
  22    15  18258.860611  8.890750
  22    20  7773.304275  9.125733
  22    21  10313.829063  6.537578
  22    23  9488.825971  11.782536
  23    14  8432.350212  9.156971
  23    22  9516.102474  11.872409
  23    24  9203.595634  5.235986
  24    13  10898.437865  16.598199
  24    21  9181.898250  8.615094
  24    23  9274.730286  5.337196
