<METADATA>
<File Name> ./SiouxFalls/SiouxFalls_MIX_0.50_0.20_1.10_flow.txt
<Number of Links> 76
<theta | lambda> 0.500000 | 0.000000
<stoch | determ> 0.200000 | 0.800000
<distant tolerance> 1.100000
<optimal objective> 4970784.122429
<system cost> 17423989.468153

<LINKS>
~ Init node | Term node | Flow | Cost
   1     2  4108.390642  6.000570
   1     3  7227.080057  4.005456
   2     1  4112.419803  6.000572
   2     6  6179.035520  6.809067
   3     1  7223.050896  4.005444
   3     4  13914.260405  4.262385
   3    12  9745.464961  4.018040
   4     3  13909.723719  4.262043
   4     5  19283.171986  2.414797
   4    11  6364.927709  8.543933
   5     4  19382.038774  2.423369
   5     6  10504.943123  16.190146
   5     9  14739.063604  8.539491
   6     2  6183.064681  6.813790
   6     5  10504.874940  16.189829
   6     8  14028.988601  22.181023
   7     8  12695.111865  6.090958
   7    18  15202.461928  2.053414
   8     6  14032.949578  22.203824
   8     7  12686.981168  6.083047
   8     9  6652.187598  14.515619
   8    16  10420.532458  18.642470
   9     5  14837.998576  8.635487
   9     8  6647.371079  14.502555
   9    10  21557.344991  5.591566
  10     9  21751.463445  5.686180
  10    11  16215.284042  10.185128
  10    15  20621.182435  10.882228
  10    16  19520.001445  160.798945
  10    17  4678.489711  8.924656
  11     4  6361.524234  8.538496
  11    10  16119.919369  10.064222
  11    12  8457.213378  13.929410
  11    14  12102.063823  26.758998
  12     3  9745.972486  4.018044
  12    11  8454.968301  13.920993
  12    13  12392.788775  3.023587
  13    12  12491.051224  3.024344
  13    24  11406.433566  19.116490
  14    11  12105.540751  26.785164
  14    15  8926.232703  11.888149
  14    23  8159.632485  8.521500
  15    10  20731.961832  10.987988
  15    14  8954.810936  11.976786
  15    19  19797.026572  4.536031
  15    22  20739.407272  12.805308
  16     8  10421.179258  18.645857
  16    10  19600.001449  163.385265
  16    17  19520.026517  60.219167
  16    18  15838.798169  3.188804
  17    10  4677.193437  8.923631
  17    16  19680.012558  62.151416
  17    19  15682.798561  35.512283
  18     7  15210.592624  2.053528
  18    16  15759.458932  3.185049
  18    20  15275.806368  4.108905
  19    15  19795.472300  4.535548
  19    17  15841.488329  36.889415
  19    20  8825.723408  9.812551
  20    18  15104.597827  4.104104
  20    19  8982.858903  10.237690
  20    21  5625.421682  7.374963
  20    22  6020.467759  6.484566
  21    20  5526.715140  7.280970
  21    22  9907.388526  5.863502
  21    24  10705.449083  13.376399
  22    15  20780.319174  12.882907
  22    20  6005.101255  6.469467
  22    21  9875.931554  5.814667
  22    23  10623.429266  16.227288
  23    14  8134.531181  8.466119
  23    22  10617.517693  16.200095
  23    24  8117.164341  3.957915
  24    13  11404.696015  19.107281
  24    21  10638.199513  13.118115
  24    23  8086.151463  3.928164
