<METADATA>
<File Name> ./SiouxFalls/SiouxFalls_MIX_0.02_0.90_1.70_flow.txt
<Number of Links> 76
<theta | lambda> 0.020000 | 0.000000
<stoch | determ> 0.100000 | 0.900000
<distant tolerance> 1.700000
<optimal objective> 8981630.641660
<system cost> 7658321.990970

<LINKS>
~ Init node | Term node | Flow | Cost
   1     2  6963.281738  6.004702
   1     3  10734.426517  4.026555
   2     1  7004.148225  6.004813
   2     6  6751.006500  7.577780
   3     1  10693.560030  4.026153
   3     4  17812.552029  4.704697
   3    12  14249.271707  4.082452
   4     3  17798.271926  4.702440
   4     5  19194.323225  2.407204
   4    11  6701.013374  9.125314
   5     4  19269.173263  2.413593
   5     6  7095.594200  6.537401
   5     9  17082.578533  11.386677
   6     2  6791.872987  7.640767
   6     5  7125.335367  6.580212
   6     8  12630.050645  15.257392
   7     8  13511.819742  6.966453
   7    18  15955.594342  2.064811
   8     6  12700.658299  15.556346
   8     7  13433.886456  6.875731
   8     9  7653.202329  17.911013
   8    16  7932.912438  9.582094
   9     5  17127.687404  11.454404
   9     8  7573.568805  17.586852
   9    10  23071.486576  6.400036
  10     9  23136.961922  6.438797
  10    11  17597.771328  12.192700
  10    15  23692.093797  14.507022
  10    16  11023.284556  19.946590
  10    17  8226.707804  16.840190
  11     4  6711.883234  9.145642
  11    10  17425.085591  11.914503
  11    12  7707.478248  11.469919
  11    14  9617.452901  13.077278
  12     3  14222.685322  4.081838
  12    11  7698.741726  11.445161
  12    13  15810.544163  3.062487
  13    12  15875.221257  3.063515
  13    24  10676.209646  15.601652
  14    11  9564.373546  12.878539
  14    15  8967.174269  12.015396
  14    23  7838.585930  7.850801
  15    10  23636.368056  14.427267
  15    14  8997.010420  12.109231
  15    19  18981.436161  4.298124
  15    22  16652.212140  7.075338
  16     8  8005.220331  9.751454
  16    10  11172.236145  20.826128
  16    17  11468.439308  8.936840
  16    18  15777.276629  3.185887
  17    10  8271.643039  17.034923
  17    16  11563.255837  9.169104
  17    19  9113.009224  5.820824
  18     7  16033.527628  2.066087
  18    16  15903.719582  3.191918
  18    20  19280.245951  4.276363
  19    15  19194.467841  4.357389
  19    17  9252.760988  6.060646
  19    20  8935.170737  10.106283
  20    18  19384.622190  4.282397
  20    19  9287.954182  11.129282
  20    21  6729.362517  8.815569
  20    22  8007.519952  9.645908
  21    20  6771.934430  8.887497
  21    22  8586.536015  4.179799
  21    24  9806.934847  10.307356
  22    15  16313.290870  6.753550
  22    20  8322.107722  10.420156
  22    21  8615.955863  4.209827
  22    23  9322.101040  11.249807
  23    14  7755.670424  7.690435
  23    22  9327.187389  11.265643
  23    24  8342.941936  4.185010
  24    13  10640.886739  15.448873
  24    21  9820.086912  10.346634
  24    23  8265.112778  4.104610
