<METADATA>
<File Name> ./SiouxFalls/SiouxFalls_DSD_0.50_0.80_2.00_flow.txt
<Number of Links> 76
<theta | lambda> 0.500000 | 0.000000
<stoch | determ> 0.800000 | 0.500000
<distant tolerance> 2.000000
<optimal objective> 9073586.019897
<system cost> 7455291.782332

<LINKS>
~ Init node | Term node | Flow | Cost
   1     2  5040.868219  6.001292
   1     3  8466.355125  4.010267
   2     1  5019.390929  6.001269
   2     6  6168.128773  6.796182
   3     1  8487.832415  4.010375
   3     4  14995.063584  4.353444
   3    12  11294.369944  4.032570
   4     3  15132.393822  4.367354
   4     5  18568.336452  2.356625
   4    11  6240.680483  8.347030
   5     4  18486.523692  2.350849
   5     6  8348.309326  8.859070
   5     9  16242.815125  10.221165
   6     2  6146.651483  6.770512
   6     5  8421.257093  9.036239
   6     8  12552.116905  14.931511
   7     8  12785.565355  6.180444
   7    18  15541.686096  2.058335
   8     6  12603.587382  15.150943
   8     7  12700.896175  6.096491
   8     9  7029.831344  15.631181
   8    16  8030.271353  9.810325
   9     5  16088.054599  10.030078
   9     8  7006.301812  15.556379
   9    10  21897.339249  5.759129
  10     9  21819.049190  5.721938
  10    11  17828.998035  12.521561
  10    15  22876.435220  13.435370
  10    16  10954.419901  19.557045
  10    17  8344.714886  17.357199
  11     4  6559.823480  8.868696
  11    10  17512.513260  12.104162
  11    12  8023.630243  12.410552
  11    14  9864.867048  13.919813
  12     3  11178.516996  4.031172
  12    11  8125.354832  12.766073
  12    13  13425.967441  3.032468
  13    12  13511.839082  3.033306
  13    24  10901.671084  16.613351
  14    11  9865.800681  14.163522
  14    15  9132.815928  12.409794
  14    23  8315.473486  8.903122
  15    10  22937.096247  13.435683
  15    14  9130.816912  12.669143
  15    19  18258.633231  4.110797
  15    22  17820.766090  8.337818
  16     8  8020.602182  9.789147
  16    10  10994.361603  19.785600
  16    17  11374.069443  8.716214
  16    18  16642.607045  3.230059
  17    10  8382.306873  17.527770
  17    16  11351.503141  8.657487
  17    19  9917.704556  7.361959
  18     7  15626.355277  2.059625
  18    16  16695.445876  3.233178
  18    20  19419.408838  4.284309
  19    15  18253.753994  4.110492
  19    17  9932.730242  7.389734
  19    20  8892.925514  9.989432
  20    18  19456.916850  4.286738
  20    19  8903.071963  10.020656
  20    21  6326.730890  8.201401
  20    22  7484.709767  8.539285
  21    20  6290.285695  8.147812
  21    22  8559.940221  4.152186
  21    24  10030.632406  11.004289
  22    15  17784.307339  8.313907
  22    20  7468.809423  8.523743
  22    21  8564.772089  4.158992
  22    23  9421.587045  11.523534
  23    14  8318.406135  8.859284
  23    22  9374.059817  11.455156
  23    24  8236.241927  4.073038
  24    13  10887.542725  16.547535
  24    21  9989.355345  10.859679
  24    23  8191.647347  4.032923
