<METADATA>
<File Name> ./SiouxFalls/SiouxFalls_COL_0.20_1.00_0.00_1.00_1.05_flow.txt
<Number of Links> 76
<theta | lambda> 0.200000 | 1.000000
<stoch | determ> 0.000000 | 1.000000
<distant tolerance> 1.050000
<optimal objective> 61523000.822940
<system cost> 61523000.822940

<LINKS>
~ Init node | Term node | Flow | Cost
   1     2  3800.000000  6.002085
   1     3  6000.000000  4.012960
   2     1  3800.000000  6.002085
   2     6  6600.000000  16.773824
   3     1  6000.000000  4.012960
   3     4  10299.734882  4.393888
   3    12  6900.265118  4.022671
   4     3  10299.734882  4.393888
   4     5  15086.363848  2.777015
   4    11  6999.469764  24.602112
   5     4  15099.734882  2.779774
   5     6  11086.363848  79.606699
   5     9  7500.000000  6.186523
   6     2  6600.000000  16.773824
   6     5  11099.734882  79.972164
   6     8  17500.265118  246.335316
   7     8  7913.636152  5.333575
   7    18  13000.265118  2.142817
   8     6  17513.636152  247.083019
   8     7  7900.265118  5.317841
   8     9  800.000000  10.004723
   8    16  14700.000000  275.129928
   9     5  7500.000000  6.186523
   9     8  800.000000  10.004723
   9    10  17500.000000  8.627344
  10     9  17600.000000  8.757075
  10    11  18400.000000  47.983578
  10    15  14000.000000  11.186160
  10    16  27400.000000  3047.659119
  10    17  0.000000  8.000000
  11     4  7086.098730  25.540244
  11    10  18200.000000  46.144977
  11    12  10679.647593  106.818119
  11    14  14056.215105  211.093050
  12     3  6900.265118  4.022671
  12    11  10656.745341  105.955965
  12    13  12743.519777  3.131862
  13    12  12820.617525  3.135082
  13    24  11543.519777  83.280518
  14    11  14065.746323  211.655405
  14    15  7648.108931  23.562273
  14    23  8108.106174  26.041693
  15    10  14100.000000  11.335931
  15    14  7654.291617  23.618463
  15    19  19000.000000  9.516050
  15    22  23212.246233  79.932765
  16     8  14700.000000  275.129928
  16    10  27500.000000  3092.335938
  16    17  26700.000000  1020.965365
  16    18  14100.000000  3.592881
  17    10  0.000000  8.000000
  17    16  26700.000000  1020.965365
  17    19  21900.000000  639.171333
  18     7  13013.636152  2.143405
  18    16  14200.000000  3.609880
  18    20  11400.265118  4.168912
  19    15  19000.000000  9.516050
  19    17  21900.000000  639.171333
  19    20  5100.000000  7.240531
  20    18  11413.636152  4.169706
  20    19  5100.000000  7.240531
  20    21  4300.000000  8.347007
  20    22  5300.265118  9.459014
  21    20  4200.000000  8.136179
  21    22  13243.519777  63.676697
  21    24  12920.617525  113.083589
  22    15  23218.428919  80.009439
  22    20  5313.636152  9.504186
  22    21  13220.617525  63.251103
  22    23  11125.355976  77.545815
  23    14  8111.454706  26.082512
  23    22  11122.007444  77.446676
  23    24  6100.000000  5.122237
  24    13  11520.617525  82.653124
  24    21  12843.519777  110.479626
  24    23  6100.000000  5.122237
