<METADATA>
<File Name> ./SiouxFalls/SiouxFalls_MLT_0.20_1.00_0.50_0.50_1.30_flow.txt
<Number of Links> 76
<theta | lambda> 0.200000 | 1.000000
<stoch | determ> 0.500000 | 0.500000
<distant tolerance> 1.300000
<optimal objective> 8334764.449961
<system cost> 8055763.535455

<LINKS>
~ Init node | Term node | Flow | Cost
   1     2  4914.817909  6.001167
   1     3  8745.015974  4.011697
   2     1  4921.699869  6.001174
   2     6  6283.246758  6.934231
   3     1  8738.134014  4.011660
   3     4  15116.571773  4.365520
   3    12  11116.232333  4.030539
   4     3  15112.071085  4.365085
   4     5  18745.929775  2.370467
   4    11  6710.367887  9.142802
   5     4  18812.503102  2.375757
   5     6  8617.933474  9.521367
   5     9  16586.153348  10.676021
   6     2  6290.128718  6.942719
   6     5  8646.521624  9.594996
   6     8  12425.521961  14.419276
   7     8  13862.416989  7.394432
   7    18  15891.577323  2.063778
   8     6  12460.992070  14.561694
   8     7  13822.815410  7.344432
   8     9  7011.493997  15.573161
   8    16  8183.312769  10.188597
   9     5  16624.138525  10.728196
   9     8  6979.689746  15.472727
   9    10  22549.543659  6.102646
  10     9  22655.724585  6.161499
  10    11  17649.655558  12.277902
  10    15  23741.483453  14.578180
  10    16  11532.444853  23.103340
  10    17  7452.902170  13.954688
  11     4  6739.293873  9.197343
  11    10  17536.154422  12.092490
  11    12  8288.504641  13.315372
  11    14  9630.878377  13.128070
  12     3  11113.851061  4.030513
  12    11  8294.393073  13.336183
  12    13  13812.457735  3.036399
  13    12  13915.964896  3.037502
  13    24  11135.614993  17.731193
  14    11  9640.414794  13.164278
  14    15  9054.564872  12.292897
  14    23  8632.957467  9.665504
  15    10  23767.406425  14.615707
  15    14  9068.106039  12.336621
  15    19  18962.846967  4.293047
  15    22  18314.578774  8.962984
  16     8  8210.985551  10.259137
  16    10  11589.486214  23.484106
  16    17  13165.591823  14.047749
  16    18  15962.580894  3.194775
  17    10  7489.619899  14.072904
  17    16  13152.977970  14.001644
  17    19  10911.097544  9.852058
  18     7  15931.178902  2.064416
  18    16  16059.908890  3.199569
  18    20  17600.260639  4.191914
  19    15  18946.677882  4.288642
  19    17  10935.201420  9.921673
  19    20  9519.760219  11.868094
  20    18  17637.190214  4.193530
  20    19  9527.695011  11.894359
  20    21  6419.364676  8.331518
  20    22  7798.930331  9.180407
  21    20  6368.960771  8.259149
  21    22  8860.124454  4.471176
  21    24  9907.287391  10.611077
  22    15  18270.211997  8.905412
  22    20  7794.198602  9.170271
  22    21  8852.259863  4.462414
  22    23  9421.685975  11.564596
  23    14  8628.952717  9.654999
  23    22  9364.722879  11.383307
  23    24  8575.645138  4.439179
  24    13  11139.122153  17.748500
  24    21  9864.748077  10.481197
  24    23  8514.677292  4.370551
