<METADATA>
<File Name> ./SiouxFalls/SiouxFalls_MIX_0.20_0.00_10.00_flow.txt
<Number of Links> 76
<theta | lambda> 0.200000 | 0.000000
<stoch | determ> 0.000000 | 1.000000
<distant tolerance> 10.000000
<optimal objective> 1441306.796311
<system cost> 7206533.981556

<LINKS>
~ Init node | Term node | Flow | Cost
   1     2  7563.676065  6.006546
   1     3  11208.560350  4.031567
   2     1  7608.275222  6.006702
   2     6  6585.190382  7.333701
   3     1  11163.961193  4.031067
   3     4  17522.010559  4.659833
   3    12  14166.535284  4.080554
   4     3  17506.738517  4.657535
   4     5  18959.850779  2.387669
   4    11  6162.097893  8.234838
   5     4  19048.265463  2.394951
   5     6  6965.894600  6.356903
   5     9  16901.353098  11.119940
   6     2  6629.789539  7.397567
   6     5  6983.979136  6.381474
   6     8  12527.161607  14.830644
   7     8  13267.175235  6.686895
   7    18  16432.601524  2.072916
   8     6  12589.845300  15.089387
   8     7  13182.328840  6.593482
   8     9  7555.000907  17.512723
   8    16  7960.951161  9.647220
   9     5  16971.683245  11.222443
   9     8  7516.945029  17.362491
   9    10  21677.013583  5.649592
  10     9  21809.287852  5.714858
  10    11  17493.549988  12.023815
  10    15  23406.145046  14.103700
  10    16  10677.997268  18.040513
  10    17  8311.093159  17.208522
  11     4  6158.411166  8.229495
  11    10  17420.359796  11.907005
  11    12  7338.423663  10.495136
  11    14  9475.662384  12.553694
  12     3  14137.208170  4.079889
  12    11  7351.017225  10.526072
  12    13  15378.759840  3.055935
  13    12  15462.026288  3.057157
  13    24  10585.948085  15.214257
  14    11  9486.191903  12.591777
  14    15  8908.957483  11.834981
  14    23  7726.001960  7.634289
  15    10  23428.223838  14.134319
  15    14  8954.886534  11.977022
  15    19  18274.656291  4.115313
  15    22  16488.811118  6.917719
  16     8  7976.844338  9.684442
  16    10  10738.804472  18.363077
  16    17  10608.898273  7.079553
  16    18  18634.695139  3.361752
  17    10  8333.671623  17.308996
  17    16  10513.096508  6.898544
  17    19  8207.205314  4.513570
  18     7  16517.447919  2.074434
  18    16  18807.197285  3.375334
  18    20  20717.185552  4.368428
  19    15  18453.197317  4.159542
  19    17  8133.982014  4.425061
  19    20  8584.454492  9.202551
  20    18  20874.534092  4.379749
  20    19  8689.772218  9.462596
  20    21  6502.784523  8.455093
  20    22  7103.955732  7.877925
  21    20  6281.002111  8.136910
  21    22  8074.055512  3.704164
  21    24  9821.742854  10.351591
  22    15  16278.277935  6.721429
  22    20  7488.404410  8.553331
  22    21  7906.445477  3.567002
  22    23  9269.154006  11.086497
  23    14  7690.602428  7.568138
  23    22  9275.459466  11.105800
  23    24  7712.291221  3.595549
  24    13  10569.214534  15.143518
  24    21  9767.570477  10.190735
  24    23  7683.197150  3.571609
