<METADATA>
<File Name> ./SiouxFalls/SiouxFalls_MIX_0.10_0.30_1.10_flow.txt
<Number of Links> 76
<theta | lambda> 0.100000 | 0.000000
<stoch | determ> 0.300000 | 0.700000
<distant tolerance> 1.100000
<optimal objective> 9463408.668982
<system cost> 13395142.070508

<LINKS>
~ Init node | Term node | Flow | Cost
   1     2  4481.053058  6.000806
   1     3  7597.422109  4.006663
   2     1  4449.933143  6.000784
   2     6  6368.468507  7.041323
   3     1  7628.542024  4.006773
   3     4  14909.323651  4.345883
   3    12  10000.583113  4.020005
   4     3  14647.744863  4.322241
   4     5  20299.584894  2.509413
   4    11  7090.442650  9.917645
   5     4  20096.177492  2.489300
   5     6  10145.658882  14.606085
   5     9  15772.049834  9.641024
   6     2  6337.348592  7.001715
   6     5  10123.335651  14.513047
   6     8  13654.605919  20.111499
   7     8  13702.062805  7.194602
   7    18  16409.804398  2.072513
   8     6  13601.162774  19.829611
   8     7  13770.793369  7.279399
   8     9  7748.733542  18.313468
   8    16  9615.325931  14.889843
   9     5  15590.965662  9.431526
   9     8  7745.890193  18.301272
   9    10  23035.936210  6.379129
  10     9  22952.008689  6.330152
  10    11  16499.101916  10.557794
  10    15  21925.131142  12.239253
  10    16  17142.496283  97.265283
  10    17  5577.186741  9.867317
  11     4  7132.271264  10.010912
  11    10  16006.787510  9.923546
  11    12  8585.356412  14.421026
  11    14  11710.716102  23.954883
  12     3  10293.281816  4.022452
  12    11  8227.725259  13.103147
  12    13  12616.936972  3.025341
  13    12  12652.004522  3.025623
  13    24  11369.002572  18.919041
  14    11  11717.861463  24.003630
  14    15  8994.344740  12.100809
  14    23  8225.037435  8.668224
  15    10  22204.609262  12.563512
  15    14  8969.443044  12.022498
  15    19  20179.862835  4.658337
  15    22  20363.814136  12.114070
  16     8  9633.456699  14.964648
  16    10  17153.952195  97.514840
  16    17  17701.079479  41.368003
  16    18  16377.850766  3.215848
  17    10  5594.639594  9.890801
  17    16  17757.281106  41.870369
  17    19  14573.934373  26.992920
  18     7  16341.073834  2.071305
  18    16  16351.235818  3.214449
  18    20  17297.516331  4.179046
  19    15  20206.863907  4.667231
  19    17  14647.588854  27.502005
  19    20  10132.655489  14.098541
  20    18  17102.170819  4.171094
  20    19  10233.311042  14.505826
  20    21  6072.806951  7.867362
  20    22  7140.875263  7.938219
  21    20  5986.380917  7.763307
  21    22  9601.661217  5.408238
  21    24  10704.536164  13.372860
  22    15  20491.389489  12.344617
  22    20  7032.611338  7.764044
  22    21  9559.892168  5.349318
  22    23  10473.842564  15.553017
  23    14  8257.084492  8.741405
  23    22  10451.384942  15.454249
  23    24  8245.236623  4.084438
  24    13  11304.070122  18.581118
  24    21  10659.879179  13.200847
  24    23  8254.826057  4.094152
