<METADATA>
<File Name> ./SiouxFalls/SiouxFalls_MIX_0.20_0.00_1.60_flow.txt
<Number of Links> 76
<theta | lambda> 0.200000 | 0.000000
<stoch | determ> 0.000000 | 1.000000
<distant tolerance> 1.600000
<optimal objective> 1461796.176598
<system cost> 7308980.882989

<LINKS>
~ Init node | Term node | Flow | Cost
   1     2  6576.031442  6.003740
   1     3  10179.209054  4.021473
   2     1  6575.605139  6.003739
   2     6  6384.737477  7.062263
   3     1  10179.635356  4.021476
   3     4  17580.309600  4.668658
   3    12  14083.600922  4.078684
   4     3  17508.196133  4.657754
   4     5  18903.490973  2.383080
   4    11  6446.392100  8.676693
   5     4  18982.369883  2.389514
   5     6  6875.858119  6.237390
   5     9  16955.445532  11.198664
   6     2  6384.311174  7.061712
   6     5  6895.484212  6.263045
   6     8  12458.879534  14.553177
   7     8  13066.200336  6.468520
   7    18  15311.777377  2.054967
   8     6  12478.079325  14.630737
   8     7  13041.795467  6.442679
   8     9  7296.370966  16.535622
   8    16  7788.414292  9.257254
   9     5  17014.698349  11.285767
   9     8  7278.819933  16.472964
   9    10  22593.200434  6.126744
  10     9  22734.902218  6.205927
  10    11  17541.214219  12.100679
  10    15  23652.954590  14.450947
  10    16  10780.063350  18.585086
  10    17  8103.386294  16.321919
  11     4  6395.399722  8.593000
  11    10  17419.209676  11.905181
  11    12  7578.859921  11.113841
  11    14  9595.963748  12.996421
  12     3  14156.140692  4.080317
  12    11  7534.863194  10.996124
  12    13  15898.396111  3.063887
  13    12  16026.939154  3.065978
  13    24  10637.767091  15.435453
  14    11  9566.963555  12.888160
  14    15  8936.202664  11.918975
  14    23  7778.678761  7.734423
  15    10  23616.179311  14.398511
  15    14  8972.457792  12.031944
  15    19  18523.755752  4.177379
  15    22  16614.132752  7.038188
  16     8  7800.760248  9.284312
  16    10  10973.879010  19.662621
  16    17  11601.899760  9.265421
  16    18  15174.738472  3.159077
  17    10  8110.052240  16.349336
  17    16  11806.012853  9.790357
  17    19  9209.382028  5.985031
  18     7  15336.182247  2.055318
  18    16  15176.786994  3.159162
  18    20  18991.683042  4.260186
  19    15  18696.076395  4.221805
  19    17  9420.161068  6.362577
  19    20  8445.034838  8.872718
  20    18  18918.136433  4.256179
  20    19  8828.134521  9.818905
  20    21  6077.298387  7.872892
  20    22  7326.296245  8.255490
  21    20  6120.531528  7.926758
  21    22  8208.431614  3.820477
  21    24  9789.128382  10.254428
  22    15  16341.291957  6.779388
  22    20  7492.616178  8.561331
  22    21  8283.148473  3.887670
  22    23  9304.447387  11.195046
  23    14  7713.423440  7.610679
  23    22  9272.643383  11.097174
  23    24  7918.918619  3.773536
  24    13  10666.310134  15.558681
  24    21  9757.644665  10.161551
  24    23  7821.859294  3.688171
