<METADATA>
<File Name> ./SiouxFalls/SiouxFalls_MIX_0.10_0.10_1.50_flow.txt
<Number of Links> 76
<theta | lambda> 0.100000 | 0.000000
<stoch | determ> 0.100000 | 0.900000
<distant tolerance> 1.500000
<optimal objective> 3263350.659048
<system cost> 7447408.359819

<LINKS>
~ Init node | Term node | Flow | Cost
   1     2  6654.249394  6.003921
   1     3  10379.123115  4.023210
   2     1  6674.717720  6.003970
   2     6  6661.256916  7.443411
   3     1  10358.654788  4.023027
   3     4  16647.818753  4.537684
   3    12  13404.671741  4.064574
   4     3  16639.890981  4.536661
   4     5  18860.620767  2.379617
   4    11  6334.574864  8.495753
   5     4  18938.378420  2.385916
   5     6  7138.046602  6.598673
   5     9  16816.136197  10.997443
   6     2  6681.725242  7.473582
   6     5  7145.082258  6.608933
   6     8  12722.838443  15.651293
   7     8  13151.338265  6.559809
   7    18  15359.652773  2.055658
   8     6  12750.342426  15.769720
   8     7  13092.604450  6.496642
   8     9  7025.450639  15.617668
   8    16  7815.107949  9.315919
   9     5  16886.858194  11.098973
   9     8  7000.719267  15.538982
   9    10  22475.170430  6.061916
  10     9  22621.161055  6.142251
  10    11  17470.746326  11.987263
  10    15  23623.592063  14.409061
  10    16  10774.555074  18.555299
  10    17  8277.495460  17.060520
  11     4  6348.889440  8.518389
  11    10  17375.873985  11.836722
  11    12  8143.208682  12.815755
  11    14  9561.664147  12.868483
  12     3  13392.131187  4.064332
  12    11  8141.173210  12.808943
  12    13  15470.840948  3.057287
  13    12  15556.264922  3.058563
  13    24  10725.973421  15.819479
  14    11  9583.141854  12.948434
  14    15  8910.729314  11.840420
  14    23  7795.739563  7.767294
  15    10  23660.371918  14.461552
  15    14  8982.338154  12.062970
  15    19  18874.653111  4.269159
  15    22  16621.121459  7.044987
  16     8  7808.609488  9.301582
  16    10  10911.330707  19.308570
  16    17  12160.362156  10.768603
  16    18  15071.170490  3.154778
  17    10  8244.802939  16.918225
  17    16  12199.226097  10.881238
  17    19  9848.024684  7.210822
  18     7  15418.386588  2.056514
  18    16  15162.583720  3.158567
  18    20  18636.261528  4.241249
  19    15  19159.622439  4.347559
  19    17  9854.196103  7.223897
  19    20  8408.427206  8.788777
  20    18  18686.408573  4.243856
  20    19  8699.567953  9.487269
  20    21  6436.956815  8.357181
  20    22  7189.605036  8.019247
  21    20  6326.638593  8.199696
  21    22  8516.332288  4.109380
  21    24  9761.373145  10.172503
  22    15  16344.540826  6.782394
  22    20  7541.211051  8.654625
  22    21  8443.315147  4.037963
  22    23  9272.264553  11.096014
  23    14  7745.608430  7.671321
  23    22  9274.272794  11.102164
  23    24  8188.324298  4.027480
  24    13  10711.397394  15.755361
  24    21  9724.072064  10.063497
  24    23  8140.201406  3.980237
