<METADATA>
<File Name> ./SiouxFalls/SiouxFalls_MIX_0.10_0.20_2.00_flow.txt
<Number of Links> 76
<theta | lambda> 0.100000 | 0.000000
<stoch | determ> 0.200000 | 0.800000
<distant tolerance> 2.000000
<optimal objective> 5542736.604994
<system cost> 7494469.304268

<LINKS>
~ Init node | Term node | Flow | Cost
   1     2  7096.679168  6.005073
   1     3  10847.056977  4.027687
   2     1  7122.370431  6.005147
   2     6  6751.987444  7.579279
   3     1  10821.365715  4.027426
   3     4  17466.585580  4.651524
   3    12  14129.599622  4.079717
   4     3  17434.482714  4.646747
   4     5  18882.014645  2.381342
   4    11  6626.580204  8.988750
   5     4  18944.988195  2.386455
   5     6  7145.617446  6.609715
   5     9  16980.131506  11.234842
   6     2  6777.678707  7.618760
   6     5  7159.522786  6.630089
   6     8  12519.348023  14.798662
   7     8  13427.823140  6.868739
   7    18  15128.364144  2.052380
   8     6  12558.944625  14.961352
   8     7  13357.209797  6.788000
   8     9  7567.622540  17.563053
   8    16  7965.802656  9.658558
   9     5  17029.199715  11.307223
   9     8  7501.289532  17.301347
   9    10  23069.195801  6.398686
  10     9  23151.931002  6.447705
  10    11  17523.275732  12.071677
  10    15  23342.789648  14.016315
  10    16  10960.926146  19.588803
  10    17  8318.645131  17.242037
  11     4  6631.503789  8.997642
  11    10  17396.431294  11.869133
  11    12  7642.968708  11.289079
  11    14  9486.751922  12.593806
  12     3  14136.011225  4.079862
  12    11  7635.591013  11.268686
  12    13  15638.714908  3.059814
  13    12  15737.748815  3.061344
  13    24  10667.712039  15.564759
  14    11  9472.208765  12.541230
  14    15  8957.745293  11.985936
  14    23  7855.120394  7.883395
  15    10  23350.480932  14.026886
  15    14  8964.095637  12.005767
  15    19  18592.423776  4.194934
  15    22  16707.636328  7.129866
  16     8  8001.118926  9.741724
  16    10  11022.683436  19.943112
  16    17  11208.093640  8.328071
  16    18  16776.085253  3.237620
  17    10  8358.776196  17.421675
  17    16  11191.449824  8.290567
  17    19  8711.358456  5.190460
  18     7  15198.977487  2.053365
  18    16  16889.802628  3.244129
  18    20  19896.956394  4.313456
  19    15  18686.802030  4.219382
  19    17  8734.845705  5.225007
  19    20  9081.985831  10.517616
  20    18  19981.287111  4.318804
  20    19  9199.851335  10.862601
  20    21  6763.272338  8.872751
  20    22  7704.989724  8.982600
  21    20  6674.661885  8.725132
  21    22  8640.318991  4.234928
  21    24  9761.903999  10.174064
  22    15  16527.299701  6.954426
  22    20  7895.796398  9.391999
  22    21  8601.963137  4.195506
  22    23  9298.281552  11.175993
  23    14  7834.226893  7.842242
  23    22  9270.395746  11.090295
  23    24  8197.503170  4.036587
  24    13  10666.745946  15.560570
  24    21  9711.649399  10.027471
  24    23  8148.723862  3.988543
