<METADATA>
<File Name> ./SiouxFalls/SiouxFalls_MIX_0.10_0.10_1.05_flow.txt
<Number of Links> 76
<theta | lambda> 0.100000 | 0.000000
<stoch | determ> 0.100000 | 0.900000
<distant tolerance> 1.050000
<optimal objective> 9764281.516185
<system cost> 38849748.769254

<LINKS>
~ Init node | Term node | Flow | Cost
   1     2  4222.492328  6.000636
   1     3  6965.727363  4.004709
   2     1  4221.801557  6.000635
   2     6  6514.510486  7.235110
   3     1  6966.418133  4.004711
   3     4  12567.497019  4.174620
   3    12  8221.621958  4.009138
   4     3  12561.724566  4.174299
   4     5  17645.705775  2.290856
   4    11  7417.309763  10.691561
   5     4  17681.538264  2.293225
   5     6  10132.239073  14.550081
   5     9  10968.391929  6.085508
   6     2  6513.819716  7.234162
   6     5  10150.812443  14.627651
   6     8  15940.753544  35.641327
   7     8  10846.353948  4.646956
   7    18  15043.810395  2.051219
   8     6  15958.636143  35.792538
   8     7  10808.094864  4.623841
   8     9  4559.990933  10.997046
   8    16  13247.288265  40.632091
   9     5  10985.651048  6.092357
   9     8  4539.672324  10.979394
   9    10  19883.167571  4.875528
  10     9  19980.108080  4.912373
  10    11  17580.299516  12.164178
  10    15  16570.187007  8.035511
  10    16  24660.000000  403.388950
  10    17  2339.164244  8.057783
  11     4  7475.704822  10.841058
  11    10  17405.290004  11.883135
  11    12  9863.255771  20.669418
  11    14  12921.033592  33.573614
  12     3  8228.085182  4.009167
  12    11  9855.821141  20.625238
  12    13  12905.086862  3.027736
  13    12  13004.115456  3.028597
  13    24  11092.564788  17.520083
  14    11  12911.853768  33.489661
  14    15  8584.913597  10.893502
  14    23  8189.197392  8.587389
  15    10  16652.133454  8.076076
  15    14  8573.941530  10.863431
  15    19  19693.572276  4.504174
  15    22  21616.069761  14.571317
  16     8  13247.230390  40.631468
  16    10  24750.000000  409.251442
  16    17  24030.013103  135.708927
  16    18  15282.761629  3.163655
  17    10  2339.167817  8.057783
  17    16  24030.013093  135.708927
  17    19  19710.819091  85.623521
  18     7  15082.069478  2.051742
  18    16  15372.703764  3.167541
  18    20  12426.492362  4.047690
  19    15  19693.861076  4.504262
  19    17  19710.822655  85.623582
  19    20  6936.236066  6.217486
  20    18  12454.693580  4.048124
  20    19  6936.528430  6.217860
  20    21  4701.752222  6.670980
  20    22  6589.751081  7.130858
  21    20  4611.893147  6.621137
  21    22  12223.468343  10.952043
  21    24  12013.203072  19.453654
  22    15  21586.755342  14.508676
  22    20  6608.103739  7.154695
  22    21  12213.005449  10.921432
  22    23  10732.613713  16.737765
  23    14  8190.989636  8.591406
  23    22  10711.189057  16.636359
  23    24  6351.974972  2.734195
  24    13  11091.593382  17.515348
  24    21  11933.806891  19.022974
  24    23  6332.342560  2.725161
