<METADATA>
<File Name> ./SiouxFalls/SiouxFalls_MIX_0.50_0.50_1.15_flow.txt
<Number of Links> 76
<theta | lambda> 0.500000 | 0.000000
<stoch | determ> 0.500000 | 0.500000
<distant tolerance> 1.150000
<optimal objective> 5379423.082897
<system cost> 8663929.113562

<LINKS>
~ Init node | Term node | Flow | Cost
   1     2  4510.908024  6.000828
   1     3  7438.559583  4.006123
   2     1  4518.736082  6.000834
   2     6  5861.765747  6.465162
   3     1  7430.731525  4.006098
   3     4  14362.731879  4.297883
   3    12  10198.880433  4.021639
   4     3  14370.781013  4.298552
   4     5  19206.728761  2.408258
   4    11  6269.057171  8.394091
   5     4  19207.482702  2.408322
   5     6  9428.676772  11.911104
   5     9  16117.703126  10.061437
   6     2  5869.593805  6.473004
   6     5  9440.924328  11.952289
   6     8  12741.374005  15.731019
   7     8  13740.085027  7.241355
   7    18  15318.427764  2.055063
   8     6  12761.449619  15.817764
   8     7  13655.883590  7.138340
   8     9  7336.484071  16.680535
   8    16  8312.580370  10.524294
   9     5  16106.209511  10.047016
   9     8  7257.269347  16.396645
   9    10  22175.550487  5.901876
  10     9  22184.842148  5.906743
  10    11  17292.132845  11.705876
  10    15  22940.562503  13.477906
  10    16  12464.621581  30.069947
  10    17  6220.210761  10.889201
  11     4  6376.352364  8.562247
  11    10  17121.784152  11.445511
  11    12  8147.265351  12.829346
  11    14  10331.319972  16.087560
  12     3  10183.003241  4.021505
  12    11  8164.990911  12.888974
  12    13  12917.631072  3.027844
  13    12  13019.479440  3.028733
  13    24  11450.724201  19.352647
  14    11  10350.540913  16.177764
  14    15  8832.352809  11.602910
  14    23  8592.434585  9.559876
  15    10  22989.921622  13.542472
  15    14  8866.793564  11.706503
  15    19  19361.030343  4.405121
  15    22  19606.953898  10.832788
  16     8  8327.669272  10.564514
  16    10  12481.147892  30.208482
  16    17  14540.088565  19.923077
  16    18  15526.510312  3.174348
  17    10  6233.965685  10.914841
  17    16  14526.919520  19.858233
  17    19  11869.796810  12.997220
  18     7  15402.629200  2.056283
  18    16  15571.294569  3.176368
  18    20  17636.087850  4.193481
  19    15  19389.370507  4.413367
  19    17  11870.382689  12.999391
  19    20  9838.588175  12.976285
  20    18  17665.073544  4.194756
  20    19  9867.514217  13.082315
  20    21  6314.554968  8.182939
  20    22  7185.392702  8.012177
  21    20  6211.755270  8.044221
  21    22  8764.655847  4.366376
  21    24  10271.668890  11.794095
  22    15  19562.413609  10.761857
  22    20  7246.104136  8.115277
  22    21  8727.053321  4.326028
  22    23  9818.080332  12.920261
  23    14  8577.214771  9.520588
  23    22  9796.648951  12.842629
  23    24  8240.118809  4.079268
  24    13  11452.572569  19.362563
  24    21  10206.471717  11.572937
  24    23  8203.467613  4.042520
