<METADATA>
<File Name> ./SiouxFalls/SiouxFalls_MIX_0.10_0.20_1.25_flow.txt
<Number of Links> 76
<theta | lambda> 0.100000 | 0.000000
<stoch | determ> 0.200000 | 0.800000
<distant tolerance> 1.250000
<optimal objective> 6016111.979513
<system cost> 9312393.061968

<LINKS>
~ Init node | Term node | Flow | Cost
   1     2  4136.671760  6.000586
   1     3  7473.019263  4.006238
   2     1  4143.798912  6.000590
   2     6  5876.904300  6.480356
   3     1  7465.892111  4.006214
   3     4  14119.788398  4.278234
   3    12  9345.342313  4.015255
   4     3  14069.465995  4.274289
   4     5  19585.529024  2.441431
   4    11  7190.368063  10.143203
   5     4  19484.522829  2.432395
   5     6  9943.082235  13.784040
   5     9  15581.861777  9.421185
   6     2  5884.031452  6.487551
   6     5  9809.207836  13.267654
   6     8  13267.089917  18.141371
   7     8  14135.681481  7.751317
   7    18  17299.332995  2.089561
   8     6  13140.342670  17.533327
   8     7  14220.428967  7.866287
   8     9  6343.142609  13.733165
   8    16  8402.222524  10.766471
   9     5  15614.729981  9.458607
   9     8  6332.275756  13.707649
   9    10  22222.414033  5.926484
  10     9  22344.415384  5.991281
  10    11  17784.433603  12.502766
  10    15  24561.483327  15.826121
  10    16  13488.776263  39.753121
  10    17  5070.807298  9.276044
  11     4  7341.051855  10.501579
  11    10  17625.292942  12.237801
  11    12  8380.408033  13.645262
  11    14  9916.242649  14.258975
  12     3  9388.537565  4.015539
  12    11  8383.189970  13.655418
  12    13  12835.867053  3.027146
  13    12  12981.844241  3.028402
  13    24  11795.080983  21.284434
  14    11  10005.003843  14.631252
  14    15  9058.492144  12.305558
  14    23  8893.565833  10.381222
  15    10  24667.418321  15.996744
  15    14  9158.958328  12.635088
  15    19  20344.187673  4.713016
  15    22  18741.563464  9.538816
  16     8  8371.089616  10.681478
  16    10  13559.893446  40.513113
  16    17  14044.336544  17.600887
  16    18  15041.987636  3.153583
  17    10  5074.897133  9.280166
  17    16  14048.377273  17.618849
  17    19  12537.187100  15.687061
  18     7  17214.585508  2.087819
  18    16  15077.931183  3.155056
  18    20  16043.830886  4.132514
  19    15  20458.295190  4.751773
  19    17  12545.317664  15.722600
  19    20  9819.375015  12.906373
  20    18  15895.026946  4.127666
  20    19  9941.613096  13.358213
  20    21  7315.431458  9.932152
  20    22  7933.836583  9.477251
  21    20  7338.259897  9.981465
  21    22  9139.724219  4.798187
  21    24  10004.727789  10.914950
  22    15  18733.857124  9.528068
  22    20  7784.442286  9.149430
  22    21  9235.704661  4.917592
  22    23  9469.126457  11.718109
  23    14  8881.860844  10.347695
  23    22  9408.006260  11.520758
  23    24  8895.314716  4.823721
  24    13  11841.058172  21.555513
  24    21  9931.575787  10.685989
  24    23  8822.489529  4.732380
