<METADATA>
<File Name> ./SiouxFalls/SiouxFalls_MIX_0.10_0.20_1.20_flow.txt
<Number of Links> 76
<theta | lambda> 0.100000 | 0.000000
<stoch | determ> 0.200000 | 0.800000
<distant tolerance> 1.200000
<optimal objective> 6180111.458858
<system cost> 9872425.515768

<LINKS>
~ Init node | Term node | Flow | Cost
   1     2  4168.769692  6.000604
   1     3  7481.210885  4.006265
   2     1  4168.494028  6.000604
   2     6  5912.636109  6.516688
   3     1  7481.486550  4.006266
   3     4  14161.393208  4.281528
   3    12  9414.440114  4.015711
   4     3  14158.827224  4.281324
   4     5  19153.037029  2.403712
   4    11  7178.559270  10.116052
   5     4  19177.087873  2.405744
   5     6  9806.273027  13.256568
   5     9  15275.673344  9.083784
   6     2  5912.360444  6.516406
   6     5  9803.855224  13.247442
   6     8  13270.478252  18.157867
   7     8  13441.191025  6.884168
   7    18  17126.846025  2.086042
   8     6  13267.784785  18.144753
   8     7  13455.522731  6.900760
   8     9  6628.030624  14.450382
   8    16  9040.286169  12.727910
   9     5  15302.141991  9.112162
   9     8  6636.104626  14.472107
   9    10  22247.196927  5.939561
  10     9  22381.739575  6.011318
  10    11  17617.366675  12.224790
  10    15  24238.457316  15.319308
  10    16  14410.670778  50.575823
  10    17  4457.145094  8.761701
  11     4  7251.942441  10.286957
  11    10  17449.351462  11.953099
  11    12  8355.040028  13.553110
  11    14  10468.729049  16.743573
  12     3  9417.281763  4.015730
  12    11  8346.288627  13.521514
  12    13  12811.061616  3.026936
  13    12  12905.151864  3.027737
  13    24  11764.276220  21.104576
  14    11  10482.848409  16.812462
  14    15  9253.612486  12.955637
  14    23  8898.953530  10.396699
  15    10  24368.784778  15.521366
  15    14  9290.188876  13.082169
  15    19  20439.425137  4.745319
  15    22  18741.449599  9.538657
  16     8  9043.850406  12.740105
  16    10  14474.474189  51.406178
  16    17  14655.202160  20.497440
  16    18  14701.668365  3.140148
  17    10  4465.572082  8.767478
  17    16  14666.200850  20.553032
  17    19  12733.794999  16.566029
  18     7  17112.514319  2.085754
  18    16  14758.037323  3.142310
  18    20  15549.729542  4.116929
  19    15  20499.174989  4.765816
  19    17  12753.220678  16.655116
  19    20  9849.068301  13.014593
  20    18  15491.766794  4.115195
  20    19  9928.243831  13.307976
  20    21  7194.596354  9.678716
  20    22  7899.459129  9.400154
  21    20  7257.165914  9.808367
  21    22  9218.324206  4.895691
  21    24  10155.778835  11.403884
  22    15  18748.603599  9.548647
  22    20  7758.102352  9.093553
  22    21  9331.286384  5.040258
  22    23  9588.841376  12.115883
  23    14  8876.496499  10.332373
  23    22  9567.600777  12.044210
  23    24  8896.158807  4.824793
  24    13  11758.366468  21.070232
  24    21  10105.386217  11.238322
  24    23  8852.461177  4.769700
