<METADATA>
<File Name> ./SiouxFalls/SiouxFalls_MIX_0.02_0.50_1.50_flow.txt
<Number of Links> 76
<theta | lambda> 0.020000 | 0.000000
<stoch | determ> 0.500000 | 0.500000
<distant tolerance> 1.500000
<optimal objective> 53321312.363590
<system cost> 9314921.090190

<LINKS>
~ Init node | Term node | Flow | Cost
   1     2  7445.780279  6.006147
   1     3  11805.544256  4.038848
   2     1  7525.432898  6.006414
   2     6  7489.388415  8.904426
   3     1  11725.891636  4.037811
   3     4  17359.062661  4.635628
   3    12  15341.667559  4.110795
   4     3  17335.448305  4.632177
   4     5  21585.689509  2.651306
   4    11  8299.186829  13.353157
   5     4  21618.118203  2.655229
   5     6  7790.235464  7.686688
   5     9  18184.899816  13.201720
   6     2  7569.041035  9.073195
   6     5  7864.856784  7.829987
   6     8  13071.417256  17.209973
   7     8  15288.589789  9.501547
   7    18  19607.391084  2.147802
   8     6  13225.691196  17.940841
   8     7  15188.106923  9.332301
   8     9  9298.784231  27.241061
   8    16  8978.953249  12.520318
   9     5  18142.707190  13.125865
   9     8  9287.004381  27.153862
   9    10  25708.004487  8.241489
  10     9  25754.032010  8.279128
  10    11  17513.605177  12.056080
  10    15  24160.489061  15.199975
  10    16  11409.379876  22.300878
  10    17  8606.414969  18.588793
  11     4  8343.143779  13.510185
  11    10  17435.189670  11.930554
  11    12  8787.194266  15.241290
  11    14  9758.821167  13.622875
  12     3  15285.629296  4.109185
  12    11  8830.346593  15.424161
  12    13  15750.312984  3.061540
  13    12  15837.427048  3.062913
  13    24  11019.478514  17.167267
  14    11  9781.210282  13.711488
  14    15  9002.204845  12.125663
  14    23  8083.999246  8.356174
  15    10  24185.448167  15.238050
  15    14  9008.894342  12.146867
  15    19  19134.831254  4.340598
  15    22  17096.659583  7.528151
  16     8  9044.524172  12.742412
  16    10  11368.858033  22.042268
  16    17  12130.067221  10.681549
  16    18  20530.580020  3.532999
  17    10  8646.420737  18.787052
  17    16  12145.301734  10.725245
  17    19  10047.182598  7.645299
  18     7  19707.873950  2.150855
  18    16  20540.394588  3.534019
  18    20  22313.629392  4.495805
  19    15  18977.876711  4.297151
  19    17  10102.422879  7.770480
  19    20  9688.140930  12.439706
  20    18  22323.926827  4.496721
  20    19  9586.426668  12.090820
  20    21  8368.785060  12.734730
  20    22  9094.079747  12.728825
  21    20  8082.741825  11.860105
  21    22  9164.281667  4.828382
  21    24  9806.163969  10.305058
  22    15  17185.262728  7.622752
  22    20  9188.706154  13.055563
  22    21  8960.199628  4.584730
  22    23  9333.607340  11.285667
  23    14  8099.698865  8.390113
  23    22  9312.754854  11.220777
  23    24  8584.766216  4.449573
  24    13  11006.592577  17.105784
  24    21  9724.202773  10.063877
  24    23  8579.613349  4.443697
