<METADATA>
<File Name> ./SiouxFalls/SiouxFalls_MLT_0.2_1.0_0.5_0.5_1.5_flow.txt
<Number of Links> 76
<theta | lambda> 0.200000 | 1.000000
<stoch | determ> 0.500000 | 0.500000
<Optimal Objective> 8191358.831878
<System Cost> 7504058.939688

<LINKS>
~ Init node | Term node | Flow | Cost
   1     2  5672.549209  6.010354
   1     3  9394.763584  4.077902
   2     1  5681.317737  6.010418
   2     6  6298.839448  14.767438
   3     1  9385.995056  4.077611
   3     4  16482.461305  6.583406
   3    12  12727.015790  4.262405
   4     3  16494.246674  6.590900
   4     5  18734.529783  3.848026
   4    11  7136.011435  26.096249
   5     4  18805.647687  3.876314
   5     6  7871.630489  23.220347
   5     9  16420.033572  32.260211
   6     2  6307.607976  14.821940
   6     5  7897.886906  23.479590
   6     8  12536.458407  66.353422
   7     8  13392.039969  22.144710
   7    18  15604.457904  2.296537
   8     6  12571.483352  67.078796
   8     7  13336.441646  21.828107
   8     9  7366.352055  43.950560
   8    16  7953.708617  28.144920
   9     5  16464.895058  32.559436
   9     8  7322.322376  43.144270
   9    10  22240.981499  17.681637
  10     9  22341.813306  17.949460
  10    11  17668.986851  41.554154
  10    15  23490.106837  47.083501
  10    16  10893.843996  80.122317
  10    17  7911.351759  45.803536
  11     4  7176.678901  26.558138
  11    10  17558.482008  40.661314
  11    12  7749.544651  33.950424
  11    14  9562.715387  48.368108
  12     3  12706.461892  4.260701
  12    11  7755.086221  34.030783
  12    13  14911.545727  3.247237
  13    12  14996.533399  3.252913
  13    24  10912.746845  67.312960
  14    11  9587.336440  48.856184
  14    15  9071.981790  41.581937
  14    23  8076.267497  25.768365
  15    10  23537.577586  47.413967
  15    14  9102.485770  42.353260
  15    19  18596.579859  8.976792
  15    22  17228.242004  26.311074
  16     8  7977.164919  28.420774
  16    10  10948.497922  81.624017
  16    17  11764.397793  40.405165
  16    18  16208.113198  4.036011
  17    10  7920.563733  45.979807
  17    16  11752.026991  40.244534
  17    19  9774.866814  27.288014
  18     7  15660.056227  2.300795
  18    16  16298.594227  4.059017
  18    20  19060.780420  5.320513
  19    15  18713.047770  9.129313
  19    17  9771.707987  27.255802
  19    20  8815.341504  32.893980
  20    18  19106.859772  5.333020
  20    19  8928.650588  34.423628
  20    21  6656.130171  19.471432
  20    22  7215.554269  20.315863
  21    20  6523.204083  18.428205
  21    22  8606.216984  12.974934
  21    24  9891.014322  41.060397
  22    15  17089.748822  25.652094
  22    20  7407.868794  22.013569
  22    21  8520.351966  12.655953
  22    23  9426.810918  41.511191
  23    14  8070.384571  25.540864
  23    22  9394.767242  41.605898
  23    24  8198.906720  12.101871
  24    13  10897.734518  66.962210
  24    21  9843.953251  40.002397
  24    23  8160.980118  12.026648
