<METADATA>
<File Name> ./SiouxFalls/SiouxFalls_MIX_0.20_0.00_1.90_flow.txt
<Number of Links> 76
<theta | lambda> 0.200000 | 0.000000
<stoch | determ> 0.000000 | 1.000000
<distant tolerance> 1.900000
<optimal objective> 1458565.395536
<system cost> 7292826.977681

<LINKS>
~ Init node | Term node | Flow | Cost
   1     2  6899.313449  6.004532
   1     3  10568.461142  4.024950
   2     1  6974.240051  6.004732
   2     6  6511.941343  7.231586
   3     1  10493.534540  4.024250
   3     4  17572.661194  4.667495
   3    12  14251.739512  4.082509
   4     3  17470.731092  4.652142
   4     5  18728.652973  2.369103
   4    11  6444.252540  8.673141
   5     4  18777.145491  2.372940
   5     6  6891.789672  6.258199
   5     9  16988.595189  11.247282
   6     2  6586.867945  7.336079
   6     5  6935.548118  6.316100
   6     8  12431.186774  14.441940
   7     8  13259.104326  6.677932
   7    18  15640.633145  2.059844
   8     6  12549.871823  14.923939
   8     7  13065.502728  6.467779
   8     9  7459.453520  17.139821
   8    16  7799.792795  9.282187
   9     5  16993.329260  11.254249
   9     8  7349.874146  16.729440
   9    10  22611.217218  6.136729
  10     9  22606.371915  6.134041
  10    11  17511.178553  12.052170
  10    15  23609.988940  14.389709
  10    16  10745.484561  18.398849
  10    17  8272.178003  17.037260
  11     4  6393.829920  8.590455
  11    10  17409.943107  11.890499
  11    12  7493.424340  10.887120
  11    14  9575.963239  12.921652
  12     3  14278.743012  4.083136
  12    11  7533.442899  10.992358
  12    13  15687.308484  3.060561
  13    12  15854.330544  3.063182
  13    24  10532.232355  14.988368
  14    11  9484.286615  12.584877
  14    15  8935.333985  11.916285
  14    23  7809.003502  7.792998
  15    10  23434.749094  14.143386
  15    14  8973.541569  12.035343
  15    19  18325.106330  4.127680
  15    22  16687.693420  7.110183
  16     8  7834.455620  9.358817
  16    10  10887.031625  19.172659
  16    17  11209.545781  8.331352
  16    18  15228.556383  3.161345
  17    10  8302.260927  17.169440
  17    16  11297.575173  8.532589
  17    19  8878.372554  5.442256
  18     7  15834.234744  2.062862
  18    16  15316.736880  3.165115
  18    20  19465.208092  4.287122
  19    15  18601.177859  4.197186
  19    17  8996.484870  5.629119
  19    20  8433.621015  8.846429
  20    18  19646.990187  4.297999
  20    19  8827.804860  9.818036
  20    21  6522.903044  8.485617
  20    22  7362.153805  8.319694
  21    20  6421.561829  8.334711
  21    22  8172.799790  3.789072
  21    24  9788.832585  10.253551
  22    15  16174.589630  6.627513
  22    20  7939.460960  9.489960
  22    21  8095.621308  3.722444
  22    23  9283.282306  11.129802
  23    14  7679.119293  7.546875
  23    22  9270.307188  11.090024
  23    24  7954.134896  3.805296
  24    13  10599.254414  15.270748
  24    21  9764.669852  10.182198
  24    23  7811.275570  3.679053
