<METADATA>
<File Name> ./SiouxFalls/SiouxFalls_MIX_0.02_0.30_1.40_flow.txt
<Number of Links> 76
<theta | lambda> 0.020000 | 0.000000
<stoch | determ> 0.300000 | 0.700000
<distant tolerance> 1.400000
<optimal objective> 29885977.510828
<system cost> 8826938.173393

<LINKS>
~ Init node | Term node | Flow | Cost
   1     2  6559.688518  6.003703
   1     3  10537.166083  4.024656
   2     1  6490.265637  6.003549
   2     6  7690.783826  9.341644
   3     1  10606.588964  4.025312
   3     4  15630.040410  4.417771
   3    12  12348.673780  4.046506
   4     3  16037.010865  4.463011
   4     5  19276.009433  2.414181
   4    11  7144.401719  10.038268
   5     4  18835.409522  2.377591
   5     6  8220.510137  8.571189
   5     9  17189.017901  11.547349
   6     2  7621.360945  9.186990
   6     5  8140.011486  8.394750
   6     8  12808.769839  16.023855
   7     8  15163.042225  9.290604
   7    18  18275.148602  2.111543
   8     6  12658.848307  15.378718
   8     7  15311.317322  9.540293
   8     9  7841.423400  18.718443
   8    16  8931.659237  12.363121
   9     5  16828.916641  11.015696
   9     8  7906.121371  19.009760
   9    10  22606.514855  6.134121
  10     9  22411.111565  6.027156
  10    11  18237.427770  13.296895
  10    15  23477.263256  14.202640
  10    16  11519.448245  23.017370
  10    17  9252.522859  22.144838
  11     4  8091.972085  12.645830
  11    10  17592.749155  12.184493
  11    12  8381.977725  13.650991
  11    14  9384.574687  12.229506
  12     3  12011.126207  4.041626
  12    11  8547.520587  14.273558
  12    13  14655.609269  3.046133
  13    12  14583.604557  3.045233
  13    24  10766.045375  15.997100
  14    11  9621.923576  13.094168
  14    15  9112.079604  12.479968
  14    23  8196.739396  8.604311
  15    10  23529.955919  14.276529
  15    14  9280.835243  13.049668
  15    19  19141.072465  4.342348
  15    22  17504.119662  7.975503
  16     8  8865.314831  12.146773
  16    10  11737.746559  24.500416
  16    17  12411.647892  11.516169
  16    18  15672.570766  3.181002
  17    10  9330.807208  22.629658
  17    16  12504.737734  11.804890
  17    19  11285.022926  10.985030
  18     7  18126.873505  2.107967
  18    16  15731.434832  3.183736
  18    20  18080.867179  4.213750
  19    15  19502.664450  4.446691
  19    17  11456.397117  11.543375
  19    20  9732.207984  12.594310
  20    18  17891.456149  4.204933
  20    19  10265.174160  14.637285
  20    21  8412.033087  12.875027
  20    22  8992.900674  12.390565
  21    20  8437.864386  12.959863
  21    22  9554.593944  5.341899
  21    24  9766.589905  10.187848
  22    15  17263.975980  7.708029
  22    20  9210.624520  13.132700
  22    21  9567.368358  5.359807
  22    23  9555.074480  12.002166
  23    14  8265.332645  8.760379
  23    22  9545.429059  11.969903
  23    24  8498.787878  4.352906
  24    13  10594.040664  15.248588
  24    21  9779.646788  10.226363
  24    23  8557.735707  4.418867
