<METADATA>
<File Name> ./SiouxFalls/SiouxFalls_MIX_0.02_0.10_1.20_flow.txt
<Number of Links> 76
<theta | lambda> 0.020000 | 0.000000
<stoch | determ> 0.100000 | 0.900000
<distant tolerance> 1.200000
<optimal objective> 9963675.207698
<system cost> 11756647.130273

<LINKS>
~ Init node | Term node | Flow | Cost
   1     2  4177.671517  6.000609
   1     3  7250.004446  4.005526
   2     1  4178.174414  6.000610
   2     6  6072.118280  6.687068
   3     1  7249.501549  4.005524
   3     4  13058.414149  4.203545
   3    12  8406.818286  4.009990
   4     3  13059.593242  4.203618
   4     5  18916.905807  2.384168
   4    11  7224.583271  10.222629
   5     4  18933.398153  2.385510
   5     6  10346.604248  15.471638
   5     9  14523.055342  8.336516
   6     2  6072.621177  6.687627
   6     5  10351.634694  15.493964
   6     8  13861.877106  21.236493
   7     8  11891.485478  5.379531
   7    18  16478.206290  2.073729
   8     6  13867.410450  21.267227
   8     7  11867.822524  5.360647
   8     9  4893.002876  11.321786
   8    16  9857.879579  15.926156
   9     5  14534.517242  8.347062
   9     8  4880.901624  11.308759
   9    10  21212.805657  5.429818
  10     9  21312.166306  5.475664
  10    11  18023.381140  12.914187
  10    15  24496.061465  15.721848
  10    16  16410.583992  82.328516
  10    17  3537.238096  8.302144
  11     4  7309.270018  10.424128
  11    10  17849.486537  12.613146
  11    12  8824.725273  15.400187
  11    14  10240.297982  15.667176
  12     3  8405.136296  4.009982
  12    11  8826.106919  15.406075
  12    13  12572.065824  3.024982
  13    12  12671.765480  3.025784
  13    24  11801.050472  21.319451
  14    11  10249.708478  15.710122
  14    15  9384.583956  13.415692
  14    23  8876.923501  10.333592
  15    10  24580.295852  15.856261
  15    14  9451.056095  13.656675
  15    19  21381.757822  5.090132
  15    22  18683.085114  9.457587
  16     8  9851.851220  15.899454
  16    10  16497.528080  84.001708
  16    17  15973.282816  28.104844
  16    18  13833.470475  3.109862
  17    10  3539.314873  8.302855
  17    16  15980.330182  28.150944
  17    19  13592.761829  20.912137
  18     7  16501.869244  2.074154
  18    16  13907.338838  3.112227
  18    20  15341.479150  4.110790
  19    15  21378.113894  5.088707
  19    17  13601.885973  20.962967
  19    20  9992.550173  13.551484
  20    18  15339.010467  4.110718
  20    19  9998.030389  13.572455
  20    21  7349.040903  10.004914
  20    22  8217.246963  10.152094
  21    20  7278.513769  9.853376
  21    22  9317.738158  5.022640
  21    24  10281.590251  11.828121
  22    15  18737.435569  9.533057
  22    20  8190.785629  10.086051
  22    21  9283.102140  4.977946
  22    23  9799.095651  12.851466
  23    14  8819.861858  10.172304
  23    22  9792.348753  12.827114
  23    24  8923.864518  4.860147
  24    13  11800.750127  21.317688
  24    21  10245.699136  11.705495
  24    23  8860.055978  4.779217
