<METADATA>
<File Name> ./SiouxFalls/SiouxFalls_MIX_0.50_0.10_1.20_flow.txt
<Number of Links> 76
<theta | lambda> 0.500000 | 0.000000
<stoch | determ> 0.100000 | 0.900000
<distant tolerance> 1.200000
<optimal objective> 2878649.074254
<system cost> 11017489.102800

<LINKS>
~ Init node | Term node | Flow | Cost
   1     2  3985.472078  6.000505
   1     3  7215.650490  4.005422
   2     1  3986.327545  6.000505
   2     6  5895.272719  6.498951
   3     1  7214.795023  4.005419
   3     4  12893.861703  4.193477
   3    12  8395.174029  4.009935
   4     3  12903.412949  4.194051
   4     5  18531.822352  2.353829
   4    11  6809.539742  9.332750
   5     4  18563.553141  2.356259
   5     6  10039.574517  14.169399
   5     9  14457.731406  8.276890
   6     2  5896.128185  6.499821
   6     5  10040.615313  14.173617
   6     8  13609.518657  19.873466
   7     8  11622.605839  5.171506
   7    18  16036.397125  2.066134
   8     6  13611.414919  19.883430
   8     7  11592.368607  5.148996
   8     9  4620.696099  11.051209
   8    16  9513.777328  14.478624
   9     5  14488.421400  8.304803
   9     8  4592.041305  11.025374
   9    10  21027.069494  5.345828
  10     9  21129.104695  5.391694
  10    11  17926.882064  12.746050
  10    15  24409.107787  15.584542
  10    16  15930.075369  73.549671
  10    17  3348.473511  8.242630
  11     4  6887.360198  9.487730
  11    10  17764.010582  12.468362
  11    12  8695.393489  14.861121
  11    14  10446.002950  16.633275
  12     3  8384.767317  4.009885
  12    11  8696.771469  14.866739
  12    13  12510.340432  3.024495
  13    12  12601.311700  3.025215
  13    24  11940.395084  22.152074
  14    11  10459.573943  16.699054
  14    15  9271.275099  13.016552
  14    23  8975.418354  10.619405
  15    10  24481.744757  15.699140
  15    14  9305.806013  13.136652
  15    19  20835.973224  4.884756
  15    22  19010.672993  9.922546
  16     8  9514.091152  14.479875
  16    10  16020.078769  75.134838
  16    17  15661.809351  26.127488
  16    18  13964.528109  3.114084
  17    10  3350.739823  8.243288
  17    16  15661.893541  26.128007
  17    19  13581.228326  20.848030
  18     7  16066.634357  2.066635
  18    16  14054.761143  3.117062
  18    20  15006.222973  4.101418
  19    15  20855.100991  4.891687
  19    17  13583.578828  20.861082
  19    20  9740.776737  12.624618
  20    18  15026.693239  4.101973
  20    19  9762.255007  12.700939
  20    21  6591.565248  8.591939
  20    22  7504.816638  8.584584
  21    20  6509.609760  8.465417
  21    22  9087.332916  4.734577
  21    24  10167.481514  11.442686
  22    15  18998.713110  9.905142
  22    20  7528.720661  8.630473
  22    21  9062.488528  4.704794
  22    23  9653.869536  12.338289
  23    14  8954.458434  10.557789
  23    22  9640.969288  12.293809
  23    24  8774.550293  4.673474
  24    13  11931.366352  22.097233
  24    21  10110.370414  11.254587
  24    23  8740.690125  4.632446
