<METADATA>
<File Name> ./SiouxFalls/SiouxFalls_MIX_0.10_0.10_1.10_flow.txt
<Number of Links> 76
<theta | lambda> 0.100000 | 0.000000
<stoch | determ> 0.100000 | 0.900000
<distant tolerance> 1.100000
<optimal objective> 7106930.954249
<system cost> 25709367.431371

<LINKS>
~ Init node | Term node | Flow | Cost
   1     2  4001.267943  6.000513
   1     3  7068.254369  4.004992
   2     1  4027.951153  6.000526
   2     6  6328.820133  6.990961
   3     1  7041.571158  4.004917
   3     4  13259.126435  4.216350
   3    12  9227.596781  4.014501
   4     3  13252.303809  4.215905
   4     5  19176.333720  2.405680
   4    11  6720.270543  9.161395
   5     4  19207.950524  2.408362
   5     6  11468.199754  21.314704
   5     9  13660.849731  7.611994
   6     2  6355.503343  7.024751
   6     5  11468.159804  21.314463
   6     8  14892.430442  27.627134
   7     8  11364.251209  4.984770
   7    18  14483.601819  2.044005
   8     6  14919.073702  27.811020
   8     7  11323.250793  4.956282
   8     9  5059.459157  11.511039
   8    16  11525.814716  25.418315
   9     5  13692.506484  7.636289
   9     8  5045.260598  11.494148
   9    10  20664.894711  5.188336
  10     9  20782.352905  5.238516
  10    11  16311.642621  10.309481
  10    15  17578.497517  8.578047
  10    16  21960.000000  255.161518
  10    17  2326.889617  8.056580
  11     4  6781.831114  9.278835
  11    10  16152.273382  10.105002
  11    12  8714.499756  14.939260
  11    14  12869.779580  33.107159
  12     3  9207.736197  4.014376
  12    11  8705.123472  14.900849
  12    13  12152.293888  3.021809
  13    12  12223.057020  3.022321
  13    24  11507.021500  19.656806
  14    11  12881.347195  33.211949
  14    15  8690.223022  11.188044
  14    23  7406.459882  7.069325
  15    10  17667.893348  8.630891
  15    14  8688.619298  11.183478
  15    19  19384.631464  4.411985
  15    22  21833.007975  15.042875
  16     8  11525.656120  25.417191
  16    10  22050.000000  259.304301
  16    17  21960.826791  95.269386
  16    18  14753.811561  3.142147
  17    10  2324.321219  8.056330
  17    16  22140.606684  98.361253
  17    19  17655.076340  55.825511
  18     7  14524.602235  2.044506
  18    16  14663.873071  3.138713
  18    20  14196.596224  4.081239
  19    15  19388.257112  4.413042
  19    17  17832.287836  58.019345
  19    20  7424.733867  6.911314
  20    18  14047.658149  4.077884
  20    19  7605.571010  7.205478
  20    21  5700.995868  7.450352
  20    22  6472.491767  6.983191
  21    20  5638.533878  7.387827
  21    22  10317.131543  6.543392
  21    24  11195.371460  15.410267
  22    15  21817.174436  15.007978
  22    20  6466.852825  6.976289
  22    21  10313.868183  6.537647
  22    23  11228.359292  19.259364
  23    14  7419.631220  7.091217
  23    22  11203.623450  19.125344
  23    24  7797.583956  3.667312
  24    13  11477.784633  19.498289
  24    21  11136.172831  15.149851
  24    23  7786.019452  3.657443
