<METADATA>
<File Name> ./SiouxFalls/SiouxFalls_COL_0.02_0.10_2.00_flow.txt
<Number of Links> 76
<theta | lambda> 0.020000 | 0.000000
<stoch | determ> 0.000000 | 0.100000
<distant tolerance> 2.000000
<optimal objective> 7276936.228568
<system cost> 7276936.228568

<LINKS>
~ Init node | Term node | Flow | Cost
   1     2  7060.908210  6.024674
   1     3  10652.632927  4.129241
   2     1  7086.200584  6.025354
   2     6  6593.845618  16.641740
   3     1  10627.340554  4.126925
   3     4  17556.975986  7.344278
   3    12  14328.867988  4.419803
   4     3  17536.260631  7.291329
   4     5  18830.213550  3.904159
   4    11  6518.442805  19.842573
   5     4  18932.681643  3.915495
   5     6  6944.376718  15.652329
   5     9  16936.466255  36.165761
   6     2  6619.137991  16.985659
   6     5  6976.526457  15.920058
   6     8  12465.837764  64.704875
   7     8  13246.478670  21.353977
   7    18  15115.146129  2.261021
   8     6  12523.279877  66.488333
   8     7  13144.906624  20.793065
   8     9  7490.539206  46.007730
   8    16  7842.103841  26.828845
   9     5  17006.784609  36.081187
   9     8  7421.523501  45.182369
   9    10  22829.727078  19.401987
  10     9  22931.029726  19.532230
  10    11  17488.187156  40.337234
  10    15  23503.045347  47.106824
  10    16  10844.380951  78.733853
  10    17  8145.005235  50.475046
  11     4  6495.259358  19.859286
  11    10  17440.779824  39.362762
  11    12  7544.406969  31.286996
  11    14  9496.590429  47.295225
  12     3  14324.290969  4.422382
  12    11  7577.408481  31.364164
  12    13  15715.457064  3.304890
  13    12  15843.881556  3.314922
  13    24  10625.385142  60.941354
  14    11  9492.998138  46.826023
  14    15  8918.758780  39.670589
  14    23  7706.055856  21.861256
  15    10  23426.880268  46.802866
  15    14  8990.701195  40.009371
  15    19  18560.681676  8.927743
  15    22  16373.155262  22.117983
  16     8  7866.989613  27.147133
  16    10  10901.728449  79.951185
  16    17  10802.191824  29.317354
  16    18  16149.859776  4.020552
  17    10  8212.532796  51.889094
  17    16  10837.511259  29.656025
  17    19  8229.812830  14.726196
  18     7  15216.718175  2.268169
  18    16  16196.773611  4.030442
  18    20  20222.296660  5.672927
  19    15  18598.607658  8.990328
  19    17  8332.659826  15.357731
  19    20  8777.357428  32.368719
  20    18  20270.782541  5.686674
  20    19  8918.130407  34.346773
  20    21  6331.729250  17.025923
  20    22  7470.145554  22.616998
  21    20  6312.011884  16.912257
  21    22  8084.165317  10.536127
  21    24  9812.624759  39.494871
  22    15  16231.006615  21.334436
  22    20  7579.121780  23.646683
  22    21  8112.470583  10.656922
  22    23  9278.485293  39.929635
  23    14  7630.521150  21.423098
  23    22  9273.618137  39.387822
  23    24  7852.848856  10.613853
  24    13  10653.809634  61.537170
  24    21  9764.602127  38.832299
  24    23  7772.446995  10.256294
