<METADATA>
<File Name> ./SiouxFalls/SiouxFalls_MIX_0.10_0.50_1.20_flow.txt
<Number of Links> 76
<theta | lambda> 0.100000 | 0.000000
<stoch | determ> 0.500000 | 0.500000
<distant tolerance> 1.200000
<optimal objective> 13589714.550788
<system cost> 8714906.239649

<LINKS>
~ Init node | Term node | Flow | Cost
   1     2  5069.602419  6.001321
   1     3  8775.306173  4.011860
   2     1  5122.177070  6.001377
   2     6  6504.389213  7.221252
   3     1  8722.731521  4.011578
   3     4  15053.547742  4.359462
   3    12  10745.724704  4.026667
   4     3  14971.081925  4.351650
   4     5  19774.224043  2.458690
   4    11  7383.401455  10.606357
   5     4  19745.546462  2.456035
   5     6  9065.001111  10.759359
   5     9  16664.098142  10.783470
   6     2  6556.963864  7.293945
   6     5  9022.584402  10.633732
   6     8  12997.519503  16.868927
   7     8  14200.384341  7.838908
   7    18  16817.239404  2.079987
   8     6  13007.677446  16.915464
   8     7  14074.544837  7.669651
   8     9  7530.815156  17.416983
   8    16  8635.948403  11.435370
   9     5  16677.837270  10.802567
   9     8  7654.439858  17.916131
   9    10  23067.001435  6.397393
  10     9  23304.365265  6.539406
  10    11  17128.872298  11.456191
  10    15  23488.621991  14.218526
  10    16  11914.532945  25.763656
  10    17  7302.000896  13.486872
  11     4  7429.613219  10.722767
  11    10  16948.554460  11.188593
  11    12  8013.183805  12.390754
  11    14  10178.957674  15.390128
  12     3  10775.615869  4.026965
  12    11  8002.328986  12.356196
  12    13  13355.686452  3.031817
  13    12  13474.722798  3.032967
  13    24  11360.543343  18.874688
  14    11  10155.706419  15.286413
  14    15  9155.536399  12.623684
  14    23  8738.198111  9.946860
  15    10  23618.469774  14.401770
  15    14  9172.408794  12.680038
  15    19  19701.898619  4.506719
  15    22  18478.242281  9.179004
  16     8  8396.642141  10.751166
  16    10  12041.452892  26.705931
  16    17  14193.969675  18.276457
  16    18  16689.986985  3.232780
  17    10  7362.914834  13.672264
  17    16  14149.716457  18.074420
  17    19  11284.006492  10.981794
  18     7  16943.078907  2.082408
  18    16  16621.853887  3.229002
  18    20  17900.642011  4.205355
  19    15  19737.603416  4.517671
  19    17  11300.667213  11.034957
  19    20  9554.170931  11.982474
  20    18  17858.348416  4.203421
  20    19  9606.536448  12.158923
  20    21  7347.998608  10.002642
  20    22  7576.107238  8.722742
  21    20  7441.755129  10.210872
  21    22  9510.276445  5.280325
  21    24  9838.407570  10.401612
  22    15  18489.257662  9.193751
  22    20  7392.422640  8.374626
  22    21  9641.177656  5.464693
  22    23  9529.119296  11.915572
  23    14  8698.074461  9.838384
  23    22  9487.351289  11.777699
  23    24  8862.653124  4.782477
  24    13  11379.579689  18.974638
  24    21  9801.262880  10.290465
  24    23  8780.761467  4.681052
