<METADATA>
<File Name> ./SiouxFalls/SiouxFalls_MLT_1.0_1.0_0.0_1.0_2.0_flow.txt
<Number of Links> 76
<theta | lambda> 1.000000 | 1.000000
<stoch | determ> 0.000000 | 1.000000
<Optimal Objective> -1.#IND00
<System Cost> 7397688.301496

<LINKS>
~ Init node | Term node | Flow | Cost
   1     2  6909.870454  6.022797
   1     3  10708.021144  4.131473
   2     1  7000.323796  6.024014
   2     6  6491.639562  16.019437
   3     1  10617.567803  4.127087
   3     4  17499.219699  7.282032
   3    12  13011.017262  4.286579
   4     3  16603.110294  6.659658
   4     5  20475.935037  4.636733
   4    11  7095.037543  25.639051
   5     4  20702.125565  4.755187
   5     6  7381.447320  18.858337
   5     9  16928.398543  35.796031
   6     2  6582.092904  16.646564
   6     5  7302.188829  18.230375
   6     8  12821.384493  72.395912
   7     8  13147.598968  20.778812
   7    18  15901.474097  2.319683
   8     6  12832.579344  72.642096
   8     7  13142.246210  20.749877
   8     9  7500.856469  46.498306
   8    16  8011.971991  28.837520
   9     5  17233.847561  38.079601
   9     8  7191.453231  40.838688
   9    10  22613.477697  18.689918
  10     9  22709.523476  18.958180
  10    11  17254.776675  38.240583
  10    15  22826.484907  42.651345
  10    16  11344.660744  93.445776
  10    17  8400.728942  56.061264
  11     4  6072.737611  16.539977
  11    10  17503.566269  40.199577
  11    12  7460.650368  30.010902
  11    14  9588.890469  48.849626
  12     3  13816.673324  4.364430
  12    11  7051.018467  25.156188
  12    13  14592.769808  3.226736
  13    12  15088.793970  3.259172
  13    24  10417.939313  56.595521
  14    11  9325.012031  44.112800
  14    15  8597.156278  34.635961
  14    23  8139.619803  26.386523
  15    10  23400.604555  46.480147
  15    14  8543.097760  33.897562
  15    19  17998.888291  8.247503
  15    22  17091.836809  25.615221
  16     8  8327.217323  32.816532
  16    10  10673.138486  74.074875
  16    17  10575.849571  27.082766
  16    18  18368.207546  4.707491
  17    10  8245.387737  52.603778
  17    16  11299.124341  34.680864
  17    19  8140.082730  14.161721
  18     7  15906.826855  2.320114
  18    16  17288.655850  4.340097
  18    20  21400.597348  6.097508
  19    15  18374.181510  8.699044
  19    17  8708.016295  17.927834
  19    20  8389.805503  27.732477
  20    18  20226.398410  5.673687
  20    19  9333.032288  40.343488
  20    21  6637.992629  19.328694
  20    22  7470.100676  22.593582
  21    20  6386.337913  17.419527
  21    22  8367.986649  11.831014
  21    24  10115.531927  44.357284
  22    15  17136.604719  25.853093
  22    20  7390.783239  21.858165
  22    21  8403.469104  11.998821
  22    23  9204.306492  38.451293
  23    14  7929.799883  24.165968
  23    22  9205.239420  38.465263
  23    24  7882.261356  10.704621
  24    13  10813.963475  65.060599
  24    21  9828.394756  39.857636
  24    23  7673.374366  9.817936
