<METADATA>
<File Name> ./SiouxFalls/SiouxFalls_MIX_0.20_0.00_1.15_flow.txt
<Number of Links> 76
<theta | lambda> 0.200000 | 0.000000
<stoch | determ> 0.000000 | 1.000000
<distant tolerance> 1.150000
<optimal objective> 4386545.605942
<system cost> 21932728.029708

<LINKS>
~ Init node | Term node | Flow | Cost
   1     2  3605.021591  6.000338
   1     3  6394.978409  4.003345
   2     1  3610.041318  6.000340
   2     6  6205.021591  6.839691
   3     1  6389.958682  4.003334
   3     4  11699.942480  4.131170
   3    12  8494.920889  4.010415
   4     3  11699.942480  4.131170
   4     5  17599.971240  2.287852
   4    11  6300.028760  8.441754
   5     4  17599.971240  2.287852
   5     6  12499.971240  28.438252
   5     9  11400.000000  6.266720
   6     2  6210.041318  6.845652
   6     5  12499.971240  28.438252
   6     8  15905.050351  35.340946
   7     8  8910.070078  3.750018
   7    18  12805.050351  2.026886
   8     6  15910.070078  35.383056
   8     7  8905.050351  3.748329
   8     9  1400.000000  10.008859
   8    16  11900.000000  28.201775
   9     5  11400.000000  6.266720
   9     8  1400.000000  10.008859
   9    10  18400.000000  4.375474
  10     9  18500.000000  4.405621
  10    11  17980.807132  12.839674
  10    15  19679.484180  10.049660
  10    16  21200.000000  222.156019
  10    17  600.000000  8.000250
  11     4  6400.028760  8.600515
  11    10  17780.807132  12.496648
  11    12  9299.269634  17.591164
  11    14  12419.814214  29.245024
  12     3  8489.901162  4.010391
  12    11  9299.269634  17.591164
  12    13  12095.651256  3.021405
  13    12  12190.631528  3.022085
  13    24  12095.651256  23.114744
  14    11  12419.814214  29.245024
  14    15  7522.130499  8.473707
  14    23  6777.829371  6.152597
  15    10  19779.484180  10.132602
  15    14  7597.540879  8.615113
  15    19  19313.882213  4.391484
  15    22  21840.814493  15.060108
  16     8  11900.000000  28.201775
  16    10  21300.000000  226.301385
  16    17  20100.086280  67.453980
  16    18  13700.086280  3.105685
  17    10  600.000000  8.000250
  17    16  20100.086280  67.453980
  17    19  15900.086280  37.408513
  18     7  12810.070078  2.026928
  18    16  13800.086280  3.108805
  18    20  14404.964071  4.086115
  19    15  19509.911344  4.448843
  19    17  15900.086280  37.408513
  19    20  7982.028982  7.888828
  20    18  14409.983799  4.086235
  20    19  8178.058113  8.285152
  20    21  7010.437536  9.316279
  20    22  5869.638561  6.341294
  21    20  6936.404963  9.178398
  21    22  8966.765884  4.592315
  21    24  11347.053574  16.096629
  22    15  21720.195743  14.795893
  22    20  6044.719994  6.508632
  22    21  8956.373233  4.580317
  22    23  10864.585856  17.375928
  23    14  6702.418990  6.058384
  23    22  10908.655886  17.594280
  23    24  8223.878279  4.062924
  24    13  12090.631528  23.083033
  24    21  11283.413652  15.805282
  24    23  8192.537928  4.031657
