<METADATA>
<File Name> ./SiouxFalls/SiouxFalls_MIX_0.20_0.00_1.40_flow.txt
<Number of Links> 76
<theta | lambda> 0.200000 | 0.000000
<stoch | determ> 0.000000 | 1.000000
<distant tolerance> 1.400000
<optimal objective> 1659875.532588
<system cost> 8299377.662940

<LINKS>
~ Init node | Term node | Flow | Cost
   1     2  6062.855073  6.002702
   1     3  9756.395159  4.018121
   2     1  6098.629535  6.002767
   2     6  7676.254257  9.308927
   3     1  9720.620697  4.017857
   3     4  11906.029739  4.140658
   3    12  9072.176130  4.013548
   4     3  11861.578167  4.138570
   4     5  16363.674510  2.215102
   4    11  5745.830865  7.689441
   5     4  16375.117537  2.215704
   5     6  8523.113499  9.282350
   5     9  14697.776459  8.499998
   6     2  7712.028719  9.389816
   6     5  8525.582116  9.288472
   6     8  13590.124072  19.771800
   7     8  12770.130461  6.164669
   7    18  15975.620294  2.065137
   8     6  13628.367150  19.972688
   8     7  12736.027965  6.130999
   8     9  3093.986350  10.211316
   8    16  7660.275946  8.983924
   9     5  14706.750869  8.508554
   9     8  3087.720040  10.209610
   9    10  20846.092497  5.266104
  10     9  20948.800597  5.311096
  10    11  17976.399479  12.831990
  10    15  24536.621920  15.786397
  10    16  11859.479951  25.364185
  10    17  8667.420605  18.892230
  11     4  5789.936267  7.741914
  11    10  17853.720336  12.620372
  11    12  9437.959129  18.298271
  11    14  9923.797685  14.290275
  12     3  9080.853240  4.013600
  12    11  9440.217023  18.310044
  12    13  13111.288704  3.029552
  13    12  13222.223709  3.030565
  13    24  11416.806117  19.171550
  14    11  9942.966049  14.370011
  14    15  9173.808070  12.684725
  14    23  8751.005743  9.981802
  15    10  24595.203317  15.880193
  15    14  9188.216472  12.733118
  15    19  19583.479921  4.470820
  15    22  18479.525111  9.180720
  16     8  7670.682837  9.005617
  16    10  11926.285797  25.849656
  16    17  11252.257489  8.428402
  16    18  14912.934550  3.148379
  17    10  8667.420605  18.892230
  17    16  11252.257489  8.428402
  17    19  12416.919099  15.169375
  18     7  16009.722791  2.065695
  18    16  14990.147289  3.151476
  18    20  15488.021908  4.115084
  19    15  19610.565783  4.478974
  19    17  12416.919099  15.169375
  19    20  9590.431257  12.104348
  20    18  15499.337143  4.115420
  20    19  9617.517118  12.196291
  20    21  6467.427139  8.402131
  20    22  7410.102675  8.407025
  21    20  6397.989086  8.300618
  21    22  8530.181001  4.123134
  21    24  10054.646817  11.074105
  22    15  18425.429048  9.108665
  22    20  7417.941825  8.421465
  22    21  8515.735237  4.108788
  22    23  9545.727383  11.970900
  23    14  8755.765705  9.994828
  23    22  9485.024706  11.770073
  23    24  8254.360248  4.093680
  24    13  11427.741122  19.229759
  24    21  9999.654527  10.898908
  24    23  8198.417533  4.037496
