<METADATA>
<File Name> ./SiouxFalls/SiouxFalls_COL_0.20_1.00_0.00_1.00_1.10_flow.txt
<Number of Links> 76
<theta | lambda> 0.200000 | 1.000000
<stoch | determ> 0.000000 | 1.000000
<distant tolerance> 1.100000
<optimal objective> 39058145.120728
<system cost> 39058145.120728

<LINKS>
~ Init node | Term node | Flow | Cost
   1     2  3500.705340  6.001502
   1     3  6299.294660  4.015746
   2     1  3500.705340  6.001502
   2     6  6300.705340  14.779146
   3     1  6299.294660  4.015746
   3     4  11499.796413  4.612108
   3    12  8399.091074  4.049765
   4     3  11499.796413  4.612108
   4     5  17400.000000  3.374954
   4    11  6500.203587  19.835990
   5     4  17400.000000  3.374954
   5     6  12600.000000  130.149712
   5     9  11100.000000  10.692764
   6     2  6300.705340  14.779146
   6     5  12600.000000  130.149712
   6     8  16100.705340  177.060554
   7     8  8300.705340  5.824742
   7    18  12200.705340  2.110793
   8     6  16100.705340  177.060554
   8     7  8300.705340  5.824742
   8     9  1400.000000  10.044294
   8    16  12700.000000  155.493675
   9     5  11100.000000  10.692764
   9     8  1400.000000  10.044294
   9    10  18100.000000  9.439699
  10     9  18200.000000  9.583196
  10    11  16604.682495  33.507542
  10    15  15395.317505  13.583709
  10    16  24400.000000  1918.049060
  10    17  0.000000  8.000000
  11     4  6600.203587  20.707258
  11    10  16404.682495  32.158693
  11    12  9240.286697  62.728835
  11    14  13949.474622  205.417664
  12     3  8399.091074  4.049765
  12    11  9244.588541  62.835780
  12    13  12054.502533  3.105246
  13    12  12158.804377  3.108941
  13    24  12054.502533  97.984993
  14    11  13945.172778  205.166349
  14    15  7893.802582  26.266697
  14    23  6955.672040  15.873327
  15    10  15495.317505  13.782678
  15    14  7940.807152  26.783058
  15    19  18846.583056  9.307223
  15    22  23657.661794  86.020765
  16     8  12700.000000  155.493675
  16    10  24500.000000  1949.620338
  16    17  24400.000000  712.679327
  16    18  13600.000000  3.513153
  17    10  0.000000  8.000000
  17    16  24600.000000  736.268344
  17    19  19600.000000  410.793568
  18     7  12200.705340  2.110793
  18    16  13500.000000  3.498226
  18    20  13100.705340  4.294564
  19    15  18846.583056  9.307223
  19    17  19800.000000  427.736152
  19    20  5846.583056  9.594266
  20    18  12900.705340  4.276984
  20    19  6046.583056  10.400021
  20    21  5582.442313  12.666047
  20    22  5370.269291  9.702408
  21    20  5487.584796  12.224662
  21    22  10805.397152  29.615858
  21    24  11761.159490  79.283857
  22    15  23704.666364  86.690918
  22    20  5365.126808  9.684198
  22    21  10780.660904  29.361323
  22    23  11792.645523  95.361048
  23    14  6904.365626  15.522058
  23    22  11809.771362  95.901822
  23    24  7967.138948  10.917526
  24    13  12058.804377  98.121031
  24    21  11691.038221  77.494573
  24    23  7932.958373  10.762849
