<METADATA>
<File Name> ./SiouxFalls/SiouxFalls_MIX_0.02_0.10_1.10_flow.txt
<Number of Links> 76
<theta | lambda> 0.020000 | 0.000000
<stoch | determ> 0.900000 | 0.100000
<distant tolerance> 1.100000
<optimal objective> 103971219.670291
<system cost> 11734384.116872

<LINKS>
~ Init node | Term node | Flow | Cost
   1     2  8467.568693  6.010282
   1     3  13889.124585  4.074427
   2     1  8466.413051  6.010276
   2     6  7748.447500  9.473326
   3     1  13890.280228  4.074452
   3     4  21502.052966  5.496297
   3    12  21113.160274  4.397414
   4     3  21288.099167  5.437625
   4     5  20674.441661  2.548096
   4    11  7839.821584  11.855398
   5     4  20865.466462  2.568635
   5     6  8728.346554  9.809811
   5     9  17428.497634  11.919920
   6     2  7747.291857  9.470658
   6     5  8761.491019  9.898562
   6     8  13693.803682  20.320365
   7     8  14109.210647  7.715827
   7    18  18648.612874  2.120945
   8     6  13725.792506  20.492151
   8     7  14148.328565  7.768343
   8     9  9496.914514  28.758125
   8    16  11151.046721  22.889405
   9     5  17586.377969  12.174091
   9     8  9583.336421  29.450297
   9    10  23404.518796  6.600643
  10     9  23748.821039  6.817240
  10    11  18266.208422  13.349393
  10    15  25076.640021  16.676801
  10    16  11953.426921  26.049233
  10    17  8690.151702  19.006944
  11     4  7534.842983  10.996070
  11    10  18141.822414  13.124280
  11    12  11393.012592  32.114758
  11    14  10419.770417  16.506851
  12     3  21328.269717  4.413859
  12    11  11137.090654  29.846174
  12    13  15874.464261  3.063503
  13    12  15933.651765  3.064456
  13    24  11157.886822  17.841376
  14    11  10346.327746  16.157949
  14    15  9761.423495  14.851046
  14    23  9160.085819  11.181222
  15    10  25405.739638  17.248410
  15    14  9551.549356  14.030775
  15    19  20124.294062  4.640146
  15    22  19624.180283  10.860352
  16     8  11135.731555  22.791328
  16    10  11965.663439  26.139657
  16    17  13419.083143  15.002766
  16    18  24506.448028  4.082039
  17    10  8717.503819  19.146176
  17    16  13542.890170  15.489312
  17    19  9693.999883  6.892398
  18     7  18609.494956  2.119933
  18    16  24379.562352  4.059802
  18    20  22477.775555  4.510556
  19    15  20031.553674  4.610121
  19    17  9845.159026  7.204760
  19    20  10307.389418  14.813350
  20    18  22211.771962  4.486814
  20    19  10365.808173  15.060587
  20    21  10253.570539  21.176479
  20    22  9386.037425  13.770161
  21    20  10206.998919  20.902626
  21    22  13212.903527  14.221863
  21    24  8905.566097  7.969048
  22    15  19736.146149  11.041282
  22    20  9125.024208  12.834559
  22    21  13124.365788  13.897554
  22    23  9971.118611  13.489575
  23    14  9296.517287  11.618707
  23    22  9733.533522  12.616946
  23    24  11216.058767  9.137361
  24    13  11117.074326  17.639973
  24    21  8947.532216  8.063376
  24    23  11114.905144  8.883346
