<METADATA>
<File Name> ./SiouxFalls/SiouxFalls_MIX_0.20_1.00_0.50_0.50_1.20_flow.txt
<Number of Links> 76
<theta | lambda> 0.200000 | 1.000000
<stoch | determ> 0.500000 | 0.500000
<distant tolerance> 1.200000
<optimal objective> 8137066.450545
<system cost> 7472723.559257

<LINKS>
~ Init node | Term node | Flow | Cost
   1     2  6677.489699  6.003976
   1     3  10102.029332  4.020829
   2     1  6711.565426  6.004058
   2     6  6790.776254  7.639061
   3     1  10067.953604  4.020549
   3     4  16808.976039  4.558809
   3    12  14126.688747  4.079651
   4     3  16844.478134  4.563545
   4     5  18669.713634  2.364478
   4    11  6869.813145  9.452323
   5     4  18745.724516  2.370450
   5     6  7232.689008  6.739260
   5     9  16971.071197  11.221546
   6     2  6824.851982  7.692432
   6     5  7266.704088  6.791155
   6     8  12460.243590  14.558676
   7     8  13552.146640  7.014018
   7    18  16068.607042  2.066667
   8     6  12528.334399  14.835449
   8     7  13472.378614  6.920343
   8     9  7576.628716  17.599120
   8    16  8072.111264  9.912266
   9     5  17013.066998  11.283357
   9     8  7520.221132  17.375335
   9    10  21896.956971  5.758775
  10     9  21982.545188  5.802161
  10    11  17499.310336  12.033071
  10    15  23108.655571  13.699499
  10    16  10844.116047  18.934833
  10    17  8534.009777  18.236933
  11     4  6929.304358  9.573471
  11    10  17398.772838  11.872832
  11    12  7312.738531  10.432532
  11    14  9367.955526  12.171366
  12     3  14057.110924  4.078093
  12    11  7367.563965  10.566962
  12    13  15067.620716  3.051544
  13    12  15152.868328  3.052720
  13    24  10693.445771  15.676754
  14    11  9372.083807  12.185779
  14    15  8928.547696  11.895298
  14    23  8259.084775  8.746001
  15    10  23115.186586  13.708207
  15    14  8990.408419  12.088387
  15    19  17983.454147  4.045906
  15    22  17554.516487  8.033051
  16     8  8116.841632  10.022057
  16    10  10899.594459  19.242813
  16    17  11393.813654  8.758041
  16    18  18702.533888  3.367048
  17    10  8558.126064  18.353139
  17    16  11273.720760  8.477590
  17    19  9005.555725  5.643777
  18     7  16148.375068  2.068001
  18    16  18922.835561  3.384650
  18    20  20220.878419  4.334372
  19    15  18190.883149  4.095003
  19    17  8909.579119  5.490909
  19    20  9066.567741  10.473470
  20    18  20420.948118  4.347803
  20    19  9178.020137  10.797693
  20    21  6549.158786  8.525879
  20    22  7204.495344  8.044337
  21    20  6732.937219  8.821557
  21    22  8437.192884  4.032059
  21    24  9783.866742  10.238844
  22    15  17315.479223  7.764463
  22    20  7232.239005  8.091502
  22    21  8616.326059  4.210207
  22    23  9301.682433  11.186497
  23    14  8201.352333  8.614685
  23    22  9269.522006  11.087623
  23    24  8278.738324  4.118523
  24    13  10678.693383  15.612452
  24    21  9788.512000  10.252601
  24    23  8188.845455  4.027997
