<METADATA>
<File Name> ./SiouxFalls/SiouxFalls_DSD_0.10_0.80_2.00_flow.txt
<Number of Links> 76
<theta | lambda> 0.100000 | 0.000000
<stoch | determ> 0.800000 | 0.500000
<distant tolerance> 2.000000
<optimal objective> 27795337.519649
<system cost> 8544378.673418

<LINKS>
~ Init node | Term node | Flow | Cost
   1     2  5638.726488  6.002023
   1     3  9610.780847  4.017058
   2     1  5506.552316  6.001837
   2     6  6384.191019  7.062231
   3     1  9742.955019  4.018033
   3     4  15426.565528  4.396230
   3    12  14999.702925  4.101295
   4     3  15439.505997  4.398207
   4     5  19383.811112  2.423309
   4    11  7626.628665  11.250291
   5     4  19392.545877  2.424872
   5     6  8371.059932  8.919720
   5     9  17306.194533  11.722950
   6     2  6252.016847  6.893870
   6     5  8469.749280  9.144383
   6     8  12443.883601  14.498133
   7     8  13621.152783  7.105015
   7    18  15575.038763  2.058777
   8     6  12410.398778  14.336202
   8     7  13567.171696  7.028739
   8     9  7593.424745  17.712359
   8    16  8408.560153  10.782614
   9     5  17216.239950  11.605416
   9     8  7526.115263  17.388685
   9    10  22258.287451  5.946808
  10     9  22201.023386  5.916635
  10    11  17620.408975  12.220792
  10    15  23200.412941  13.822997
  10    16  11076.315081  20.354374
  10    17  8989.825535  20.521259
  11     4  7730.834368  11.534855
  11    10  17319.013696  11.749675
  11    12  8589.810633  14.424125
  11    14  9877.295471  14.097500
  12     3  15118.936628  4.104445
  12    11  8485.387247  14.038051
  12    13  14759.987393  3.047444
  13    12  14874.797710  3.048942
  13    24  10895.543609  16.584144
  14    11  9884.529282  14.125408
  14    15  9159.980827  12.638450
  14    23  8722.108209  9.902167
  15    10  23117.601094  13.718342
  15    14  9467.446944  13.717687
  15    19  18299.221855  4.121220
  15    22  18121.378336  8.714352
  16     8  8388.403724  10.719095
  16    10  11228.272753  20.948184
  16    17  13227.247327  14.368984
  16    18  18596.116498  3.358932
  17    10  9064.810924  21.181627
  17    16  13150.006327  13.892806
  17    19  10145.223638  7.878683
  18     7  15629.019850  2.059746
  18    16  18805.158742  3.375068
  18    20  19383.073816  4.282169
  19    15  18280.697985  4.118561
  19    17  10142.968026  7.847766
  19    20  9952.182945  13.414460
  20    18  19546.097147  4.292161
  20    19  9931.403463  13.323155
  20    21  8496.976751  13.153085
  20    22  8870.438196  11.998534
  21    20  8510.434571  13.208566
  21    22  10362.706848  6.622838
  21    24  9249.979258  8.781813
  22    15  18264.556476  8.893742
  22    20  8899.224224  12.089530
  22    21  10174.827951  6.298847
  22    23  9404.460792  11.512744
  23    14  8421.875903  9.128902
  23    22  9388.546062  11.457738
  23    24  9667.570917  5.941534
  24    13  10910.353926  16.654461
  24    21  9451.315976  9.306241
  24    23  9351.423882  5.447808
