<METADATA>
<File Name> ./SiouxFalls/SiouxFalls_MIX_0.20_1.00_0.00_1.00_1.05_flow.txt
<Number of Links> 76
<theta | lambda> 0.200000 | 1.000000
<stoch | determ> 0.000000 | 1.000000
<distant tolerance> 1.050000
<optimal objective> 12304989.438189
<system cost> 61524947.190946

<LINKS>
~ Init node | Term node | Flow | Cost
   1     2  3800.000000  6.000417
   1     3  6000.000000  4.002592
   2     1  3800.000000  6.000417
   2     6  6600.000000  7.354765
   3     1  6000.000000  4.002592
   3     4  10288.094988  4.078422
   3    12  6911.905012  4.004565
   4     3  10288.094988  4.078422
   4     5  15076.647432  2.155003
   4    11  6976.189975  9.671173
   5     4  15088.094988  2.155474
   5     6  11076.647432  19.068409
   5     9  7500.000000  5.237305
   6     2  6600.000000  7.354765
   6     5  11088.094988  19.130798
   6     8  17511.905012  50.997204
   7     8  7923.352568  3.469011
   7    18  13011.905012  2.028666
   8     6  17523.352568  51.125447
   8     7  7911.905012  3.466306
   8     9  800.000000  10.000945
   8    16  14700.000000  59.025986
   9     5  7500.000000  5.237305
   9     8  800.000000  10.000945
   9    10  17500.000000  4.125469
  10     9  17600.000000  4.151415
  10    11  18400.000000  13.596716
  10    15  14000.000000  7.037232
  10    16  27400.000000  612.731824
  10    17  0.000000  8.000000
  11     4  7064.742420  9.861153
  11    10  18200.000000  13.228995
  11    12  10693.543107  26.268341
  11    14  14060.659979  45.470398
  12     3  6911.905012  4.004565
  12    11  10684.470004  26.199640
  12    13  12727.435008  3.026240
  13    12  12818.361906  3.026998
  13    24  11527.435008  19.768202
  14    11  14058.285527  45.442393
  14    15  7673.895677  8.762645
  14    23  8086.764302  8.362137
  15    10  14100.000000  7.067186
  15    14  7658.471403  8.732485
  15    19  19000.000000  4.303210
  15    22  23219.692591  18.406420
  16     8  14700.000000  59.025986
  16    10  27500.000000  621.667188
  16    17  26700.000000  205.793073
  16    18  14100.000000  3.118576
  17    10  0.000000  8.000000
  17    16  26700.000000  205.793073
  17    19  21900.000000  129.434267
  18     7  13023.352568  2.028767
  18    16  14200.000000  3.121976
  18    20  11411.905012  4.033921
  19    15  19000.000000  4.303210
  19    17  21900.000000  129.434267
  19    20  5100.000000  4.648106
  20    18  11423.352568  4.034057
  20    19  5100.000000  4.648106
  20    21  4300.000000  6.469401
  20    22  5311.905012  5.899663
  21    20  4200.000000  6.427236
  21    22  13227.435008  14.275718
  21    24  12918.361906  25.001732
  22    15  23204.268317  18.365524
  22    20  5323.352568  5.907443
  22    21  13218.361906  14.242072
  22    23  11135.071704  18.758537
  23    14  8099.814124  8.390363
  23    22  11122.021882  18.689473
  23    24  6100.000000  2.624447
  24    13  11518.361906  19.718617
  24    21  12827.435008  24.388798
  24    23  6100.000000  2.624447
