<METADATA>
<File Name> ./SiouxFalls/SiouxFalls_MIX_0.50_0.50_1.50_flow.txt
<Number of Links> 76
<theta | lambda> 0.500000 | 0.000000
<stoch | determ> 0.500000 | 0.500000
<distant tolerance> 1.500000
<optimal objective> 5008612.150476
<system cost> 7397485.484313

<LINKS>
~ Init node | Term node | Flow | Cost
   1     2  5528.332362  6.001868
   1     3  9128.980698  4.013891
   2     1  5561.440851  6.001913
   2     6  6291.016308  6.943815
   3     1  9095.872210  4.013690
   3     4  15591.433047  4.413659
   3    12  11771.405393  4.038401
   4     3  15438.791953  4.397696
   4     5  18759.564456  2.371546
   4    11  6388.028775  8.581066
   5     4  18893.693289  2.382286
   5     6  7983.384574  8.066140
   5     9  16472.583949  10.522150
   6     2  6324.124797  6.985059
   6     5  7952.430525  8.003443
   6     8  12688.966572  15.506497
   7     8  13003.133902  6.402038
   7    18  15455.746314  2.057064
   8     6  12691.121012  15.515673
   8     7  12931.370664  6.327555
   8     9  6912.795572  15.265919
   8    16  7746.974588  9.167368
   9     5  16637.666831  10.746864
   9     8  6833.471653  15.028343
   9    10  21906.363403  5.763519
  10     9  22092.122366  5.858453
  10    11  17419.010958  11.904866
  10    15  23427.082588  14.132735
  10    16  10841.435827  18.920074
  10    17  8063.777758  16.160401
  11     4  6201.258849  8.292193
  11    10  17420.957887  11.907953
  11    12  8167.512531  12.897488
  11    14  9710.224424  13.432623
  12     3  11890.937997  4.039985
  12    11  8066.517175  12.562600
  12    13  14205.088392  3.040717
  13    12  14323.625640  3.042093
  13    24  10944.224838  16.811249
  14    11  9726.396784  13.495620
  14    15  9114.895888  12.489220
  14    23  8165.935447  8.535487
  15    10  23473.325674  14.197138
  15    14  9161.472033  12.643474
  15    19  18554.965567  4.185334
  15    22  17609.624878  8.096550
  16     8  7756.689708  9.188312
  16    10  10891.257067  19.196228
  16    17  11380.162045  8.725710
  16    18  15788.891012  3.186435
  17    10  8051.525467  16.110918
  17    16  11382.539711  8.731333
  17    19  9750.652587  7.007771
  18     7  15527.509553  2.058131
  18    16  15846.049706  3.189150
  18    20  18983.942657  4.259762
  19    15  18660.433753  4.212514
  19    17  9740.777961  6.987516
  19    20  8733.356476  9.573016
  20    18  19012.864590  4.261349
  20    19  8828.950036  9.821056
  20    21  6584.267432  8.580479
  20    22  7303.998165  8.216037
  21    20  6608.134724  8.618099
  21    22  8598.436943  4.191908
  21    24  9777.434162  10.219825
  22    15  17496.975922  7.967385
  22    20  7304.646366  8.217179
  22    21  8655.759098  4.250946
  22    23  9417.036576  11.549675
  23    14  8135.531661  8.468317
  23    22  9362.357976  11.375852
  23    24  7994.141822  3.841891
  24    13  10962.762087  16.898269
  24    21  9743.979299  10.121517
  24    23  7909.059436  3.764720
