<METADATA>
<File Name> ./SiouxFalls/SiouxFalls_MIX_0.02_0.80_1.15_flow.txt
<Number of Links> 76
<theta | lambda> 0.020000 | 0.000000
<stoch | determ> 0.800000 | 0.200000
<distant tolerance> 1.150000
<optimal objective> 90859696.430705
<system cost> 10898094.370788

<LINKS>
~ Init node | Term node | Flow | Cost
   1     2  7497.863982  6.006321
   1     3  12904.082294  4.055455
   2     1  7664.261304  6.006901
   2     6  7744.571269  9.464382
   3     1  12737.684973  4.052649
   3     4  20956.834341  5.350208
   3    12  17541.949522  4.189383
   4     3  19675.872560  5.049141
   4     5  19866.566820  2.467318
   4    11  9608.970474  19.214147
   5     4  20786.488039  2.560074
   5     6  8497.639165  9.219480
   5     9  16659.403830  10.776956
   6     2  7910.968590  9.860606
   6     5  8364.084168  8.899002
   6     8  13698.461790  20.345305
   7     8  14743.627907  8.622952
   7    18  18970.740426  2.129520
   8     6  13731.304115  20.521871
   8     7  14675.408330  8.519602
   8     9  9389.195125  27.921434
   8    16  10346.884394  18.260862
   9     5  17712.880045  12.382747
   9     8  9036.481611  25.376475
   9    10  22989.888816  6.352191
  10     9  23790.651517  6.844205
  10    11  17735.346116  12.420274
  10    15  25321.088295  17.099240
  10    16  12049.018364  26.763048
  10    17  8280.009274  17.071531
  11     4  7508.087474  10.925485
  11    10  18488.485988  13.763279
  11    12  10275.763977  23.281768
  11    14  10548.916978  17.138533
  12     3  18656.513982  4.242299
  12    11  9250.235472  17.348615
  12    13  15521.512162  3.058041
  13    12  15710.548117  3.060921
  13    24  11015.474491  17.148139
  14    11  10326.702356  16.065964
  14    15  9356.202475  13.314348
  14    23  9167.727518  11.205215
  15    10  25327.534839  17.110547
  15    14  9313.195601  13.162527
  15    19  19101.644107  4.331322
  15    22  19644.753863  10.893366
  16     8  10664.220655  19.964074
  16    10  12044.088595  26.725818
  16    17  13665.160678  15.983096
  16    18  22436.351947  3.760204
  17    10  8226.115328  16.837644
  17    16  13660.465827  15.963890
  17    19  10170.094956  7.926657
  18     7  19038.960003  2.131393
  18    16  22753.453289  3.804101
  18    20  21324.732374  4.413585
  19    15  19361.361653  4.405218
  19    17  10111.506160  7.791261
  19    20  9987.888082  13.533671
  20    18  21610.053294  4.436168
  20    19  10189.016831  14.325109
  20    21  9764.434450  18.481274
  20    22  8622.839481  11.247117
  21    20  9637.005798  17.842381
  21    22  12404.901363  11.495496
  21    24  9102.065121  8.422341
  22    15  19248.475987  10.275474
  22    20  9136.717802  12.874796
  22    21  12353.146461  11.338019
  22    23  9789.758285  12.817777
  23    14  8988.519770  10.658139
  23    22  9855.603828  13.057413
  23    24  10631.203697  7.761112
  24    13  11104.510446  17.578417
  24    21  9026.391372  8.244254
  24    23  10517.841492  7.519288
