<METADATA>
<File Name> ./SiouxFalls/SiouxFalls_COL_0.20_1.00_0.00_1.00_1.50_flow.txt
<Number of Links> 76
<theta | lambda> 0.200000 | 1.000000
<stoch | determ> 0.000000 | 1.000000
<distant tolerance> 1.500000
<optimal objective> 7368162.225972
<system cost> 7368162.225972

<LINKS>
~ Init node | Term node | Flow | Cost
   1     2  6669.309933  6.019757
   1     3  10305.658937  4.112823
   2     1  6702.687369  6.020190
   2     6  6679.516721  17.335040
   3     1  10272.281501  4.111246
   3     4  16033.345914  6.312124
   3    12  12913.715950  4.278705
   4     3  16003.482207  6.299431
   4     5  18737.378154  3.846727
   4    11  6105.543534  16.762295
   5     4  18781.701535  3.876425
   5     6  7208.457454  17.521985
   5     9  16682.397938  33.999537
   6     2  6712.894157  17.604809
   6     5  7214.941323  17.566955
   6     8  12883.564291  73.745837
   7     8  12782.652145  18.908834
   7    18  15444.358366  2.284731
   8     6  12923.425597  74.690549
   8     7  12753.725352  18.754103
   8     9  6400.294805  29.347713
   8    16  7629.845364  24.568388
   9     5  16720.237450  34.481582
   9     8  6399.921664  29.343178
   9    10  22225.120263  17.627301
  10     9  22362.586634  18.076043
  10    11  17479.145464  39.646364
  10    15  23845.170975  49.697478
  10    16  10773.552454  76.874913
  10    17  8108.892296  49.723772
  11     4  6131.356446  16.784125
  11    10  17347.908892  39.003552
  11    12  8368.927271  44.101263
  11    14  9668.543462  50.009682
  12     3  12910.202220  4.277484
  12    11  8365.604918  43.943968
  12    13  15233.012891  3.270064
  13    12  15326.176808  3.275575
  13    24  10820.404300  65.377213
  14    11  9666.442156  50.590496
  14    15  8906.425612  38.811783
  14    23  7835.138842  23.221991
  15    10  23866.199368  49.833075
  15    14  8945.055393  40.125570
  15    19  18698.230772  9.106965
  15    22  16741.469546  23.768004
  16     8  7641.153017  24.685324
  16    10  10917.967517  80.403713
  16    17  12022.599644  43.869217
  16    18  14817.265000  3.724306
  17    10  8112.151784  49.791255
  17    16  12026.880880  43.929212
  17    19  9683.454641  26.370887
  18     7  15473.285159  2.287039
  18    16  14968.706479  3.751101
  18    20  18627.612858  5.204457
  19    15  18962.255207  9.479387
  19    17  9690.995365  26.447281
  19    20  8312.764285  26.832518
  20    18  18707.981131  5.221732
  20    19  8584.329444  30.145784
  20    21  6393.007466  17.455602
  20    22  7102.456807  19.386199
  21    20  6223.148401  16.297114
  21    22  8278.188416  11.417656
  21    24  9768.214390  38.695268
  22    15  16437.103284  22.435203
  22    20  7524.249305  23.110520
  22    21  8141.238788  10.744690
  22    23  9264.015611  39.538050
  23    14  7794.407755  22.690161
  23    22  9244.492219  39.441019
  23    24  7953.607011  11.064040
  24    13  10813.568218  64.861453
  24    21  9735.304952  38.460451
  24    23  7893.352531  10.788984
