<METADATA>
<File Name> ./SiouxFalls/SiouxFalls_MIX_0.20_0.00_1.50_flow.txt
<Number of Links> 76
<theta | lambda> 0.200000 | 0.000000
<stoch | determ> 0.000000 | 1.000000
<distant tolerance> 1.500000
<optimal objective> 1473632.445076
<system cost> 7368162.225379

<LINKS>
~ Init node | Term node | Flow | Cost
   1     2  6669.309913  6.003957
   1     3  10305.658696  4.022560
   2     1  6702.687132  6.004037
   2     6  6679.516698  7.470313
   3     1  10272.281477  4.022269
   3     4  16033.345958  4.462588
   3    12  12913.716103  4.055621
   4     3  16003.482603  4.459152
   4     5  18737.378105  2.369791
   4    11  6105.543257  8.153917
   5     4  18781.701989  2.373303
   5     6  7208.457457  6.702735
   5     9  16682.397904  10.808917
   6     2  6712.893916  7.520060
   6     5  7214.941526  6.712472
   6     8  12883.564272  16.354294
   7     8  12782.652018  6.177100
   7    18  15444.358505  2.056896
   8     6  12923.425560  16.532767
   8     7  12753.725341  6.148438
   8     9  6400.294805  13.869539
   8    16  7629.845355  8.920995
   9     5  16720.237719  10.861801
   9     8  6399.921664  13.868637
   9    10  22225.120330  5.927910
  10     9  22362.587004  6.001024
  10    11  17479.145137  12.000709
  10    15  23845.170998  14.729021
  10    16  10773.552443  18.549882
  10    17  8108.892292  16.344560
  11     4  6131.356017  8.190574
  11    10  17347.908988  11.792815
  11    12  8368.927435  13.603454
  11    14  9668.543178  13.271704
  12     3  12910.202239  4.055560
  12    11  8365.604852  13.591386
  12    13  15233.013227  3.053845
  13    12  15326.176781  3.055174
  13    24  10820.404596  16.241241
  14    11  9666.442371  13.263648
  14    15  8906.425609  11.827214
  14    23  7835.138378  7.844031
  15    10  23866.199730  14.759854
  15    14  8945.055200  11.946433
  15    19  18698.230538  4.222368
  15    22  16741.469795  7.163420
  16     8  7641.153107  8.944291
  16    10  10917.967048  19.345847
  16    17  12022.599830  10.377953
  16    18  14817.264840  3.144608
  17    10  8112.151779  16.357985
  17    16  12026.880798  10.389893
  17    19  9683.454718  6.871145
  18     7  15473.285182  2.057323
  18    16  14968.706228  3.150612
  18    20  18627.612833  4.240801
  19    15  18962.255763  4.292885
  19    17  9690.995173  6.886335
  19    20  8312.764208  8.574539
  20    18  18707.980898  4.244984
  20    19  8584.329889  9.202249
  20    21  6393.007339  8.293461
  20    22  7102.456884  7.875497
  21    20  6223.148665  8.059260
  21    22  8278.188517  3.883153
  21    24  9768.214466  10.192632
  22    15  16437.102892  6.868806
  22    20  7524.249303  8.621856
  22    21  8141.239021  3.761596
  22    23  9264.015822  11.070797
  23    14  7794.407980  7.764720
  23    22  9244.491844  11.011378
  23    24  7953.606836  3.804816
  24    13  10813.568150  16.210334
  24    21  9735.305287  10.096193
  24    23  7893.352461  3.750744
