<METADATA>
<File Name> ./SiouxFalls/SiouxFalls_MIX_0.02_0.30_1.50_flow.txt
<Number of Links> 76
<theta | lambda> 0.020000 | 0.000000
<stoch | determ> 0.300000 | 0.700000
<distant tolerance> 1.500000
<optimal objective> 29800920.971744
<system cost> 8541935.019768

<LINKS>
~ Init node | Term node | Flow | Cost
   1     2  7344.999453  6.005821
   1     3  11334.016452  4.033004
   2     1  7306.005473  6.005698
   2     6  7302.912009  8.529848
   3     1  11373.010431  4.033460
   3     4  17791.328193  4.701345
   3    12  14393.260651  4.085835
   4     3  17804.775659  4.703468
   4     5  20067.523901  2.486515
   4    11  7704.070650  11.460252
   5     4  20115.844907  2.491218
   5     6  7643.210198  7.416153
   5     9  17352.758437  11.800414
   6     2  7263.918030  8.455059
   6     5  7581.894704  7.307844
   6     8  12961.181891  16.703345
   7     8  14194.891724  7.831426
   7    18  17718.121229  2.098553
   8     6  12860.872418  16.253432
   8     7  14537.793783  8.315462
   8     9  8254.329184  20.704994
   8    16  8283.285427  10.446831
   9     5  17462.394937  11.973912
   9     8  8570.212484  22.440151
   9    10  23411.194465  6.604753
  10     9  23936.714265  6.939484
  10    11  17702.947302  12.366201
  10    15  23270.269515  13.917160
  10    16  10898.785865  19.238290
  10    17  9365.100388  22.845918
  11     4  7769.197110  11.647240
  11    10  17510.842007  12.051628
  11    12  7981.290450  12.289616
  11    14  9453.211432  12.472915
  12     3  14418.807163  4.086446
  12    11  7916.439911  12.087674
  12    13  15435.776171  3.056769
  13    12  15496.472145  3.057668
  13    24  10562.433539  15.114948
  14    11  9491.083135  12.609511
  14    15  8972.851492  12.033179
  14    23  7984.757694  8.146170
  15    10  23431.994023  14.139557
  15    14  9115.585493  12.491487
  15    19  18995.365381  4.301939
  15    22  17074.172074  7.504374
  16     8  8209.994714  10.256599
  16    10  11319.041367  21.728106
  16    17  12987.804939  13.410046
  16    18  16054.872056  3.199319
  17    10  9400.745474  23.073236
  17    16  12838.214545  12.893386
  17    19  10191.955388  7.977779
  18     7  17375.219169  2.091143
  18    16  16551.427238  3.225145
  18    20  19419.143710  4.284414
  19    15  19826.039124  4.545055
  19    17  10078.010079  7.714904
  19    20  8903.322905  10.019688
  20    18  19472.796833  4.287570
  20    19  9620.051339  12.204934
  20    21  8101.216419  11.913866
  20    22  8644.341339  11.309662
  21    20  8223.986682  12.280585
  21    22  9426.178650  5.165826
  21    24  9707.263747  10.014786
  22    15  16447.956841  6.879035
  22    20  9191.952633  13.066954
  22    21  9526.004685  5.302080
  22    23  9416.241025  11.547124
  23    14  7879.895398  7.932620
  23    22  9437.463120  11.615393
  23    24  8780.316610  4.680509
  24    13  10523.129512  14.950429
  24    21  9730.207974  10.081342
  24    23  8696.676409  4.579822
