<METADATA>
<File Name> ./SiouxFalls/SiouxFalls_MIX_0.20_1.00_0.00_1.00_1.60_flow.txt
<Number of Links> 76
<theta | lambda> 0.200000 | 1.000000
<stoch | determ> 0.000000 | 1.000000
<distant tolerance> 1.600000
<optimal objective> 1461796.176936
<system cost> 7308980.884680

<LINKS>
~ Init node | Term node | Flow | Cost
   1     2  6576.031517  6.003740
   1     3  10179.208972  4.021473
   2     1  6575.605056  6.003739
   2     6  6384.737555  7.062263
   3     1  10179.635433  4.021476
   3     4  17580.309815  4.668658
   3    12  14083.600678  4.078684
   4     3  17508.195972  4.657754
   4     5  18903.490853  2.383080
   4    11  6446.392371  8.676693
   5     4  18982.370608  2.389514
   5     6  6875.858224  6.237390
   5     9  16955.445329  11.198664
   6     2  6384.311094  7.061712
   6     5  6895.484313  6.263045
   6     8  12458.879717  14.553178
   7     8  13066.200232  6.468520
   7    18  15311.777052  2.054967
   8     6  12478.079345  14.630737
   8     7  13041.795120  6.442678
   8     9  7296.371056  16.535622
   8    16  7788.414766  9.257255
   9     5  17014.698995  11.285768
   9     8  7278.819878  16.472964
   9    10  22593.200419  6.126744
  10     9  22734.902907  6.205927
  10    11  17541.214488  12.100679
  10    15  23652.954652  14.450947
  10    16  10780.063237  18.585086
  10    17  8103.386294  16.321919
  11     4  6395.398773  8.592998
  11    10  17419.210134  11.905181
  11    12  7578.860168  11.113842
  11    14  9595.963820  12.996421
  12     3  14156.140982  4.080317
  12    11  7534.862952  10.996123
  12    13  15898.396074  3.063887
  13    12  16026.939162  3.065978
  13    24  10637.766943  15.435452
  14    11  9566.963085  12.888158
  14    15  8936.202413  11.918974
  14    23  7778.679089  7.734424
  15    10  23616.179690  14.398512
  15    14  8972.457281  12.031943
  15    19  18523.755864  4.177379
  15    22  16614.132631  7.038188
  16     8  7800.760460  9.284312
  16    10  10973.879094  19.662621
  16    17  11601.899759  9.265421
  16    18  15174.738033  3.159077
  17    10  8110.052240  16.349336
  17    16  11806.012742  9.790357
  17    19  9209.382143  5.985031
  18     7  15336.182163  2.055318
  18    16  15176.786601  3.159162
  18    20  18991.682724  4.260186
  19    15  18696.076598  4.221805
  19    17  9420.161073  6.362577
  19    20  8445.034943  8.872718
  20    18  18918.136403  4.256179
  20    19  8828.134607  9.818905
  20    21  6077.298159  7.872892
  20    22  7326.296104  8.255490
  21    20  6120.531419  7.926758
  21    22  8208.431772  3.820477
  21    24  9789.127638  10.254426
  22    15  16341.291803  6.779387
  22    20  7492.616186  8.561331
  22    21  8283.147964  3.887670
  22    23  9304.447709  11.195047
  23    14  7713.423486  7.610679
  23    22  9272.643155  11.097173
  23    24  7918.919259  3.773537
  24    13  10666.310032  15.558681
  24    21  9757.644706  10.161551
  24    23  7821.859102  3.688171
