<METADATA>
<File Name> ./SiouxFalls/SiouxFalls_MLT_0.0_0.0_0.0_1.0_flow.txt
<Number of Links> 76
<theta | lambda> 0.000000 | 0.000000<stoch | determ> 0.000000 | 1.000000<Optimal Objective> -1.#IND00
<System Cost> 71268549.253574

<LINKS>
~ Init node | Term node | Flow | Cost
   1     2  3800.000016  6.000417
   1     3  6000.000102  4.002592
   2     1  3800.000015  6.000417
   2     6  6599.999927  7.354765
   3     1  6000.000103  4.002592
   3     4  10200.000315  4.075770
   3    12  6800.000223  4.004276
   4     3  10200.000283  4.075770
   4     5  13700.000297  2.105683
   4    11  6700.000235  9.123424
   5     4  13700.000424  2.105683
   5     6  10199.999936  14.835146
   5     9  7000.000491  5.180075
   6     2  6599.999925  7.354765
   6     5  10199.999937  14.835146
   6     8  16799.999748  43.502557
   7     8  8000.000211  3.487424
   7    18  13100.000078  2.029450
   8     6  16799.999748  43.502557
   8     7  8000.000210  3.487424
   8     9  800.000344  10.000945
   8    16  15499.999768  71.782112
   9     5  7000.000617  5.180075
   9     8  800.000343  10.000945
   9    10  17000.000247  4.002252
  10     9  17100.000371  4.026043
  10    11  22099.999669  22.890825
  10    15  11200.000602  6.424850
  10    16  28199.999578  686.999190
  10    17  0.000350  8.000000
  11     4  6800.000076  9.314113
  11    10  21299.999837  20.437596
  11    12  11299.999831  31.272341
  11    14  17499.999738  103.510195
  12     3  6800.000256  4.004276
  12    11  11299.999831  31.272341
  12    13  12000.000075  3.020736
  13    12  12100.000108  3.021436
  13    24  10800.000036  16.149166
  14    11  16899.999747  90.549030
  14    15  11399.999901  23.325218
  14    23  7800.000022  7.775536
  15    10  11300.000569  6.440228
  15    14  10799.999943  19.761305
  15    19  19000.000376  4.303210
  15    22  22899.999657  17.575310
  16     8  15499.999768  71.782112
  16    10  28899.999567  757.381804
  16    17  26699.999600  205.793073
  16    18  14100.000180  3.118576
  17    10  0.000350  8.000000
  17    16  26699.999600  205.793073
  17    19  21899.999672  129.434267
  18     7  13100.000079  2.029450
  18    16  14800.000169  3.143936
  18    20  11500.000198  4.034980
  19    15  18400.000385  4.146229
  19    17  21899.999672  129.434267
  19    20  5100.000578  4.648106
  20    18  12100.000189  4.042872
  20    19  4500.000587  4.392840
  20    21  4400.000099  6.514614
  20    22  5300.000410  5.891624
  21    20  4300.000100  6.469401
  21    22  12999.999805  13.452961
  21    24  12799.999808  24.206401
  22    15  22899.999657  17.575310
  22    20  5300.000409  5.891624
  22    21  12999.999805  13.452961
  22    23  5800.000247  5.086384
  23    14  7799.999990  7.775536
  23    22  5800.000246  5.086384
  23    24  5700.000195  2.476076
  24    13  10800.000069  16.149166
  24    21  12699.999810  23.551427
  24    23  5700.000160  2.476076
