<METADATA>
<File Name> ./SiouxFalls/SiouxFalls_COL_0.20_1.00_0.00_1.00_1.15_flow.txt
<Number of Links> 76
<theta | lambda> 0.200000 | 1.000000
<stoch | determ> 0.000000 | 1.000000
<distant tolerance> 1.150000
<optimal objective> 21932728.033763
<system cost> 21932728.033763

<LINKS>
~ Init node | Term node | Flow | Cost
   1     2  3605.021594  6.001689
   1     3  6394.978406  4.016724
   2     1  3610.041314  6.001699
   2     6  6205.021594  14.198827
   3     1  6389.958686  4.016671
   3     4  11699.942480  4.655847
   3    12  8494.920886  4.052074
   4     3  11699.942480  4.655847
   4     5  17599.971240  3.439259
   4    11  6300.028760  18.208770
   5     4  17599.971240  3.439259
   5     6  12499.971240  126.191244
   5     9  11400.000000  11.333601
   6     2  6210.041314  14.229000
   6     5  12499.971240  126.191244
   6     8  15905.050354  168.707360
   7     8  8910.070074  6.750299
   7    18  12805.050354  2.134432
   8     6  15910.070074  168.920531
   8     7  8905.050354  6.741750
   8     9  1400.000000  10.044294
   8    16  11900.000000  121.008873
   9     5  11400.000000  11.333601
   9     8  1400.000000  10.044294
   9    10  18400.000000  9.877372
  10     9  18500.000000  10.028104
  10    11  17980.807126  44.196290
  10    15  19679.484172  26.247253
  10    16  21200.000000  1094.780094
  10    17  600.000000  8.001251
  11     4  6400.028760  19.002579
  11    10  17780.807126  42.481232
  11    12  9299.269633  63.955595
  11    14  12419.814221  130.235126
  12     3  8489.901166  4.051950
  12    11  9299.269633  63.955595
  12    13  12095.651253  3.107024
  13    12  12190.631533  3.110423
  13    24  12095.651253  99.572012
  14    11  12419.814221  130.235126
  14    15  7522.130357  22.555417
  14    23  6777.829513  14.635541
  15    10  19779.484172  26.661946
  15    14  7597.541218  22.980880
  15    19  19313.882217  9.957670
  15    22  21840.814358  63.525981
  16     8  11900.000000  121.008873
  16    10  21300.000000  1115.506927
  16    17  20100.086280  329.269970
  16    18  13700.086280  3.528427
  17    10  600.000000  8.001251
  17    16  20100.086280  329.269970
  17    19  15900.086280  179.042613
  18     7  12810.070074  2.134646
  18    16  13800.086280  3.544025
  18    20  14404.964074  4.430582
  19    15  19509.911347  10.244396
  19    17  15900.086280  179.042613
  19    20  7982.028976  23.441963
  20    18  14409.983794  4.431190
  20    19  8178.058106  25.422906
  20    21  7010.437479  22.570869
  20    22  5869.638619  11.710424
  21    20  6936.404897  21.884751
  21    22  8966.765663  15.154204
  21    24  11347.053823  67.782497
  22    15  21720.196090  61.874307
  22    20  6044.720051  12.545932
  22    21  8956.373552  14.734633
  22    23  10864.585279  71.883914
  23    14  6702.418652  14.353289
  23    22  10908.656331  70.682819
  23    24  8223.878022  12.466530
  24    13  12090.631533  99.411491
  24    21  11283.413352  67.758016
  24    23  8192.538213  11.998566
