<METADATA>
<File Name> ./SiouxFalls/SiouxFalls_MIX_0.50_0.10_2.00_flow.txt
<Number of Links> 76
<theta | lambda> 0.500000 | 0.000000
<stoch | determ> 0.100000 | 0.900000
<distant tolerance> 2.000000
<optimal objective> 2042218.743820
<system cost> 7290615.905177

<LINKS>
~ Init node | Term node | Flow | Cost
   1     2  7024.468265  6.004869
   1     3  10612.588902  4.025370
   2     1  7044.936085  6.004926
   2     6  6629.214091  7.396735
   3     1  10592.121082  4.025175
   3     4  17489.429391  4.654939
   3    12  14318.416753  4.084064
   4     3  17467.888321  4.651718
   4     5  18776.007460  2.372850
   4    11  6481.934279  8.736215
   5     4  18830.993046  2.377237
   5     6  7006.416742  6.412226
   5     9  16966.264838  11.214501
   6     2  6649.681912  7.426472
   6     5  7025.054436  6.437995
   6     8  12469.066024  14.594282
   7     8  13258.903733  6.677710
   7    18  14979.039651  2.050343
   8     6  12508.171538  14.753020
   8     7  13179.266877  6.590145
   8     9  7507.097436  17.323986
   8    16  7838.119240  9.366976
   9     5  17002.612729  11.267927
   9     8  7422.811833  17.000565
   9    10  22809.077476  6.247971
  10     9  22861.139765  6.277727
  10    11  17503.673825  12.040088
  10    15  23515.660526  14.256434
  10    16  10844.770528  18.938439
  10    17  8123.691274  16.405643
  11     4  6505.407624  8.776066
  11    10  17401.300133  11.876826
  11    12  7546.422963  11.026854
  11    14  9479.728598  12.568386
  12     3  14319.490003  4.084089
  12    11  7556.131615  11.052773
  12    13  15739.039771  3.061364
  13    12  15849.821673  3.063110
  13    24  10645.952437  15.470690
  14    11  9491.119598  12.609643
  14    15  8920.603360  11.870790
  14    23  7776.015628  7.729312
  15    10  23405.217133  14.102415
  15    14  8987.333586  12.078695
  15    19  18516.564228  4.175551
  15    22  16477.953419  6.907410
  16     8  7881.873501  9.465306
  16    10  10915.156153  19.330050
  16    17  10810.321739  7.476447
  16    18  16418.292642  3.217988
  17    10  8218.185024  16.803614
  17    16  10895.615329  7.651340
  17    19  8301.447967  4.631026
  18     7  15058.676507  2.051422
  18    16  16447.138938  3.219524
  18    20  20006.738401  4.320431
  19    15  18506.981646  4.173120
  19    17  8481.235306  4.866462
  19    20  8772.826381  9.674448
  20    18  20015.221552  4.320975
  20    19  8943.031138  10.127799
  20    21  6384.575695  8.281386
  20    22  7394.022124  8.377547
  21    20  6292.970501  8.153244
  21    22  8192.099988  3.806032
  21    24  9815.603084  10.333226
  22    15  16343.822834  6.781729
  22    20  7564.315227  8.699618
  22    21  8169.179177  3.785904
  22    23  9283.253582  11.129714
  23    14  7720.676403  7.624279
  23    22  9296.495289  11.170480
  23    24  7904.330308  3.760503
  24    13  10656.734339  15.517229
  24    21  9746.918701  10.130114
  24    23  7862.232790  3.723297
