<METADATA>
<File Name> ./SiouxFalls/SiouxFalls_MIX_0.02_0.90_1.50_flow.txt
<Number of Links> 76
<theta | lambda> 0.020000 | 0.000000
<stoch | determ> 0.100000 | 0.900000
<distant tolerance> 1.500000
<optimal objective> 8949915.187732
<system cost> 7694216.021643

<LINKS>
~ Init node | Term node | Flow | Cost
   1     2  6785.302815  6.004239
   1     3  10522.007824  4.024515
   2     1  6774.021974  6.004211
   2     6  6752.661592  7.580309
   3     1  10533.288666  4.024620
   3     4  17202.837973  4.613054
   3    12  13761.682218  4.071733
   4     3  17246.469407  4.619297
   4     5  19117.094669  2.400690
   4    11  6433.246457  8.654926
   5     4  19215.692807  2.409021
   5     6  7141.035161  6.603028
   5     9  16972.459744  11.223582
   6     2  6741.380750  7.563110
   6     5  7132.483936  6.590582
   6     8  12681.168551  15.473326
   7     8  13442.151919  6.885279
   7    18  15876.686273  2.063539
   8     6  12661.336485  15.389240
   8     7  13382.156270  6.816378
   8     9  7591.764389  17.660025
   8    16  7920.991035  9.554613
   9     5  17079.609106  11.382238
   9     8  7451.414984  17.109095
   9    10  22724.100697  6.199839
  10     9  22790.900654  6.237630
  10    11  17633.230216  12.250848
  10    15  23582.064485  14.350088
  10    16  10918.497126  19.348828
  10    17  8592.059810  18.518322
  11     4  6478.279753  8.730049
  11    10  17510.928986  12.051768
  11    12  8074.286483  12.587920
  11    14  9546.790497  12.813430
  12     3  13729.331625  4.071060
  12    11  8078.856112  12.602846
  12    13  15613.243949  3.059425
  13    12  15685.462986  3.060533
  13    24  10666.554545  15.559741
  14    11  9564.952934  12.880690
  14    15  8980.742239  12.057951
  14    23  7784.003749  7.744659
  15    10  23518.292536  14.260131
  15    14  9060.202895  12.311078
  15    19  19301.988155  4.388060
  15    22  16588.786812  7.013603
  16     8  7981.512724  9.695417
  16    10  11038.872476  20.036981
  16    17  12239.921968  11.000341
  16    18  15059.636966  3.154305
  17    10  8624.557596  18.678361
  17    16  12278.709425  11.114970
  17    19  9883.391299  7.286080
  18     7  15936.681922  2.064505
  18    16  15201.746550  3.160212
  18    20  18761.202691  4.247784
  19    15  19497.644655  4.445202
  19    17  9954.676542  7.440244
  19    20  8729.643984  9.563545
  20    18  18863.307923  4.253222
  20    19  8996.585726  10.275906
  20    21  6595.948808  8.598841
  20    22  7762.013714  9.101815
  21    20  6560.871578  8.543998
  21    22  8755.323435  4.356314
  21    24  9809.844725  10.316032
  22    15  16308.819018  6.749436
  22    20  8066.137919  9.783448
  22    21  8754.531203  4.355461
  22    23  9328.164572  11.268688
  23    14  7722.705531  7.628090
  23    22  9351.528752  11.341785
  23    24  8312.413413  4.153204
  24    13  10638.773582  15.439781
  24    21  9775.559726  10.214290
  24    23  8274.479374  4.114167
