<METADATA>
<File Name> ./SiouxFalls/SiouxFalls_MIX_0.10_0.50_2.00_flow.txt
<Number of Links> 76
<theta | lambda> 0.100000 | 0.000000
<stoch | determ> 0.500000 | 0.500000
<distant tolerance> 2.000000
<optimal objective> 13296488.749688
<system cost> 7850673.432566

<LINKS>
~ Init node | Term node | Flow | Cost
   1     2  7007.939222  6.004824
   1     3  10886.659148  4.028094
   2     1  6991.690494  6.004779
   2     6  7008.507624  7.994153
   3     1  10902.907877  4.028262
   3     4  17057.439656  4.592589
   3    12  14201.920213  4.081361
   4     3  17116.122825  4.600786
   4     5  19226.210066  2.409917
   4    11  7259.607138  10.305109
   5     4  19280.481178  2.414565
   5     6  7418.923611  7.032478
   5     9  17160.276155  11.503668
   6     2  6992.258896  7.966482
   6     5  7426.707846  7.045225
   6     8  12679.486141  15.466178
   7     8  13803.491791  7.320190
   7    18  16674.587944  2.077307
   8     6  12671.021647  15.430255
   8     7  13913.500382  7.459566
   8     9  7714.104895  18.165851
   8    16  8087.441930  9.949691
   9     5  17206.763033  11.574428
   9     8  7766.099910  18.388247
   9    10  23049.697079  6.387210
  10     9  23248.178972  6.505395
  10    11  17529.367805  12.081517
  10    15  23604.971670  14.382580
  10    16  11094.817257  20.364561
  10    17  7992.883483  15.877188
  11     4  7364.019195  10.558179
  11    10  17352.391131  11.799838
  11    12  7704.004955  11.460066
  11    14  9508.351173  12.672339
  12     3  14159.485772  4.080393
  12    11  7725.787070  11.522079
  12    13  15601.668143  3.059249
  13    12  15681.015817  3.060464
  13    24  10801.906792  16.157749
  14    11  9514.004442  12.692982
  14    15  8950.036005  11.961917
  14    23  8203.315734  8.619105
  15    10  23420.964942  14.124243
  15    14  8968.622414  12.019929
  15    19  19126.690532  4.338318
  15    22  17300.399006  7.747887
  16     8  8136.991012  10.072110
  16    10  11001.955323  19.823526
  16    17  11879.583234  9.986366
  16    18  17751.870001  3.297919
  17    10  8545.210711  18.290783
  17    16  11636.986955  9.353711
  17    19  9256.894638  6.067907
  18     7  16564.579353  2.075287
  18    16  17951.153428  3.311523
  18    20  20142.340924  4.329208
  19    15  18792.177578  4.247121
  19    17  9566.625587  6.640287
  19    20  9181.058262  10.806698
  20    18  20131.615760  4.328507
  20    19  9156.276257  10.733503
  20    21  7378.025953  10.068471
  20    22  7663.477162  8.897462
  21    20  7391.572406  10.098433
  21    22  9233.025854  4.914208
  21    24  9594.327047  9.693992
  22    15  17369.491641  7.824189
  22    20  7514.423540  8.602974
  22    21  9287.766753  4.983936
  22    23  9299.965380  11.181192
  23    14  8190.382594  8.590045
  23    22  9274.745292  11.103611
  23    24  8437.140638  4.285376
  24    13  10781.254466  16.065037
  24    21  9553.132602  9.579764
  24    23  8398.987410  4.244317
