<METADATA>
<File Name> ./SiouxFalls/SiouxFalls_MIX_0.10_0.50_1.05_flow.txt
<Number of Links> 76
<theta | lambda> 0.100000 | 0.000000
<stoch | determ> 0.500000 | 0.500000
<distant tolerance> 1.050000
<optimal objective> 14241164.098135
<system cost> 10916526.854034

<LINKS>
~ Init node | Term node | Flow | Cost
   1     2  4379.600705  6.000736
   1     3  7909.558954  4.007828
   2     1  4401.713587  6.000751
   2     6  6043.386035  6.655363
   3     1  7887.446072  4.007741
   3     4  15160.277049  4.369766
   3    12  10403.307713  4.023427
   4     3  15102.054796  4.364118
   4     5  19916.092183  2.471995
   4    11  7731.116130  11.537331
   5     4  19975.845130  2.477685
   5     6  9120.858144  10.927506
   5     9  15554.908249  9.390673
   6     2  6065.498917  6.679724
   6     5  9163.295538  11.057337
   6     8  13491.893056  19.263517
   7     8  14711.004479  8.573349
   7    18  17654.508750  2.097145
   8     6  13556.443332  19.596276
   8     7  14493.524093  8.251011
   8     9  8446.483506  21.737161
   8    16  9054.366359  12.776168
   9     5  15572.223803  9.410256
   9     8  8278.093626  20.828808
   9    10  23583.189546  6.711859
  10     9  23532.115220  6.679808
  10    11  16422.098137  10.454762
  10    15  23521.340187  14.264413
  10    16  14367.086228  50.014907
  10    17  6743.330204  11.990755
  11     4  7713.140930  11.486012
  11    10  16305.538707  10.301538
  11    12  8428.188561  13.821115
  11    14  11277.854728  21.164113
  12     3  10439.417084  4.023754
  12    11  8433.416120  13.840537
  12    13  13524.224977  3.033454
  13    12  13665.561907  3.034875
  13    24  11413.369966  19.153294
  14    11  11238.092540  20.923329
  14    15  9092.106523  12.414601
  14    23  8858.430157  10.280977
  15    10  23280.423957  13.930988
  15    14  9050.745448  12.280599
  15    19  19637.260274  4.487043
  15    22  21131.800873  13.568708
  16     8  9069.826129  12.829413
  16    10  14513.080164  51.913967
  16    17  16051.854077  28.622276
  16    18  17938.642264  3.310656
  17    10  6803.737601  12.135686
  17    16  15983.352477  28.170733
  17    19  13472.212674  20.250110
  18     7  17871.989136  2.102021
  18    16  18168.597569  3.326894
  18    20  18427.716918  4.230630
  19    15  20060.363773  4.619404
  19    17  13464.118471  20.206290
  19    20  9708.699100  12.511570
  20    18  18775.152609  4.248521
  20    19  10123.708396  14.062920
  20    21  6377.252403  8.270936
  20    22  7583.741746  8.737770
  21    20  6230.488710  8.068993
  21    22  9653.121520  5.481893
  21    24  10773.046678  13.640971
  22    15  20326.420071  12.047310
  22    20  8392.950425  10.607084
  22    21  9684.025678  5.526697
  22    23  10111.083840  14.033722
  23    14  8860.029043  10.285513
  23    22  10145.815875  14.172300
  23    24  8331.617075  4.173170
  24    13  11454.706895  19.374018
  24    21  10595.378827  12.956187
  24    23  8367.947996  4.211324
