<METADATA>
<File Name> ./SiouxFalls/SiouxFalls_MIX_0.20_1.00_0.20_0.80_1.40_flow.txt
<Number of Links> 76
<theta | lambda> 0.200000 | 1.000000
<stoch | determ> 0.200000 | 0.800000
<distant tolerance> 1.400000
<optimal objective> 3807444.030592
<system cost> 7292368.236322

<LINKS>
~ Init node | Term node | Flow | Cost
   1     2  7364.980480  6.005885
   1     3  10908.275549  4.028317
   2     1  7382.617142  6.005941
   2     6  6770.888718  7.608282
   3     1  10890.638886  4.028135
   3     4  17137.354077  4.603772
   3    12  13975.667083  4.076299
   4     3  17097.333927  4.598152
   4     5  18667.641048  2.364317
   4    11  6263.722947  8.385953
   5     4  18721.037038  2.368503
   5     6  7198.513214  6.687852
   5     9  16961.186163  11.207063
   6     2  6788.525381  7.635564
   6     5  7225.287192  6.728064
   6     8  12474.105222  14.614654
   7     8  13339.276947  6.767698
   7    18  15986.015338  2.065307
   8     6  12518.515862  14.795260
   8     7  13305.019831  6.729143
   8     9  7551.582800  17.499136
   8    16  7996.561309  9.730929
   9     5  16987.808176  11.246125
   9     8  7530.738852  17.416682
   9    10  22075.437003  5.849827
  10     9  22181.215066  5.904842
  10    11  17487.050503  12.013382
  10    15  23361.137611  14.041549
  10    16  10844.595487  18.937475
  10    17  8181.570628  16.647768
  11     4  6270.306807  8.396000
  11    10  17413.054575  11.895426
  11    12  7394.057963  10.633009
  11    14  9454.117626  12.476165
  12     3  13998.050571  4.076789
  12    11  7372.186502  10.578434
  12    13  15372.706667  3.055847
  13    12  15473.218693  3.057322
  13    24  10662.083481  15.540371
  14    11  9508.577020  12.673163
  14    15  8922.839526  11.877682
  14    23  7835.111222  7.843977
  15    10  23387.261895  14.077580
  15    14  8983.286672  12.065953
  15    19  18508.557898  4.173520
  15    22  16604.681529  7.029007
  16     8  8027.558782  9.804712
  16    10  10871.208335  19.084643
  16    17  10695.209616  7.246885
  16    18  18418.035786  3.345219
  17    10  8208.607488  16.762646
  17    16  10685.766132  7.228379
  17    19  8497.511962  4.888530
  18     7  16020.272454  2.065869
  18    16  18485.089590  3.350274
  18    20  20331.830117  4.341772
  19    15  18498.409691  4.170948
  19    17  8515.105337  4.912526
  19    20  8919.769465  10.064291
  20    18  20333.141038  4.341860
  20    19  8927.214633  10.084563
  20    21  6492.814560  8.440071
  20    22  7235.715712  8.097451
  21    20  6398.109942  8.300792
  21    22  8103.662267  3.729297
  21    24  9821.290593  10.350237
  22    15  16601.401168  7.025825
  22    20  7239.176417  8.103381
  22    21  8062.799002  3.694680
  22    23  9309.119330  11.209508
  23    14  7829.123469  7.832240
  23    22  9268.436410  11.084303
  23    24  7855.449076  3.717357
  24    13  10662.595506  15.542588
  24    21  9767.449241  10.190378
  24    23  7808.778403  3.676907
