<METADATA>
<File Name> ./SiouxFalls/SiouxFalls_MIX_0.20_1.00_0.20_0.80_1.50_flow.txt
<Number of Links> 76
<theta | lambda> 0.200000 | 1.000000
<stoch | determ> 0.200000 | 0.800000
<distant tolerance> 1.500000
<optimal objective> 3788859.902820
<system cost> 7301537.083282

<LINKS>
~ Init node | Term node | Flow | Cost
   1     2  7293.542196  6.005660
   1     3  10831.670654  4.027530
   2     1  7303.783209  6.005691
   2     6  6697.967487  7.497721
   3     1  10821.429641  4.027426
   3     4  17277.151737  4.623716
   3    12  14068.670518  4.078351
   4     3  17254.278935  4.620419
   4     5  18900.930324  2.382872
   4    11  6206.792516  8.300385
   5     4  18947.887727  2.386691
   5     6  7085.853425  6.523497
   5     9  16962.531278  11.209032
   6     2  6708.208500  7.513032
   6     5  7105.619914  6.551773
   6     8  12499.676024  14.718408
   7     8  13359.790271  6.790928
   7    18  16271.612897  2.070101
   8     6  12529.683526  14.840979
   8     7  13321.959891  6.748171
   8     9  7548.043480  17.485087
   8    16  8003.616273  9.747647
   9     5  16989.722192  11.248940
   9     8  7525.613968  17.396513
   9    10  21889.174528  5.754855
  10     9  21993.935930  5.807974
  10    11  17521.603642  12.068979
  10    15  23276.935008  13.926235
  10    16  10794.903452  18.665565
  10    17  8368.351920  17.464922
  11     4  6236.962311  8.345439
  11    10  17398.859539  11.872969
  11    12  7356.171163  10.538779
  11    14  9438.794065  12.421344
  12     3  14081.302306  4.078632
  12    11  7352.900465  10.530712
  12    13  15436.591127  3.056781
  13    12  15545.952217  3.058408
  13    24  10603.949512  15.290731
  14    11  9449.490456  12.459583
  14    15  8925.154512  11.884822
  14    23  7912.317978  7.997745
  15    10  23383.466823  14.072338
  15    14  8963.596703  12.004207
  15    19  18255.572980  4.110662
  15    22  16745.505603  7.167436
  16     8  8018.222906  9.782400
  16    10  10832.869138  18.872971
  16    17  10798.206774  7.451938
  16    18  18857.220962  3.379343
  17    10  8351.359924  17.388282
  17    16  10790.673177  7.436740
  17    19  8377.733536  4.729078
  18     7  16309.443277  2.070755
  18    16  18917.326879  3.384203
  18    20  20609.055795  4.360797
  19    15  18295.447759  4.120398
  19    17  8353.207943  4.697261
  19    20  8884.347858  9.968535
  20    18  20606.992092  4.360652
  20    19  8899.697044  10.009888
  20    21  6662.422625  8.705199
  20    22  7143.978203  7.943330
  21    20  6609.698136  8.620578
  21    22  8292.811392  3.896494
  21    24  9799.625689  10.285595
  22    15  16750.604830  7.172514
  22    20  7109.988175  7.887713
  22    21  8285.555973  3.889866
  22    23  9301.754767  11.186721
  23    14  7884.572178  7.941964
  23    22  9265.608547  11.075661
  23    24  8002.440697  3.849551
  24    13  10613.310603  15.330653
  24    21  9754.156618  10.151316
  24    23  7938.548677  3.791187
