<METADATA>
<File Name> ./SiouxFalls/SiouxFalls_MLT_0.1_0.9_0.5_0.5_flow.txt
<Number of Links> 76
<Total Flows> 360600.000000
<System Cost> 7728235.494222
<Optimal Objective> 16068508.972628

<LINKS>
~ Init node | Term node | Flow | Cost
   1     2  4952.910413  6.001204
   1     3  8880.931800  4.012441
   2     1  4972.241735  6.001222
   2     6  6168.949671  6.797284
   3     1  8861.600478  4.012333
   3     4  15208.457227  4.374488
   3    12  11121.934954  4.030602
   4     3  15167.798540  4.370500
   4     5  18825.716486  2.376814
   4    11  6692.864530  9.110133
   5     4  18900.706125  2.382854
   5     6  8436.543810  9.070981
   5     9  16421.373405  10.453800
   6     2  6188.280993  6.819918
   6     5  8455.482060  9.116676
   6     8  12587.269136  15.078668
   7     8  13232.552541  6.648560
   7    18  15911.866736  2.064104
   8     6  12625.538709  15.238466
   8     7  13160.214148  6.569429
   8     9  7303.163641  16.559987
   8    16  7994.782467  9.726720
   9     5  16477.424793  10.528643
   9     8  7249.513346  16.369348
   9    10  22020.815085  5.821725
  10     9  22123.216178  5.874580
  10    11  17518.723894  12.064229
  10    15  22772.887239  13.261747
  10    16  11081.284838  20.284863
  10    17  8496.488949  18.058085
  11     4  6677.216204  9.081162
  11    10  17429.922215  11.922289
  11    12  8072.967291  12.583607
  11    14  9863.660617  14.042836
  12     3  11143.262320  4.030837
  12    11  8061.608647  12.546653
  12    13  13846.313832  3.036757
  13    12  13956.282554  3.037938
  13    24  10993.486379  17.043483
  14    11  9870.569255  14.071544
  14    15  9069.934139  12.342312
  14    23  8326.273161  8.902342
  15    10  22837.030378  13.343734
  15    14  9092.574620  12.416354
  15    19  18429.925174  4.153704
  15    22  18181.809475  8.791938
  16     8  8014.363941  9.773200
  16    10  11117.587382  20.499349
  16    17  12322.672470  11.246221
  16    18  18139.890689  3.324833
  17    10  8487.246038  18.014389
  17    16  12328.784921  11.264573
  17    19  10029.848085  7.606444
  18     7  15984.205129  2.065278
  18    16  18189.662257  3.328413
  18    20  20272.916069  4.337827
  19    15  18429.269445  4.153539
  19    17  10026.717625  7.599441
  19    20  9373.606691  11.395926
  20    18  20295.026030  4.339304
  20    19  9369.820502  11.383966
  20    21  6048.263098  7.837357
  20    22  7609.369451  8.788547
  21    20  5966.918136  7.740488
  21    22  8649.398355  4.244331
  21    24  9861.948813  10.472728
  22    15  18169.248824  8.775958
  22    20  7609.038185  8.787897
  22    21  8632.026360  4.226367
  22    23  9569.852719  12.051745
  23    14  8310.541318  8.865381
  23    22  9539.588807  11.950453
  23    24  7959.446943  3.810116
  24    13  11003.455102  17.090836
  24    21  9797.975847  10.280672
  24    23  7913.451188  3.768651
