<METADATA>
<File Name> ./SiouxFalls/SiouxFalls_MIX_0.50_0.30_1.40_flow.txt
<Number of Links> 76
<theta | lambda> 0.500000 | 0.000000
<stoch | determ> 0.300000 | 0.700000
<distant tolerance> 1.400000
<optimal objective> 3578975.898313
<system cost> 7651491.780596

<LINKS>
~ Init node | Term node | Flow | Cost
   1     2  5759.189667  6.002200
   1     3  9527.966327  4.016483
   2     1  5760.557022  6.002202
   2     6  7106.707291  8.165523
   3     1  9526.598973  4.016473
   3     4  13949.410235  4.265046
   3    12  11191.287454  4.031373
   4     3  13962.947109  4.266076
   4     5  17702.666072  2.294629
   4    11  6017.624773  8.032507
   5     4  17763.351988  2.298690
   5     6  8007.153881  8.114781
   5     9  16231.829720  10.206324
   6     2  7108.074646  8.167960
   6     5  8032.357593  8.166834
   6     8  12710.323431  15.597659
   7     8  13737.725354  7.238442
   7    18  16396.840236  2.072284
   8     6  12736.894497  15.711720
   8     7  13687.445059  7.176731
   8     9  5864.556990  12.727722
   8    16  8121.354831  10.033236
   9     5  16267.311924  10.251997
   9     8  5817.412528  12.641063
   9    10  20878.521673  5.280238
  10     9  20966.859416  5.319075
  10    11  17697.378947  12.356937
  10    15  23809.183995  14.676445
  10    16  11214.913313  21.084703
  10    17  8376.729307  17.502880
  11     4  6070.475732  8.104857
  11    10  17570.659281  12.148476
  11    12  8514.862730  14.147836
  11    14  9639.293393  13.160015
  12     3  11176.383226  4.031206
  12    11  8522.353106  14.176544
  12    13  13754.792271  3.035794
  13    12  13847.378418  3.036768
  13    24  10994.313997  17.047401
  14    11  9657.934309  13.231077
  14    15  9045.699868  12.264378
  14    23  8343.564421  8.943183
  15    10  23842.969443  14.725798
  15    14  9069.406199  12.340830
  15    19  18856.941677  4.264402
  15    22  17694.126700  8.195082
  16     8  8144.790063  10.091584
  16    10  11260.985385  21.367181
  16    17  11251.004608  8.425539
  16    18  15757.279444  3.184947
  17    10  8411.929195  17.663618
  17    16  11221.065431  8.357418
  17    19  10979.317228  10.050282
  18     7  16447.120531  2.073174
  18    16  15856.725927  3.189660
  18    20  17420.945243  4.184212
  19    15  18907.999260  4.278151
  19    17  10984.577939  10.065722
  19    20  9272.967364  11.083378
  20    18  17470.672020  4.186324
  20    19  9329.285658  11.257033
  20    21  6452.555759  8.380113
  20    22  7386.944195  8.364633
  21    20  6386.414901  8.284016
  21    22  8599.058421  4.192542
  21    24  9919.627888  10.649070
  22    15  17600.560896  8.086065
  22    20  7459.130125  8.498092
  22    21  8569.689570  4.162742
  22    23  9413.839194  11.539427
  23    14  8338.499006  8.931190
  23    22  9363.090470  11.378161
  23    24  8308.555247  4.149209
  24    13  10986.900144  17.012243
  24    21  9882.855880  10.536279
  24    23  8252.741108  4.092037
