<METADATA>
<File Name> ./SiouxFalls/SiouxFalls_MIX_0.20_1.00_0.00_1.00_3.00_flow.txt
<Number of Links> 76
<theta | lambda> 0.200000 | 1.000000
<stoch | determ> 0.000000 | 1.000000
<distant tolerance> 3.000000
<optimal objective> 1441786.581155
<system cost> 7208932.905775

<LINKS>
~ Init node | Term node | Flow | Cost
   1     2  7550.575744  6.006501
   1     3  11188.186805  4.031338
   2     1  7588.724385  6.006633
   2     6  6600.292107  7.355182
   3     1  11150.038165  4.030913
   3     4  17249.396734  4.619717
   3    12  14063.359738  4.078232
   4     3  17215.760750  4.614898
   4     5  18832.861031  2.377387
   4    11  6151.513668  8.219523
   5     4  18888.070730  2.381831
   5     6  7021.080898  6.432484
   5     9  16942.423990  11.179644
   6     2  6638.440747  7.410106
   6     5  7047.965184  6.469955
   6     8  12538.939870  14.878966
   7     8  13295.415764  6.718388
   7    18  16499.053838  2.074103
   8     6  12603.972796  15.148238
   8     7  13235.490961  6.651802
   8     9  7567.328709  17.561879
   8    16  7948.117128  9.617324
   9     5  16970.749404  11.221074
   9     8  7547.361210  17.482381
   9    10  21698.239735  5.659985
  10     9  21806.597650  5.713519
  10    11  17494.460933  12.025278
  10    15  23371.530609  14.055869
  10    16  10668.275987  17.989453
  10    17  8333.150771  17.306669
  11     4  6162.667985  8.235665
  11    10  17381.468685  11.845531
  11    12  7315.376992  10.438933
  11    14  9458.056161  12.490298
  12     3  14058.847081  4.078132
  12    11  7313.264181  10.433807
  12    13  15241.829381  3.053969
  13    12  15335.203912  3.055304
  13    24  10585.524531  15.212462
  14    11  9458.331042  12.491285
  14    15  8915.754356  11.855863
  14    23  7763.073020  7.704545
  15    10  23429.421738  14.135983
  15    14  8952.050240  11.968187
  15    19  18285.017403  4.117845
  15    22  16534.383429  6.961210
  16     8  7973.192750  9.675870
  16    10  10743.183565  18.386520
  16    17  10605.141283  7.072362
  16    18  18771.358063  3.372481
  17    10  8321.702226  17.255630
  17    16  10536.916558  6.943090
  17    19  8220.355007  4.529718
  18     7  16558.978641  2.075186
  18    16  18939.565988  3.386012
  18    20  20745.858447  4.370472
  19    15  18499.128178  4.171130
  19    17  8140.681736  4.433060
  19    20  8576.338311  9.182904
  20    18  20873.991176  4.379710
  20    19  8710.775815  9.515601
  20    21  6534.235564  8.502936
  20    22  7077.951215  7.836016
  21    20  6288.929895  8.147719
  21    22  8086.976101  3.715098
  21    24  9806.834689  10.307057
  22    15  16314.459668  6.754626
  22    20  7485.827117  8.548441
  22    21  7907.080322  3.567505
  22    23  9274.701024  11.103476
  23    14  7727.052017  7.636265
  23    22  9282.757385  11.128189
  23    24  7738.793528  3.617594
  24    13  10578.899062  15.184417
  24    21  9741.424799  10.114052
  24    23  7710.828887  3.594339
