<METADATA>
<File Name> ./SiouxFalls/SiouxFalls_MIX_0.02_0.50_2.00_flow.txt
<Number of Links> 76
<theta | lambda> 0.020000 | 0.000000
<stoch | determ> 0.500000 | 0.500000
<distant tolerance> 2.000000
<optimal objective> 53274781.175595
<system cost> 9277702.850013

<LINKS>
~ Init node | Term node | Flow | Cost
   1     2  7662.007319  6.006893
   1     3  11861.408512  4.039589
   2     1  7677.812184  6.006950
   2     6  7439.009503  8.800426
   3     1  11845.603647  4.039378
   3     4  17244.888442  4.619070
   3    12  15029.186301  4.102040
   4     3  17233.523111  4.617439
   4     5  21454.722561  2.635642
   4    11  8266.429313  13.237749
   5     4  21518.997730  2.643294
   5     6  7739.820726  7.592177
   5     9  18189.803511  13.210570
   6     2  7454.814367  8.832826
   6     5  7743.332509  7.598701
   6     8  12981.313909  16.794910
   7     8  15250.786767  9.437481
   7    18  19142.122842  2.134264
   8     6  13000.630557  16.883168
   8     7  15000.357498  9.024949
   8     9  9408.643946  28.070386
   8    16  8896.474683  12.247782
   9     5  18250.566897  13.320831
   9     8  9197.474352  26.501888
   9    10  25727.696948  8.257568
  10     9  25677.290739  8.216486
  10    11  17602.118458  12.199810
  10    15  24171.447531  15.216678
  10    16  11276.248943  21.461533
  10    17  9093.238395  21.195675
  11     4  8290.788814  13.323440
  11    10  17500.502349  12.034987
  11    12  8740.077582  15.044673
  11    14  9763.523399  13.641435
  12     3  15024.746767  4.101920
  12    11  8753.147599  15.098896
  12    13  15446.640788  3.056929
  13    12  15555.271271  3.058548
  13    24  10949.743957  16.837112
  14    11  9773.196773  13.679701
  14    15  9029.669502  12.213020
  14    23  8053.996167  8.291863
  15    10  24211.775821  15.278341
  15    14  9031.907522  12.220174
  15    19  19382.739981  4.411434
  15    22  16924.042422  7.348028
  16     8  8876.531656  12.183012
  16    10  11521.645633  23.031885
  16    17  11479.227356  8.962978
  16    18  21492.393859  3.640119
  17    10  8758.723316  19.358488
  17    16  12471.430546  11.700843
  17    19  9642.933617  6.790121
  18     7  19392.552111  2.141429
  18    16  20725.644332  3.553546
  18    20  23336.491921  4.593161
  19    15  19143.105109  4.342918
  19    17  10300.621728  8.236824
  19    20  9470.533284  11.706608
  20    18  22720.171663  4.532938
  20    19  9888.586523  13.160146
  20    21  8117.449560  11.961409
  20    22  9161.893787  12.961950
  21    20  8103.923950  11.921776
  21    22  9127.052988  4.782702
  21    24  9751.795233  10.144394
  22    15  17106.243604  7.538313
  22    20  8877.152379  12.017350
  22    21  9180.871493  4.848918
  22    23  9388.031520  11.457090
  23    14  8061.431522  8.307734
  23    22  9339.309798  11.303489
  23    24  8460.202146  4.310466
  24    13  10958.374439  16.877632
  24    21  9684.451118  9.949077
  24    23  8418.915779  4.265694
