<METADATA>
<File Name> ./SiouxFalls/SiouxFalls_MIX_0.50_0.30_1.20_flow.txt
<Number of Links> 76
<theta | lambda> 0.500000 | 0.000000
<stoch | determ> 0.300000 | 0.700000
<distant tolerance> 1.200000
<optimal objective> 3903999.917686
<system cost> 8927754.856152

<LINKS>
~ Init node | Term node | Flow | Cost
   1     2  4393.791405  6.000745
   1     3  7491.770999  4.006300
   2     1  4399.281512  6.000749
   2     6  5892.550346  6.496184
   3     1  7486.280892  4.006282
   3     4  14520.437807  4.311184
   3    12  10023.983735  4.020193
   4     3  14527.187182  4.311763
   4     5  19118.344411  2.400795
   4    11  6561.225731  8.872577
   5     4  19167.135853  2.404902
   5     6  9301.470896  11.492739
   5     9  15633.021315  9.479535
   6     2  5898.040453  6.501768
   6     5  9314.522636  11.534883
   6     8  12889.621655  16.381308
   7     8  13415.214574  6.854228
   7    18  15759.341082  2.061681
   8     6  12908.163502  16.464238
   8     7  13362.548310  6.794059
   8     9  6772.635112  14.851656
   8    16  8446.136028  10.887971
   9     5  15668.761016  9.520640
   9     8  6729.030178  14.727910
   9    10  22117.874036  5.871804
  10     9  22210.008804  5.919955
  10    11  17719.733940  12.394181
  10    15  24036.021316  15.011853
  10    16  12786.856852  32.872140
  10    17  5518.898725  9.790470
  11     4  6619.183665  8.975428
  11    10  17589.465412  12.179130
  11    12  8241.438654  13.150622
  11    14  10318.012019  16.025399
  12     3  10011.744253  4.020094
  12    11  8249.756086  13.179532
  12    13  12532.995302  3.024673
  13    12  12629.073251  3.025438
  13    24  11556.008869  19.925128
  14    11  10337.383994  16.115964
  14    15  9158.762575  12.634436
  14    23  8937.841606  10.509248
  15    10  24098.192295  15.105454
  15    14  9191.381165  12.743777
  15    19  20264.390988  4.686298
  15    22  18991.535800  9.894713
  16     8  8455.616545  10.914452
  16    10  12825.648199  33.224093
  16    17  14779.327047  21.132116
  16    18  14517.945982  3.133273
  17    10  5540.339695  9.818456
  17    16  14759.477155  21.029539
  17    19  12347.701834  14.878174
  18     7  15812.007345  2.062510
  18    16  14586.067738  3.135792
  18    20  15733.133152  4.122544
  19    15  20301.985525  4.698846
  19    17  12349.292912  14.884813
  19    20  9804.795479  12.853595
  20    18  15753.921172  4.123193
  20    19  9843.981094  12.995982
  20    21  6207.354541  8.038434
  20    22  7676.800844  8.924637
  21    20  6123.255805  7.930190
  21    22  8979.549204  4.607129
  21    24  10048.233826  11.053525
  22    15  18948.730832  9.832763
  22    20  7720.873214  9.015542
  22    21  8916.817336  4.535034
  22    23  9578.722448  12.081679
  23    14  8924.594990  10.470744
  23    22  9517.257983  11.876234
  23    24  8646.446093  4.520734
  24    13  11552.086818  19.903519
  24    21  10026.866958  10.985242
  24    23  8571.735013  4.434734
