<METADATA>
<File Name> ./SiouxFalls/SiouxFalls_MIX_0.20_0.00_1.20_flow.txt
<Number of Links> 76
<theta | lambda> 0.200000 | 0.000000
<stoch | determ> 0.000000 | 1.000000
<distant tolerance> 1.200000
<optimal objective> 2720213.487273
<system cost> 13601067.436364

<LINKS>
~ Init node | Term node | Flow | Cost
   1     2  3818.586715  6.000425
   1     3  6581.401034  4.003752
   2     1  3818.586715  6.000425
   2     6  6018.598966  6.628371
   3     1  6581.401034  4.003752
   3     4  10929.266049  4.099876
   3    12  6973.669940  4.004730
   4     3  10953.266986  4.100756
   4     5  16561.022098  2.225668
   4    11  6637.985863  9.009380
   5     4  16580.280733  2.226719
   5     6  10686.023410  17.052646
   5     9  12174.941515  6.647892
   6     2  6018.598966  6.628371
   6     5  10705.282045  17.146996
   6     8  14384.087163  24.303188
   7     8  9473.112864  3.958336
   7    18  14713.261791  2.046864
   8     6  14403.345798  24.422874
   8     7  9453.854228  3.950567
   8     9  1399.987749  10.008858
   8    16  10400.104136  18.535806
   9     5  12174.941515  6.647892
   9     8  1399.987749  10.008858
   9    10  19175.002772  4.622269
  10     9  19275.002772  4.656376
  10    11  18867.060165  14.503382
  10    15  24383.019766  15.543633
  10    16  17700.214398  110.007810
  10    17  2199.955078  8.045208
  11     4  6742.728166  9.203866
  11    10  18673.168142  14.118708
  11    12  9299.615789  17.592890
  11    14  10729.456019  18.061323
  12     3  6949.669003  4.004665
  12    11  9299.615789  17.592890
  12    13  11933.510719  3.020280
  13    12  12009.509782  3.020802
  13    24  12503.320664  25.824934
  14    11  10740.306298  18.118288
  14    15  9466.130784  13.712038
  14    23  9102.402485  11.002036
  15    10  24476.899538  15.691464
  15    14  9470.295281  13.727379
  15    19  21423.752130  5.106600
  15    22  19302.071514  10.356844
  16     8  10400.104136  18.535806
  16    10  17800.226650  112.424115
  16    17  17000.683136  35.497305
  16    18  13000.022461  3.085684
  17    10  2199.955078  8.045208
  17    16  17000.683136  35.497305
  17    19  14400.638214  25.825209
  18     7  14732.520426  2.047109
  18    16  13100.034712  3.088351
  18    20  14412.750174  4.086301
  19    15  21443.013881  5.114187
  19    17  14400.638214  25.825209
  19    20  9747.913020  12.649920
  20    18  14432.021060  4.086764
  20    19  9767.174771  12.718491
  20    21  7025.878263  9.345592
  20    22  7407.069619  8.401450
  21    20  6952.288926  9.207612
  21    22  9202.801831  4.876237
  21    24  10349.013141  12.061975
  22    15  19280.854032  10.324550
  22    20  7419.191594  8.423772
  22    21  9132.639677  4.789521
  22    23  9914.763965  13.276855
  23    14  9109.088267  11.022630
  23    22  9835.506303  12.983760
  23    24  8856.943880  4.775314
  24    13  12479.319727  25.657838
  24    21  10345.585958  12.049977
  24    23  8784.372000  4.685465
