<METADATA>
<File Name> ./SiouxFalls/SiouxFalls_MIX_0.10_0.10_1.15_flow.txt
<Number of Links> 76
<theta | lambda> 0.100000 | 0.000000
<stoch | determ> 0.100000 | 0.900000
<distant tolerance> 1.150000
<optimal objective> 5091287.191297
<system cost> 15803100.260205

<LINKS>
~ Init node | Term node | Flow | Cost
   1     2  4173.691978  6.000607
   1     3  7020.665084  4.004859
   2     1  4187.625915  6.000615
   2     6  6336.033013  7.000053
   3     1  7006.731147  4.004820
   3     4  13343.834375  4.221932
   3    12  9175.695534  4.014177
   4     3  13350.335887  4.222365
   4     5  19270.888753  2.413741
   4    11  6627.863171  8.991065
   5     4  19293.543324  2.415690
   5     6  11389.398031  20.843687
   5     9  13825.287817  7.740047
   6     2  6349.966950  7.017705
   6     5  11389.396966  20.843681
   6     8  14847.317095  27.318015
   7     8  11948.088411  5.425162
   7    18  15075.568510  2.051653
   8     6  14861.249967  27.413184
   8     7  11892.225408  5.380123
   8     9  5106.847852  11.568451
   8    16  10846.669517  21.014707
   9     5  13847.943453  7.758052
   9     8  5064.947727  11.517606
   9    10  20964.818840  5.318172
  10     9  21045.574352  5.354097
  10    11  17373.395705  11.832822
  10    15  20809.821151  11.063341
  10    16  19080.021180  147.132799
  10    17  2535.656163  8.079785
  11     4  6711.710112  9.145317
  11    10  17191.865671  11.551689
  11    12  8751.831406  15.093425
  11    14  11768.826672  24.353919
  12     3  9155.260086  4.014051
  12    11  8753.019498  15.098363
  12    13  12096.373356  3.021410
  13    12  12177.125998  3.021988
  13    24  11507.718086  19.660597
  14    11  11769.955488  24.361730
  14    15  8151.554832  9.790618
  14    23  7248.741671  6.816117
  15    10  20878.408830  11.130425
  15    14  8194.192728  9.891639
  15    19  19316.587998  4.392264
  15    22  20512.773837  12.383685
  16     8  10846.639510  21.014530
  16    10  19170.021018  149.852579
  16    17  18188.560314  45.887179
  16    18  14752.281655  3.142088
  17    10  2539.354192  8.080251
  17    16  18188.350525  45.885155
  17    19  14555.791460  26.868699
  18     7  15131.431513  2.052423
  18    16  14842.461274  3.145594
  18    20  15526.717860  4.116238
  19    15  19432.151198  4.425882
  19    17  14559.279700  26.892546
  19    20  8805.185693  9.758635
  20    18  15572.760482  4.117623
  20    19  8924.237133  10.076450
  20    21  6870.562859  9.059425
  20    22  6737.962294  7.329125
  21    20  6796.857926  8.930241
  21    22  8846.430958  4.455934
  21    24  10891.960527  14.118631
  22    15  20408.436211  12.194218
  22    20  6876.761291  7.527052
  22    21  8813.598768  4.419677
  22    23  10406.831187  15.260178
  23    14  7207.232592  6.752164
  23    22  10408.460369  15.267231
  23    24  7974.640136  3.823984
  24    13  11488.470728  19.556086
  24    21  10851.087784  13.952675
  24    23  7934.760237  3.787771
