<METADATA>
<File Name> ./SiouxFalls/SiouxFalls_MIX_0.02_0.80_1.50_flow.txt
<Number of Links> 76
<theta | lambda> 0.020000 | 0.000000
<stoch | determ> 0.800000 | 0.200000
<distant tolerance> 1.500000
<optimal objective> 90940603.785182
<system cost> 10292554.145715

<LINKS>
~ Init node | Term node | Flow | Cost
   1     2  8316.303808  6.009566
   1     3  13950.742471  4.075756
   2     1  8393.843779  6.009928
   2     6  7774.096683  9.532852
   3     1  13873.202500  4.074086
   3     4  21000.870407  5.361593
   3    12  18173.782649  4.218178
   4     3  19792.762917  5.074295
   4     5  20080.796026  2.487804
   4    11  9543.938837  18.860039
   5     4  20918.735052  2.574464
   5     6  7894.118465  7.887305
   5     9  16592.836817  10.685175
   6     2  7851.636654  9.716421
   6     5  8032.221939  8.166553
   6     8  13521.996088  19.418107
   7     8  15435.343261  9.754794
   7    18  19477.009746  2.143909
   8     6  13737.639534  20.556078
   8     7  15234.755920  9.410457
   8     9  8901.320569  24.476950
   8    16  9176.064931  13.202746
   9     5  17292.672368  11.706713
   9     8  8821.694667  23.965851
   9    10  23160.451286  6.452783
  10     9  23880.660936  6.902713
  10    11  17669.308268  12.310372
  10    15  25049.462010  16.630590
  10    16  11683.263139  24.122428
  10    17  9139.985741  21.469125
  11     4  7597.892320  11.165403
  11    10  18317.818055  13.444156
  11    12  9959.295212  21.249167
  11    14  10199.535690  15.482514
  12     3  19304.350168  4.277748
  12    11  8973.994292  16.052518
  12    13  15901.607710  3.063939
  13    12  16146.874310  3.067976
  13    24  10936.379963  16.774556
  14    11  9987.299880  14.556203
  14    15  9273.696061  13.024928
  14    23  8889.404375  10.369287
  15    10  25021.718763  16.583573
  15    14  9209.799056  12.806033
  15    19  18852.343598  4.263169
  15    22  18704.437897  9.487159
  16     8  9270.746938  13.546578
  16    10  11735.180363  24.482494
  16    17  12595.057763  12.091251
  16    18  24277.529824  4.042172
  17    10  9087.511627  21.162465
  17    16  12730.667425  12.532927
  17    19  9302.762496  6.149134
  18     7  19677.597086  2.149930
  18    16  24288.519393  4.044060
  18    20  21951.540484  4.464398
  19    15  18875.042582  4.269263
  19    17  9385.898043  6.299452
  19    20  9942.850632  13.362874
  20    18  22063.117393  4.473912
  20    19  10048.685164  13.767928
  20    21  9835.313302  18.847639
  20    22  8443.367773  10.743032
  21    20  9698.467303  18.147390
  21    22  12273.281220  11.098863
  21    24  8959.156175  8.089739
  22    15  18490.098661  9.194878
  22    20  8697.625213  11.466677
  22    21  12254.010624  11.041852
  22    23  9572.265510  12.059910
  23    14  8741.065571  9.954670
  23    22  9592.913119  12.129677
  23    24  10672.595659  7.851359
  24    13  11081.646563  17.466931
  24    21  8841.580771  7.827772
  24    23  10544.904463  7.576313
