<METADATA>
<File Name> ./SiouxFalls/SiouxFalls_COL_0.20_1.00_0.00_1.00_1.30_flow.txt
<Number of Links> 76
<theta | lambda> 0.200000 | 1.000000
<stoch | determ> 0.000000 | 1.000000
<distant tolerance> 1.300000
<optimal objective> 10964846.920009
<system cost> 10964846.920009

<LINKS>
~ Init node | Term node | Flow | Cost
   1     2  5261.310013  6.007656
   1     3  8880.216710  4.062139
   2     1  5280.189631  6.007763
   2     6  7037.667301  20.217304
   3     1  8861.337092  4.061629
   3     4  11350.900057  4.580307
   3    12  8414.033610  4.050123
   4     3  11314.889684  4.574017
   4     5  15711.777043  2.914299
   4    11  5636.549791  13.819948
   5     4  15713.271417  2.914649
   5     6  9241.565036  40.525148
   5     9  13370.169113  16.982540
   6     2  7056.546918  20.375794
   6     5  9241.339476  40.521555
   6     8  13678.148983  93.199784
   7     8  12452.227783  17.310982
   7    18  15320.805036  2.275607
   8     6  13696.803041  93.681442
   8     7  12420.610374  17.168613
   8     9  2448.309651  10.413487
   8    16  7509.356882  23.396325
   9     5  13371.889048  16.988755
   9     8  2435.542569  10.404860
   9    10  21019.269819  14.708634
  10     9  21108.222671  14.907918
  10    11  18514.236402  48.797603
  10    15  24793.467174  57.255128
  10    16  16300.338667  385.224277
  10    17  4199.947014  11.002634
  11     4  5699.045044  14.202038
  11    10  18358.176858  47.857291
  11    12  9774.338182  76.731989
  11    14  10038.048613  57.190879
  12     3  8431.164366  4.050425
  12    11  9776.672678  76.800112
  12    13  12538.572117  3.123596
  13    12  12658.037369  3.128192
  13    24  11538.429850  83.150392
  14    11  10042.149825  58.591516
  14    15  9462.744092  47.547663
  14    23  8920.208315  36.652298
  15    10  24838.472001  57.163451
  15    14  9450.759522  49.199085
  15    19  20452.969002  11.743831
  15    22  18869.741082  36.431100
  16     8  7509.160613  23.394387
  16    10  16400.346236  394.666445
  16    17  15100.382017  106.247693
  16    18  14390.936529  3.643338
  17    10  4199.947014  11.002634
  17    16  15100.382017  106.247693
  17    19  13500.341646  94.015109
  18     7  15352.422445  2.277850
  18    16  14490.747829  3.661372
  18    20  13629.638042  4.345274
  19    15  20456.285504  11.757492
  19    17  13500.341646  94.015109
  19    20  9725.501421  46.843071
  20    18  13661.066751  4.348415
  20    19  9728.817923  46.983916
  20    21  6198.943171  16.147109
  20    22  7574.639317  23.589765
  21    20  6137.436699  15.752329
  21    22  8897.964477  14.454995
  21    24  10282.423797  46.821407
  22    15  18799.444836  36.225275
  22    20  7570.891001  23.590647
  22    21  8911.847652  14.538053
  22    23  9783.937848  47.940186
  23    14  8936.294098  36.291961
  23    22  9723.776461  47.685208
  23    24  8438.680107  13.520930
  24    13  11557.895102  83.562085
  24    21  10207.034149  45.538171
  24    23  8394.604503  13.309801
