<METADATA>
<File Name> ./SiouxFalls/SiouxFalls_MIX_0.50_0.10_1.25_flow.txt
<Number of Links> 76
<theta | lambda> 0.500000 | 0.000000
<stoch | determ> 0.100000 | 0.900000
<distant tolerance> 1.250000
<optimal objective> 2665155.920689
<system cost> 10007526.073005

<LINKS>
~ Init node | Term node | Flow | Cost
   1     2  3996.172345  6.000510
   1     3  7215.575349  4.005421
   2     1  4009.857837  6.000517
   2     6  5901.152329  6.504940
   3     1  7201.889857  4.005380
   3     4  12911.590599  4.194544
   3    12  8390.382334  4.009912
   4     3  12860.558575  4.191486
   4     5  18879.834014  2.381166
   4    11  6893.603728  9.500394
   5     4  18682.972170  2.365515
   5     6  10333.055203  15.411667
   5     9  14689.820485  8.492426
   6     2  5914.837821  6.518949
   6     5  10058.434147  14.246029
   6     8  13769.730181  20.730072
   7     8  13087.375233  6.491059
   7    18  17088.846010  2.085281
   8     6  13508.794616  19.350185
   8     7  13400.834955  6.837730
   8     9  4461.186445  10.913400
   8    16  7970.841700  9.670357
   9     5  14767.579697  8.566963
   9     8  4392.710893  10.858598
   9    10  21249.379156  5.446618
  10     9  21358.662816  5.497339
  10    11  17998.645140  12.870830
  10    15  24708.527776  16.063551
  10    16  14670.145085  54.022039
  10    17  4155.232437  8.575359
  11     4  7139.433549  10.027047
  11    10  17733.186614  12.416661
  11    12  8723.702442  14.977080
  11    14  9978.045013  14.517129
  12     3  8427.728866  4.010090
  12    11  8724.184902  14.979066
  12    13  12561.276243  3.024896
  13    12  12699.105234  3.026007
  13    24  11962.716297  22.288188
  14    11  10057.933849  14.858016
  14    15  9193.515535  12.750972
  14    23  9039.950715  10.811840
  15    10  24892.199884  16.366136
  15    14  9242.244402  12.916615
  15    19  20875.439662  4.899077
  15    22  19051.169323  9.981720
  16     8  8091.841409  9.960470
  16    10  14760.146392  55.260922
  16    17  14579.917483  20.120269
  16    18  14663.037686  3.138681
  17    10  4156.301208  8.575951
  17    16  14584.749108  20.144300
  17    19  13479.708667  20.290762
  18     7  16775.386288  2.079194
  18    16  14869.207077  3.146647
  18    20  15270.826078  4.108763
  19    15  20940.210887  4.922756
  19    17  13485.609063  20.322808
  19    20  9774.876976  12.746025
  20    18  15063.535748  4.102976
  20    19  9845.548596  13.001714
  20    21  6636.549889  8.663422
  20    22  7626.225763  8.822232
  21    20  6534.698529  8.503645
  21    22  9014.702146  4.648195
  21    24  10102.464398  11.228798
  22    15  19118.799073  10.081387
  22    20  7491.458414  8.559131
  22    21  9026.016089  4.661514
  22    23  9551.129354  11.988958
  23    14  9071.110683  10.906246
  23    22  9495.305697  11.803816
  23    24  8731.127314  4.620945
  24    13  12000.545289  22.520614
  24    21  9989.299095  10.866239
  24    23  8706.463625  4.591455
