<METADATA>
<File Name> ./SiouxFalls/SiouxFalls_MIX_0.20_1.00_0.50_0.50_1.15_flow.txt
<Number of Links> 76
<theta | lambda> 0.200000 | 1.000000
<stoch | determ> 0.500000 | 0.500000
<distant tolerance> 1.150000
<optimal objective> 8141976.697189
<system cost> 7461054.449909

<LINKS>
~ Init node | Term node | Flow | Cost
   1     2  6324.491140  6.003200
   1     3  9745.514562  4.018041
   2     1  6335.861959  6.003223
   2     6  6731.114433  7.547532
   3     1  9734.143743  4.017956
   3     4  16700.655097  4.544543
   3    12  13877.020949  4.074168
   4     3  16696.871681  4.544050
   4     5  18780.096394  2.373175
   4    11  6848.817464  9.410312
   5     4  18828.725511  2.377055
   5     6  7170.413707  6.646129
   5     9  16917.681946  11.143625
   6     2  6742.485251  7.564790
   6     5  7178.657766  6.658319
   6     8  12531.287841  14.847557
   7     8  13572.886019  7.038646
   7    18  16065.965199  2.066623
   8     6  12550.902719  14.928186
   8     7  13538.143088  6.997453
   8     9  7609.278265  17.730955
   8    16  8127.242159  10.047847
   9     5  16958.067004  11.202498
   9     8  7582.374113  17.622196
   9    10  21876.613772  5.748537
  10     9  21990.094679  5.806013
  10    11  17527.742938  12.078891
  10    15  23029.770361  13.594902
  10    16  10900.148822  19.245914
  10    17  8471.885324  17.942088
  11     4  6896.404930  9.506087
  11    10  17434.205290  11.928989
  11    12  7283.828261  10.362852
  11    14  9323.401578  12.017020
  12     3  13869.433547  4.074006
  12    11  7300.714166  10.403450
  12    13  14775.109410  3.047657
  13    12  14884.407913  3.049082
  13    24  10688.970721  15.657220
  14    11  9360.565491  12.145612
  14    15  8943.533752  11.941708
  14    23  8135.265280  8.467731
  15    10  23112.728255  13.704929
  15    14  8990.258910  12.087916
  15    19  18104.134090  4.074264
  15    22  17214.932671  7.654759
  16     8  8139.018257  10.077167
  16    10  10914.956497  19.328928
  16    17  11593.265177  9.243817
  16    18  19146.515428  3.403163
  17    10  8481.138308  17.985594
  17    16  11557.233176  9.154180
  17    19  8980.205392  5.602922
  18     7  16100.708130  2.067202
  18    16  19209.131202  3.408462
  18    20  20766.536043  4.371951
  19    15  18139.105789  4.082589
  19    17  8953.426376  5.560138
  19    20  9228.797136  10.949378
  20    18  20763.894749  4.371762
  20    19  9236.989819  10.974087
  20    21  6481.949828  8.423780
  20    22  7323.388632  8.250325
  21    20  6387.594803  8.285704
  21    22  8456.848322  4.051061
  21    24  9762.230526  10.175023
  22    15  17209.644024  7.649041
  22    20  7323.295045  8.250159
  22    21  8431.169270  4.026262
  22    23  9326.161434  11.262447
  23    14  8125.704036  8.446765
  23    22  9295.100148  11.166177
  23    24  7950.883166  3.802345
  24    13  10698.269224  15.697837
  24    21  9693.554554  9.975243
  24    23  7910.260635  3.765793
