<METADATA>
<File Name> ./SiouxFalls/SiouxFalls_MIX_0.20_1.00_0.00_1.00_10.00_flow.txt
<Number of Links> 76
<theta | lambda> 0.200000 | 1.000000
<stoch | determ> 0.000000 | 1.000000
<distant tolerance> 10.000000
<optimal objective> 1441306.794948
<system cost> 7206533.974738

<LINKS>
~ Init node | Term node | Flow | Cost
   1     2  7563.676430  6.006546
   1     3  11208.560785  4.031567
   2     1  7608.275657  6.006702
   2     6  6585.190733  7.333701
   3     1  11163.961558  4.031067
   3     4  17522.010085  4.659833
   3    12  14166.534964  4.080554
   4     3  17506.737684  4.657535
   4     5  18959.850299  2.387669
   4    11  6162.097600  8.234838
   5     4  19048.264783  2.394951
   5     6  6965.894260  6.356902
   5     9  16901.353113  11.119940
   6     2  6629.789961  7.397568
   6     5  6983.978342  6.381473
   6     8  12527.161587  14.830644
   7     8  13267.175544  6.686896
   7    18  16432.601954  2.072916
   8     6  12589.844896  15.089385
   8     7  13182.329330  6.593483
   8     9  7555.001327  17.512725
   8    16  7960.950652  9.647218
   9     5  16971.683515  11.222443
   9     8  7516.945029  17.362491
   9    10  21677.013762  5.649592
  10     9  21809.287867  5.714858
  10    11  17493.550087  12.023815
  10    15  23406.144998  14.103700
  10    16  10677.997106  18.040512
  10    17  8311.093177  17.208522
  11     4  6158.410715  8.229494
  11    10  17420.359266  11.907004
  11    12  7338.424084  10.495137
  11    14  9475.662623  12.553695
  12     3  14137.208137  4.079889
  12    11  7351.017369  10.526072
  12    13  15378.759962  3.055935
  13    12  15462.026421  3.057157
  13    24  10585.948057  15.214257
  14    11  9486.191633  12.591776
  14    15  8908.957979  11.834982
  14    23  7726.002131  7.634289
  15    10  23428.224192  14.134320
  15    14  8954.886467  11.977022
  15    19  18274.656368  4.115313
  15    22  16488.810805  6.917718
  16     8  7976.844045  9.684441
  16    10  10738.804388  18.363077
  16    17  10608.898200  7.079553
  16    18  18634.695406  3.361752
  17    10  8333.671625  17.308996
  17    16  10513.096497  6.898544
  17    19  8207.205073  4.513570
  18     7  16517.448169  2.074434
  18    16  18807.197783  3.375334
  18    20  20717.185544  4.368428
  19    15  18453.197346  4.159542
  19    17  8133.981819  4.425060
  19    20  8584.454739  9.202551
  20    18  20874.534135  4.379749
  20    19  8689.772464  9.462597
  20    21  6502.784546  8.455093
  20    22  7103.955704  7.877925
  21    20  6281.002145  8.136910
  21    22  8074.055671  3.704164
  21    24  9821.743006  10.351591
  22    15  16278.277509  6.721428
  22    20  7488.404421  8.553331
  22    21  7906.445488  3.567002
  22    23  9269.153956  11.086497
  23    14  7690.602654  7.568138
  23    22  9275.459195  11.105799
  23    24  7712.291136  3.595549
  24    13  10569.214515  15.143518
  24    21  9767.570787  10.190736
  24    23  7683.196896  3.571609
