<METADATA>
<File Name> ./SiouxFalls/SiouxFalls_MIX_0.10_0.30_1.15_flow.txt
<Number of Links> 76
<theta | lambda> 0.100000 | 0.000000
<stoch | determ> 0.300000 | 0.700000
<distant tolerance> 1.150000
<optimal objective> 8835978.342172
<system cost> 10593706.102227

<LINKS>
~ Init node | Term node | Flow | Cost
   1     2  4484.311898  6.000809
   1     3  7694.687235  4.007011
   2     1  4570.014885  6.000872
   2     6  6239.508388  6.880933
   3     1  7608.984249  4.006704
   3     4  14926.123703  4.347445
   3    12  10439.271109  4.023753
   4     3  14872.004615  4.342433
   4     5  19599.190749  2.442664
   4    11  7838.392470  11.851130
   5     4  20171.211389  2.496649
   5     6  10093.246711  14.388615
   5     9  15144.753802  8.945573
   6     2  6325.211375  6.986424
   6     5  10044.863879  14.190847
   6     8  13562.733976  19.628960
   7     8  14051.380506  7.638985
   7    18  16675.065473  2.077316
   8     6  13600.054130  19.823799
   8     7  13995.822349  7.566050
   8     9  7633.385169  17.829391
   8    16  9279.073102  13.577323
   9     5  15765.157275  9.632917
   9     8  7584.424759  17.630445
   9    10  21906.908362  5.763794
  10     9  22578.351425  6.118532
  10    11  16969.581320  11.219361
  10    15  23223.722502  13.854004
  10    16  15022.509397  59.003926
  10    17  4744.545542  8.977993
  11     4  7312.252742  10.431354
  11    10  17496.187431  12.028052
  11    12  8062.706461  12.550208
  11    14  11073.789764  19.955135
  12     3  10407.687211  4.023466
  12    11  8155.735838  12.857792
  12    13  12524.000595  3.024602
  13    12  12685.446074  3.025895
  13    24  11417.439928  19.174920
  14    11  11081.226770  19.998039
  14    15  8499.116628  10.661414
  14    23  8138.367528  8.474550
  15    10  23238.936029  13.874604
  15    14  8536.426059  10.761480
  15    19  20343.380866  4.712744
  15    22  20014.299687  11.504278
  16     8  9309.795508  13.691484
  16    10  15072.163151  59.734756
  16    17  15423.018557  24.689342
  16    18  16188.175393  3.206022
  17    10  4724.515213  8.961582
  17    16  15464.089572  24.931993
  17    19  12783.310591  16.793915
  18     7  16730.623630  2.078352
  18    16  16227.480538  3.208030
  18    20  17630.885670  4.193253
  19    15  20250.157540  4.681565
  19    17  12804.351277  16.891556
  19    20  10154.568655  14.186182
  20    18  17625.748971  4.193028
  20    19  10082.386015  13.899626
  20    21  6478.820035  8.419102
  20    22  7618.735347  8.807238
  21    20  6547.321644  8.523046
  21    22  8904.516020  4.521074
  21    24  10518.301477  12.669623
  22    15  20060.045972  11.582298
  22    20  7372.914399  8.339144
  22    21  9009.464667  4.642046
  22    23  10135.862661  14.132441
  23    14  8108.495102  8.409214
  23    22  10040.736646  13.757387
  23    24  8460.192555  4.310455
  24    13  11478.885407  19.504235
  24    21  10481.854438  12.536293
  24    23  8335.194115  4.176905
