<METADATA>
<File Name> ./SiouxFalls/SiouxFalls_MIX_0.50_0.30_1.50_flow.txt
<Number of Links> 76
<theta | lambda> 0.500000 | 0.000000
<stoch | determ> 0.300000 | 0.700000
<distant tolerance> 1.500000
<optimal objective> 3482582.908690
<system cost> 7364402.636151

<LINKS>
~ Init node | Term node | Flow | Cost
   1     2  6193.700592  6.002943
   1     3  9816.010881  4.018568
   2     1  6198.835576  6.002953
   2     6  6553.219652  7.288710
   3     1  9810.875897  4.018529
   3     4  15798.547127  4.436080
   3    12  12516.220402  4.049082
   4     3  15805.033079  4.436797
   4     5  18776.554706  2.372894
   4    11  6332.027691  8.491741
   5     4  18866.739913  2.380109
   5     6  7585.339729  7.313861
   5     9  16628.468781  10.734167
   6     2  6558.354637  7.295892
   6     5  7603.468726  7.345655
   6     8  12797.197704  15.973244
   7     8  12974.240476  6.371900
   7    18  15269.928566  2.054369
   8     6  12820.461685  16.075129
   8     7  12928.915464  6.325028
   8     9  6750.538624  14.788649
   8    16  7709.519771  9.087358
   9     5  16700.524992  10.834206
   9     8  6707.929239  14.668885
   9    10  21992.088560  5.807031
  10     9  22121.535386  5.873706
  10    11  17474.607752  11.993442
  10    15  23592.622125  14.365051
  10    16  10823.669882  18.822515
  10    17  8134.718131  16.451374
  11     4  6348.328436  8.517499
  11    10  17374.342662  11.834312
  11    12  8131.299731  12.775972
  11    14  9590.375426  12.975483
  12     3  12504.599466  4.048900
  12    11  8137.330942  12.796098
  12    13  14722.944240  3.046987
  13    12  14817.354514  3.048204
  13    24  10859.452924  16.418903
  14    11  9600.379869  13.012993
  14    15  8942.668309  11.939021
  14    23  8003.244644  8.184702
  15    10  23619.294808  14.402944
  15    14  9018.942134  12.178805
  15    19  18568.409891  4.188773
  15    22  17138.339897  7.572470
  16     8  7730.068123  9.131109
  16    10  10922.790150  19.372982
  16    17  11655.743926  9.401238
  16    18  15522.801677  3.174181
  17    10  8138.637097  16.467672
  17    16  11621.328093  9.314210
  17    19  9660.181531  6.824484
  18     7  15315.253579  2.055017
  18    16  15676.886131  3.181201
  18    20  18915.413389  4.256031
  19    15  18776.058303  4.242847
  19    17  9629.684664  6.763849
  19    20  8611.792079  9.269139
  20    18  19014.822855  4.261456
  20    19  8788.943624  9.716263
  20    21  6374.751204  8.267376
  20    22  7138.203936  7.933825
  21    20  6288.118732  8.146612
  21    22  8326.204676  3.927226
  21    24  9818.242083  10.341115
  22    15  16933.637993  7.357897
  22    20  7401.397418  8.391043
  22    21  8302.609192  3.905473
  22    23  9270.405556  11.090325
  23    14  7936.975263  8.047811
  23    22  9305.301651  11.197689
  23    24  8059.196517  3.902583
  24    13  10853.863198  16.393353
  24    21  9755.205095  10.154392
  24    23  8027.823231  3.873129
