<METADATA>
<File Name> ./SiouxFalls/SiouxFalls_MLT_0.20_1.00_0.50_0.50_1.20_flow.txt
<Number of Links> 76
<theta | lambda> 0.200000 | 1.000000
<stoch | determ> 0.500000 | 0.500000
<distant tolerance> 1.200000
<optimal objective> 8416097.124721
<system cost> 8368225.038514

<LINKS>
~ Init node | Term node | Flow | Cost
   1     2  4316.616980  6.000694
   1     3  7698.573843  4.007025
   2     1  4323.466417  6.000699
   2     6  5765.723366  6.371472
   3     1  7691.724407  4.007000
   3     4  15208.028432  4.374446
   3    12  10548.792742  4.024765
   4     3  15229.982293  4.376613
   4     5  19463.194228  2.430505
   4    11  6971.372105  9.661042
   5     4  19522.069246  2.435737
   5     6  9268.495817  11.387051
   5     9  16346.946343  10.355596
   6     2  5772.572803  6.378001
   6     5  9286.533478  11.444724
   6     8  12636.040014  15.282557
   7     8  13537.121642  6.996247
   7    18  16063.925253  2.066590
   8     6  12660.927110  15.387508
   8     7  13539.136107  6.998626
   8     9  7296.603247  16.536454
   8    16  8384.616457  10.718290
   9     5  16387.783701  10.409314
   9     8  7291.253982  16.517307
   9    10  22324.467912  5.980614
  10     9  22459.956006  6.053633
  10    11  17520.439587  12.067100
  10    15  23455.763489  14.172634
  10    16  11819.218199  25.075542
  10    17  6779.266668  12.076507
  11     4  7034.450948  9.795356
  11    10  17359.078242  11.810326
  11    12  7971.764209  12.259642
  11    14  10204.667687  15.505642
  12     3  10519.989444  4.024496
  12    11  7978.700034  12.281455
  12    13  12959.865300  3.028210
  13    12  13037.997827  3.028896
  13    24  11422.716720  19.202993
  14    11  10199.449360  15.482125
  14    15  9247.153594  12.933449
  14    23  8793.958227  10.100111
  15    10  23507.686304  14.245240
  15    14  9234.610627  12.890492
  15    19  19240.216726  4.370376
  15    22  18900.070686  9.762847
  16     8  8416.867284  10.806779
  16    10  11849.676350  25.293630
  16    17  13733.185781  16.263613
  16    18  16055.636502  3.199357
  17    10  6893.735140  12.358888
  17    16  13660.409385  15.963659
  17    19  11123.878304  10.482711
  18     7  16061.910787  2.066556
  18    16  16191.121876  3.206172
  18    20  17629.307349  4.193184
  19    15  19161.050573  4.347961
  19    17  11165.570380  10.610600
  19    20  9621.954317  12.211428
  20    18  17662.778257  4.194655
  20    19  9584.480240  12.084251
  20    21  6932.298753  9.170879
  20    22  7505.679963  8.586234
  21    20  6835.451583  8.997363
  21    22  9431.794177  5.173377
  21    24  9833.495300  10.386841
  22    15  18918.616687  9.789431
  22    20  7498.523964  8.572577
  22    21  9385.573056  5.111627
  22    23  9507.179939  11.842925
  23    14  8801.282867  10.120460
  23    22  9472.348821  11.728620
  23    24  8702.878302  4.587189
  24    13  11400.849248  19.086909
  24    21  9782.869250  10.235892
  24    23  8675.371824  4.554635
