<METADATA>
<File Name> ./SiouxFalls/SiouxFalls_MIX_0.02_0.20_1.40_flow.txt
<Number of Links> 76
<theta | lambda> 0.020000 | 0.000000
<stoch | determ> 0.200000 | 0.800000
<distant tolerance> 1.400000
<optimal objective> 19170920.905322
<system cost> 8498572.778839

<LINKS>
~ Init node | Term node | Flow | Cost
   1     2  6272.013590  6.003095
   1     3  10216.789638  4.021792
   2     1  6295.124851  6.003141
   2     6  7529.108784  8.987917
   3     1  10193.678377  4.021595
   3     4  14274.841487  4.290659
   3    12  11134.468605  4.030740
   4     3  14246.617577  4.288367
   4     5  18666.157959  2.364201
   4    11  6525.211663  8.810025
   5     4  18735.331332  2.369630
   5     6  8128.530160  8.370007
   5     9  16811.087659  10.990244
   6     2  7552.220045  9.037108
   6     5  8160.076035  8.438241
   6     8  12874.242515  16.312796
   7     8  14919.448523  8.896008
   7    18  17820.249256  2.100845
   8     6  12928.899651  16.557406
   8     7  14858.165894  8.799730
   8     9  7143.156730  16.003714
   8    16  8735.242413  11.736483
   9     5  16848.715157  11.044055
   9     8  7142.973059  16.003097
   9    10  22168.759983  5.898323
  10     9  22306.203810  5.970872
  10    11  17743.431720  12.433815
  10    15  23602.589698  14.379197
  10    16  11764.661222  24.689093
  10    17  8655.047758  18.830168
  11     4  6527.814379  8.814511
  11    10  17630.335857  12.246088
  11    12  8922.108575  15.822040
  11    14  9575.821157  12.921122
  12     3  11139.581255  4.030797
  12    11  8918.123875  15.804506
  12    13  14115.694363  3.039702
  13    12  14216.822312  3.040852
  13    24  10895.083241  16.582695
  14    11  9569.312711  12.896893
  14    15  9088.331374  12.402294
  14    23  8213.858384  8.642897
  15    10  23669.169628  14.474144
  15    14  9104.743053  12.455908
  15    19  19402.692287  4.417255
  15    22  17328.860366  7.779207
  16     8  8728.800591  11.716633
  16    10  11803.366133  24.962703
  16    17  11824.408955  9.839027
  16    18  15710.263216  3.182749
  17    10  8700.302606  19.058462
  17    16  11815.349244  9.815030
  17    19  11653.502256  12.217288
  18     7  17881.531885  2.102240
  18    16  15751.586016  3.184679
  18    20  17459.213681  4.185836
  19    15  19406.091622  4.418248
  19    17  11689.697393  12.344818
  19    20  10126.443680  14.073800
  20    18  17461.819111  4.185946
  20    19  10166.038153  14.232281
  20    21  7602.848898  10.587499
  20    22  8834.350677  11.882988
  21    20  7567.092513  10.501805
  21    22  8869.017819  4.481113
  21    24  9922.001383  10.656393
  22    15  17308.452641  7.756734
  22    20  8812.306964  11.814546
  22    21  8878.599541  4.491852
  22    23  9462.532682  11.696633
  23    14  8190.938258  8.591291
  23    22  9429.662964  11.590247
  23    24  8518.712284  4.375048
  24    13  10896.211191  16.587906
  24    21  9876.663277  10.517407
  24    23  8462.922441  4.313439
