<METADATA>
<File Name> ./SiouxFalls/SiouxFalls_MIX_0.20_1.00_0.00_flow.txt
<Number of Links> 76
<theta | lambda> 0.200000 | 0.000000
<stoch | determ> 1.000000 | 0.000000
<distant tolerance> 0.000000
<optimal objective> 16135693.659744
<system cost> 7887864.923330

<LINKS>
~ Init node | Term node | Flow | Cost
   1     2  6072.501812  6.002720
   1     3  9829.141847  4.018668
   2     1  6151.270500  6.002863
   2     6  6397.210662  7.078425
   3     1  9750.373159  4.018077
   3     4  16002.845477  4.459078
   3    12  13317.370542  4.062908
   4     3  15920.149514  4.449662
   4     5  18672.447557  2.364692
   4    11  7484.093422  10.862823
   5     4  18664.452160  2.364068
   5     6  7565.085033  7.278607
   5     9  16449.625538  10.491428
   6     2  6475.979350  7.182698
   6     5  7515.592844  7.193648
   6     8  12320.712841  14.005522
   7     8  13405.588459  6.843178
   7    18  15954.936261  2.064801
   8     6  12349.989340  14.120040
   8     7  13409.425574  6.847580
   8     9  7547.505109  17.482952
   8    16  8369.317769  10.676669
   9     5  16491.122331  10.547050
   9     8  7520.001208  17.374472
   9    10  22150.574450  5.888825
  10     9  22264.567343  5.948752
  10    11  18233.066001  13.288961
  10    15  22740.852113  13.220890
  10    16  10948.155417  19.516279
  10    17  8599.131612  18.552994
  11     4  7509.392855  10.928911
  11    10  18045.768207  12.953582
  11    12  8108.628214  12.700717
  11    14  9819.801679  13.865662
  12     3  13321.297817  4.062982
  12    11  8086.459469  12.627738
  12    13  14321.394819  3.042067
  13    12  14403.153348  3.043036
  13    24  10729.003966  15.832842
  14    11  9779.972063  13.706571
  14    15  9183.131881  12.716014
  14    23  8504.499818  9.335748
  15    10  22853.108768  13.364528
  15    14  9283.026991  13.057275
  15    19  18275.099929  4.115422
  15    22  17616.790816  8.104851
  16     8  8429.935283  10.842925
  16    10  11004.469283  19.837994
  16    17  12169.343244  10.794536
  16    18  20508.186555  3.530677
  17    10  8631.851777  18.714532
  17    16  12146.499001  10.728686
  17    19  10058.497448  7.670772
  18     7  15951.099146  2.064738
  18    16  20647.962179  3.545293
  18    20  19162.746424  4.269688
  19    15  18246.677464  4.108499
  19    17  10068.373370  7.693076
  19    20  9362.664588  11.361450
  20    18  19198.684933  4.271716
  20    19  9344.118045  11.303294
  20    21  7500.448876  10.345298
  20    22  7572.997833  8.716634
  21    20  7479.183250  10.296227
  21    22  9765.770191  5.647291
  21    24  9455.309147  9.314370
  22    15  17757.365046  8.269749
  22    20  7511.655425  8.597668
  22    21  9768.996410  5.652113
  22    23  9359.215436  11.365954
  23    14  8364.775092  8.993640
  23    22  9441.673477  11.628992
  23    24  9050.536328  5.026034
  24    13  10710.762496  15.752575
  24    21  9430.817303  9.249200
  24    23  8993.269643  4.950170
