<METADATA>
<File Name> ./SiouxFalls/SiouxFalls_MIX_0.20_1.00_0.50_0.50_1.40_flow.txt
<Number of Links> 76
<theta | lambda> 0.200000 | 1.000000
<stoch | determ> 0.500000 | 0.500000
<distant tolerance> 1.400000
<optimal objective> 8156614.779677
<system cost> 7448733.363710

<LINKS>
~ Init node | Term node | Flow | Cost
   1     2  6914.957330  6.004573
   1     3  10315.349786  4.022645
   2     1  6926.341244  6.004603
   2     6  6907.362036  7.825014
   3     1  10303.965871  4.022545
   3     4  16594.726312  4.530858
   3    12  13986.181751  4.076529
   4     3  16554.206573  4.525692
   4     5  18645.809990  2.362615
   4    11  6996.077944  9.713216
   5     4  18732.517995  2.369408
   5     6  7379.995048  6.969329
   5     9  16908.711288  11.130604
   6     2  6918.745950  7.843684
   6     5  7388.242292  6.982625
   6     8  12451.972867  14.525365
   7     8  13520.517991  6.976677
   7    18  15514.190072  2.057932
   8     6  12471.604026  14.604539
   8     7  13488.624714  6.939287
   8     9  7589.831156  17.652226
   8    16  8092.226095  9.961413
   9     5  16987.172049  11.245189
   9     8  7571.204624  17.577383
   9    10  22200.077769  5.914736
  10     9  22359.911997  5.999588
  10    11  17527.155816  12.077943
  10    15  23291.665345  13.946318
  10    16  10942.814710  19.486024
  10    17  8109.360735  16.346488
  11     4  6968.850201  9.655748
  11    10  17419.473789  11.905600
  11    12  7366.659844  10.564720
  11    14  9424.020922  12.368745
  12     3  14015.317575  4.077169
  12    11  7332.709247  10.481151
  12    13  14958.089717  3.050062
  13    12  15053.274944  3.051348
  13    24  10742.038584  15.890450
  14    11  9423.061748  12.365339
  14    15  8962.867663  12.001929
  14    23  8091.630479  8.372646
  15    10  23251.186657  13.891222
  15    14  8974.503253  12.038359
  15    19  18453.588620  4.159640
  15    22  17121.166123  7.554170
  16     8  8098.590510  9.977040
  16    10  10926.871025  19.395969
  16    17  11205.910824  8.323143
  16    18  18668.326264  3.364370
  17    10  8333.299365  17.307333
  17    16  11086.780915  8.058516
  17    19  8918.920805  5.505573
  18     7  15546.083348  2.058410
  18    16  18777.876903  3.372999
  18    20  20242.132188  4.335780
  19    15  18358.086033  4.135820
  19    17  9023.729526  5.673280
  19    20  9134.146657  10.668642
  20    18  20283.576103  4.338539
  20    19  9143.452790  10.695861
  20    21  6437.112632  8.357409
  20    22  7271.188705  8.158640
  21    20  6420.159380  8.332673
  21    22  8321.339111  3.922725
  21    24  9836.871818  10.396992
  22    15  17087.825612  7.518800
  22    20  7238.892005  8.102893
  22    21  8343.605119  3.943387
  22    23  9321.211957  11.247042
  23    14  8079.035715  8.345485
  23    22  9277.840754  11.113100
  23    24  8091.221391  3.933005
  24    13  10737.223810  15.869146
  24    21  9797.652558  10.279729
  24    23  8035.255424  3.880075
