<METADATA>
<File Name> ./SiouxFalls/SiouxFalls_MIX_0.50_0.10_1.40_flow.txt
<Number of Links> 76
<theta | lambda> 0.500000 | 0.000000
<stoch | determ> 0.100000 | 0.900000
<distant tolerance> 1.400000
<optimal objective> 2206286.491027
<system cost> 7902904.774975

<LINKS>
~ Init node | Term node | Flow | Cost
   1     2  6010.548486  6.002610
   1     3  9942.424609  4.019543
   2     1  6036.470364  6.002656
   2     6  7441.884124  8.806303
   3     1  9916.502731  4.019340
   3     4  13238.440079  4.215003
   3    12  10219.357881  4.021813
   4     3  13226.350508  4.214219
   4     5  17161.636105  2.260229
   4    11  5705.993645  7.643073
   5     4  17227.964486  2.264276
   5     6  8132.063775  8.377611
   5     9  15565.591335  9.402747
   6     2  7467.806002  8.859614
   6     5  8154.665765  8.426482
   6     8  13112.445086  17.401835
   7     8  13543.492943  7.003775
   7    18  16625.235600  2.076396
   8     6  13160.968954  17.631087
   8     7  13503.707858  6.956937
   8     9  4672.416870  11.099071
   8    16  8026.393103  9.801922
   9     5  15609.317727  9.452428
   9     8  4654.715855  11.082510
   9    10  20884.185292  5.282713
  10     9  21010.210668  5.338314
  10    11  17797.229621  12.524383
  10    15  24067.453515  15.059085
  10    16  11465.714490  22.665011
  10    17  8553.753109  18.331994
  11     4  5727.575692  7.668073
  11    10  17692.699087  12.349159
  11    12  9041.018024  16.356215
  11    14  9759.504474  13.625570
  12     3  10205.525574  4.021696
  12    11  9047.178402  16.384470
  12    13  13655.532353  3.034772
  13    12  13747.860424  3.035722
  13    24  11104.102483  17.576421
  14    11  9770.395609  13.668609
  14    15  9111.424301  12.477817
  14    23  8462.215239  9.230419
  15    10  24147.312764  15.179922
  15    14  9121.931408  12.512370
  15    19  19069.526257  4.322390
  15    22  17919.358163  8.464692
  16     8  8052.832901  9.865507
  16    10  11491.600662  22.834143
  16    17  11233.534747  8.385723
  16    18  15262.641728  3.162795
  17    10  8578.563599  18.452390
  17    16  11212.181213  8.337308
  17    19  11748.906187  12.556003
  18     7  16665.020685  2.077130
  18    16  15336.321232  3.165961
  18    20  16719.302731  4.156280
  19    15  19110.097146  4.333680
  19    17  11752.363142  12.568432
  19    20  9380.501702  11.417709
  20    18  16732.767320  4.156784
  20    19  9424.529547  11.557954
  20    21  6494.838800  8.443116
  20    22  7442.108619  8.466271
  21    20  6404.592875  8.310131
  21    22  8419.863226  4.015415
  21    24  9948.160124  10.737455
  22    15  17869.153630  8.403707
  22    20  7489.846977  8.556069
  22    21  8371.954335  3.969934
  22    23  9463.597565  11.700099
  23    14  8462.599268  9.231368
  23    22  9413.222497  11.537451
  23    24  8147.267454  3.987122
  24    13  11096.430554  17.538940
  24    21  9905.823092  10.606579
  24    23  8097.276416  3.938797
