<METADATA>
<File Name> ./SiouxFalls/SiouxFalls_COL_1.0_1.0_0.0_1.0_10.0_flow.txt
<Number of Links> 76
<theta | lambda> 1.000000 | 1.000000
<stoch | determ> 0.000000 | 1.000000
<Optimal Objective> 7206533.978548
<System Cost> 7206533.978548

<LINKS>
~ Init node | Term node | Flow | Cost
   1     2  7563.676650  6.032913
   1     3  11208.560527  4.157370
   2     1  7608.275399  6.033363
   2     6  6585.190959  16.744491
   3     1  11163.961778  4.155928
   3     4  17522.009687  7.301724
   3    12  14166.535238  4.404307
   4     3  17506.738249  7.304509
   4     5  18959.849822  3.948616
   4    11  6162.097820  17.035673
   5     4  19048.265249  3.982396
   5     6  6965.893928  15.674765
   5     9  16901.352905  35.894391
   6     2  6629.789708  16.928996
   6     5  6983.978683  15.926674
   6     8  12527.161489  66.036960
   7     8  13267.175224  21.468234
   7    18  16432.601365  2.365145
   8     6  12589.844995  67.334302
   8     7  13182.328698  20.998608
   8     9  7555.001205  47.666981
   8    16  7960.951326  28.161857
   9     5  16971.683576  36.220703
   9     8  7516.945169  46.911175
   9    10  21677.013358  16.329831
  10     9  21809.287993  16.592936
  10    11  17493.550178  39.850560
  10    15  23406.144538  46.550189
  10    16  10677.997247  74.385291
  10    17  8311.093179  54.043625
  11     4  6158.410955  17.194223
  11    10  17420.360101  39.094958
  11    12  7338.423735  28.305800
  11    14  9475.662943  46.565372
  12     3  14137.207927  4.400958
  12    11  7351.017567  28.460245
  12    13  15378.759879  3.279640
  13    12  15462.026399  3.285740
  13    24  10585.948012  60.078816
  14    11  9486.192170  46.815659
  14    15  8908.957088  39.513132
  14    23  7726.002295  22.118032
  15    10  23428.223533  46.678151
  15    14  8954.886200  40.192626
  15    19  18274.656270  8.569373
  15    22  16488.810708  22.619843
  16     8  7976.844341  28.348290
  16    10  10738.804524  75.996907
  16    17  10608.898527  27.338751
  16    18  18634.694902  4.816052
  17    10  8333.671619  54.548092
  17    16  10513.096577  26.527938
  17    19  8207.205479  14.537653
  18     7  16517.447891  2.372774
  18    16  18807.197144  4.880150
  18    20  20717.185333  5.846290
  19    15  18453.197183  8.788115
  19    17  8133.981969  14.155770
  19    20  8584.454501  29.881854
  20    18  20874.534101  5.899462
  20    19  8689.771905  31.281252
  20    21  6502.784556  18.272430
  20    22  7103.955762  19.396461
  21    20  6281.002081  16.678388
  21    22  8074.055529  10.494202
  21    24  9821.743019  39.685044
  22    15  16278.277902  21.618084
  22    20  7488.404408  22.766197
  22    21  7906.445533  9.820367
  22    23  9269.153958  39.576236
  23    14  7690.602409  21.840328
  23    22  9275.459803  39.635318
  23    24  7712.291114  9.996802
  24    13  10569.214532  59.723627
  24    21  9767.570540  38.836120
  24    23  7683.197073  9.889963
