<METADATA>
<File Name> ./SiouxFalls/SiouxFalls_MLT_0.2_1.0_0.5_0.5_1.3_flow.txt
<Number of Links> 76
<theta | lambda> 0.200000 | 1.000000
<stoch | determ> 0.500000 | 0.500000
<Optimal Objective> 8334764.449961
<System Cost> 8055763.535455

<LINKS>
~ Init node | Term node | Flow | Cost
   1     2  4914.817909  6.005835
   1     3  8745.015974  4.058485
   2     1  4921.699869  6.005868
   2     6  6283.246758  14.671128
   3     1  8738.134014  4.058301
   3     4  15116.571773  5.827335
   3    12  11116.232333  4.152661
   4     3  15112.071085  5.825108
   4     5  18745.929775  3.852042
   4    11  6710.367887  21.713833
   5     4  18812.503102  3.878560
   5     6  8617.933474  31.596456
   5     9  16586.153348  33.380623
   6     2  6290.128718  14.713584
   6     5  8646.521624  31.967681
   6     8  12425.521961  64.080065
   7     8  13862.416989  24.991274
   7    18  15891.577323  2.319253
   8     6  12460.992070  64.797022
   8     7  13822.815410  24.742206
   8     9  7011.493997  37.865395
   8    16  8183.312769  30.890502
   9     5  16624.138525  33.640979
   9     8  6979.689746  37.361717
   9    10  22549.543659  18.513363
  10     9  22655.724585  18.807147
  10    11  17649.655558  41.334743
  10    15  23741.483453  48.939312
  10    16  11532.444853  99.530607
  10    17  7452.902170  37.774160
  11     4  6739.293873  21.983913
  11    10  17536.154422  40.494294
  11    12  8288.504641  42.576197
  11    14  9630.878377  49.513733
  12     3  11113.851061  4.152536
  12    11  8294.393073  42.680326
  12    13  13812.457735  3.181958
  13    12  13915.964896  3.187480
  13    24  11135.614993  72.667680
  14    11  9640.414794  49.890112
  14    15  9054.564872  41.326220
  14    23  8632.957467  32.457217
  15    10  23767.406425  49.052622
  15    14  9068.106039  41.979731
  15    19  18962.846967  9.465222
  15    22  18314.578774  32.750854
  16     8  8210.985551  31.249315
  16    10  11589.486214  101.420115
  16    17  13165.591823  62.238711
  16    18  15962.580894  3.974816
  17    10  7489.619899  38.364457
  17    16  13152.977970  62.009152
  17    19  10911.097544  41.260092
  18     7  15931.178902  2.322432
  18    16  16059.908890  3.998811
  18    20  17600.260639  4.959713
  19    15  18946.677882  9.443209
  19    17  10935.201420  41.608220
  19    20  9519.760219  43.340594
  20    18  17637.190214  4.967763
  20    19  9527.695011  43.472104
  20    21  6419.364676  17.662726
  20    22  7798.930331  25.901511
  21    20  6368.960771  17.299505
  21    22  8860.124454  14.310751
  21    24  9907.287391  41.291979
  22    15  18270.211997  32.570700
  22    20  7794.198602  25.851345
  22    21  8852.259863  14.400105
  22    23  9421.685975  41.400436
  23    14  8628.952717  32.187175
  23    22  9364.722879  41.139365
  23    24  8575.645138  14.106255
  24    13  11139.122153  72.756905
  24    21  9864.748077  40.274237
  24    23  8514.677292  13.898201
