<METADATA>
<File Name> ./SiouxFalls/SiouxFalls_COL_1.0_1.0_0.0_1.0_5.0_flow.txt
<Number of Links> 76
<theta | lambda> 1.000000 | 1.000000
<stoch | determ> 0.000000 | 1.000000
<Optimal Objective> 7209112.366235
<System Cost> 7209112.366235

<LINKS>
~ Init node | Term node | Flow | Cost
   1     2  7538.206876  6.032520
   1     3  11181.351911  4.155714
   2     1  7582.187912  6.032866
   2     6  6601.233869  16.880606
   3     1  11137.370875  4.154600
   3     4  17217.167053  7.077437
   3    12  14055.645974  4.392151
   4     3  17186.744041  7.072871
   4     5  18816.047963  3.892670
   4    11  6172.117158  17.070689
   5     4  18894.434603  3.920888
   5     6  7026.857845  16.061624
   5     9  16921.310970  36.121593
   6     2  6645.214905  17.025091
   6     5  7050.119650  16.392582
   6     8  12540.230895  66.274535
   7     8  13265.863379  21.470058
   7    18  16504.291006  2.371887
   8     6  12607.473736  67.672438
   8     7  13202.995937  21.129463
   8     9  7566.451249  47.925100
   8    16  7985.489831  28.430202
   9     5  16976.435803  36.285344
   9     8  7548.229039  47.590877
   9    10  21641.716380  16.261209
  10     9  21778.619004  16.521303
  10    11  17478.448907  39.946542
  10    15  23377.067280  46.247806
  10    16  10675.347318  73.936223
  10    17  8327.471203  54.409833
  11     4  6163.307507  17.242757
  11    10  17426.647497  39.025839
  11    12  7334.312115  28.209651
  11    14  9447.423770  46.548419
  12     3  14042.087951  4.390634
  12    11  7336.305278  28.233990
  12    13  15234.095359  3.269201
  13    12  15322.530499  3.275503
  13    24  10584.316587  60.046117
  14    11  9484.819546  46.647637
  14    15  8905.784105  39.304391
  14    23  7752.247850  22.567630
  15    10  23396.525659  46.612074
  15    14  8958.309669  40.107660
  15    19  18269.268623  8.580707
  15    22  16572.512959  22.915204
  16     8  8008.087441  28.698220
  16    10  10750.065167  75.912682
  16    17  10615.738507  27.388521
  16    18  18775.163385  4.867207
  17    10  8321.999010  54.287327
  17    16  10527.265358  26.670684
  17    19  8211.301832  14.554655
  18     7  16567.158447  2.377469
  18    16  18960.951992  4.936990
  18    20  20743.410471  5.851568
  19    15  18488.545364  8.850831
  19    17  8117.356489  14.064458
  19    20  8568.970889  29.855332
  20    18  20892.066520  5.900136
  20    19  8694.302288  31.535533
  20    21  6520.481975  18.418474
  20    22  7082.579428  19.224918
  21    20  6281.139990  16.677660
  21    22  8076.294796  10.496470
  21    24  9818.999863  39.561326
  22    15  16325.220161  21.910788
  22    20  7495.908861  22.837774
  22    21  7901.968770  9.775781
  22    23  9269.707102  39.350124
  23    14  7737.118060  22.129465
  23    22  9261.417711  39.697820
  23    24  7719.845973  10.051033
  24    13  10572.751727  59.800291
  24    21  9753.983904  38.604228
  24    23  7696.426793  9.953399
