<METADATA>
<File Name> ./SiouxFalls/SiouxFalls_MLT_0.20_1.00_0.50_0.50_1.10_flow.txt
<Number of Links> 76
<theta | lambda> 0.200000 | 1.000000
<stoch | determ> 0.500000 | 0.500000
<distant tolerance> 1.100000
<optimal objective> 8792269.261665
<system cost> 9636577.735314

<LINKS>
~ Init node | Term node | Flow | Cost
   1     2  4506.689420  6.000825
   1     3  7565.266730  4.006551
   2     1  4515.102371  6.000831
   2     6  6071.161860  6.686006
   3     1  7556.853780  4.006522
   3     4  14934.230134  4.348201
   3    12  10529.532310  4.024585
   4     3  14933.707203  4.348152
   4     5  19633.771451  2.445796
   4    11  6849.587811  9.411846
   5     4  19679.188275  2.449935
   5     6  9709.179753  12.895375
   5     9  16115.572472  10.058762
   6     2  6079.574810  6.695370
   6     5  9725.314580  12.954652
   6     8  13107.198754  17.377200
   7     8  14090.247989  7.690526
   7    18  15613.940708  2.059436
   8     6  13131.746531  17.492721
   8     7  14034.034797  7.616121
   8     9  8192.833540  20.389528
   8    16  8804.306520  11.952067
   9     5  16144.854470  10.095629
   9     8  8159.827903  20.223116
   9    10  23015.167428  6.366959
  10     9  23111.443788  6.423652
  10    11  16582.540065  10.671076
  10    15  22904.770988  13.431348
  10    16  13548.301419  40.388416
  10    17  5674.951253  10.001732
  11     4  6903.648056  9.520840
  11    10  16432.144640  10.468123
  11    12  8175.867438  12.925754
  11    14  10939.714774  19.196353
  12     3  10521.642291  4.024511
  12    11  8177.850619  12.932476
  12    13  13330.556388  3.031579
  13    12  13424.649550  3.032480
  13    24  11339.815239  18.766425
  14    11  10941.396413  19.205699
  14    15  8934.863007  11.914827
  14    23  8617.792054  9.625799
  15    10  23007.500094  13.565567
  15    14  8937.037102  11.921560
  15    19  19047.617043  4.316323
  15    22  20159.122265  11.753109
  16     8  8805.646743  11.956301
  16    10  13585.526101  40.789984
  16    17  15060.915129  22.632403
  16    18  17001.128452  3.250630
  17    10  5681.669251  10.011227
  17    16  15105.269551  22.876529
  17    19  12508.022824  15.560148
  18     7  15670.153900  2.060297
  18    16  16995.338934  3.250288
  18    20  18360.617681  4.227289
  19    15  19044.999357  4.315600
  19    17  12559.095244  15.782982
  19    20  9944.180125  13.367883
  20    18  18311.041355  4.224844
  20    19  9992.634858  13.551808
  20    21  6203.979104  8.034004
  20    22  7112.443826  7.891704
  21    20  6126.730770  7.934576
  21    22  9089.348557  4.737004
  21    24  10474.059521  12.507958
  22    15  20166.643151  11.766179
  22    20  7088.570568  7.853075
  22    21  9082.464718  4.728722
  22    23  10021.757611  13.683822
  23    14  8617.299598  9.624513
  23    22  9998.521400  13.594323
  23    24  8303.098824  4.143569
  24    13  11333.908401  18.735682
  24    21  10403.695025  12.255024
  24    23  8279.370158  4.119170
