<METADATA>
<File Name> ./SiouxFalls/SiouxFalls_MIX_0.20_1.00_0.50_0.50_1.05_flow.txt
<Number of Links> 76
<theta | lambda> 0.200000 | 1.000000
<stoch | determ> 0.500000 | 0.500000
<distant tolerance> 1.050000
<optimal objective> 8137581.553811
<system cost> 7484443.866572

<LINKS>
~ Init node | Term node | Flow | Cost
   1     2  6248.558737  6.003049
   1     3  9655.811618  4.017385
   2     1  6260.076221  6.003071
   2     6  6672.888111  7.460521
   3     1  9644.294133  4.017303
   3     4  16350.612717  4.500304
   3    12  13410.705054  4.064690
   4     3  16340.982954  4.499127
   4     5  18850.813143  2.378828
   4    11  7055.458909  9.840898
   5     4  18892.862320  2.382219
   5     6  7146.420532  6.610889
   5     9  16898.245501  11.115440
   6     2  6684.405595  7.477553
   6     5  7160.405107  6.631385
   6     8  12467.911740  14.589619
   7     8  13491.558773  6.942716
   7    18  15942.841886  2.064605
   8     6  12493.413799  14.692940
   8     7  13460.431062  6.906455
   8     9  7533.961535  17.429386
   8    16  8080.123492  9.931799
   9     5  16926.310102  11.156168
   9     8  7504.328265  17.313186
   9    10  22148.327795  5.887653
  10     9  22246.759127  5.939329
  10    11  17516.628950  12.060954
  10    15  23362.512887  14.043443
  10    16  10855.237157  18.996193
  10    17  8353.990249  17.400115
  11     4  7103.779970  9.947205
  11    10  17420.596892  11.907381
  11    12  7293.206709  10.385365
  11    14  9492.507674  12.614681
  12     3  13408.817333  4.064653
  12    11  7331.984805  10.479380
  12    13  14397.752740  3.042971
  13    12  14534.643114  3.044629
  13    24  10494.155863  14.830325
  14    11  9506.018582  12.663832
  14    15  8983.458310  12.066494
  14    23  8430.289436  9.151932
  15    10  23409.831120  14.108806
  15    14  9029.492071  12.212453
  15    19  17719.404130  3.985817
  15    22  17871.491778  8.406536
  16     8  8104.131110  9.990674
  16    10  10881.512791  19.141917
  16    17  11428.683917  8.841152
  16    18  19122.238353  3.401122
  17    10  8374.859771  17.494399
  17    16  11448.678045  8.889152
  17    19  8809.897403  5.337284
  18     7  15973.969597  2.065111
  18    16  19152.527477  3.403669
  18    20  20700.425579  4.367238
  19    15  17695.044965  3.980408
  19    17  8850.761053  5.399635
  19    20  9043.376647  10.407491
  20    18  20661.842415  4.364507
  20    19  9059.881131  10.454395
  20    21  6528.320161  8.493884
  20    22  7663.591193  8.897694
  21    20  6845.317298  9.014705
  21    22  8201.668968  3.814485
  21    24  9801.499649  10.291170
  22    15  17889.202938  8.428000
  22    20  7224.515376  8.078317
  22    21  8532.978303  4.125920
  22    23  9349.779458  11.336294
  23    14  8397.766581  9.072889
  23    22  9259.724136  11.057704
  23    24  8117.901026  3.958626
  24    13  10531.046237  14.983419
  24    21  9787.187452  10.248676
  24    23  7995.322850  3.842980
