<METADATA>
<File Name> ./SiouxFalls/SiouxFalls_MIX_0.02_0.80_1.30_flow.txt
<Number of Links> 76
<theta | lambda> 0.020000 | 0.000000
<stoch | determ> 0.800000 | 0.200000
<distant tolerance> 1.300000
<optimal objective> 90876290.258997
<system cost> 10610818.650488

<LINKS>
~ Init node | Term node | Flow | Cost
   1     2  7711.294151  6.007072
   1     3  13509.792750  4.066623
   2     1  7974.801846  6.008089
   2     6  7648.075816  9.246005
   3     1  13246.285055  4.061575
   3     4  20748.038729  5.297198
   3    12  17334.051720  4.180564
   4     3  19302.271407  4.971699
   4     5  19725.004198  2.454140
   4    11  9562.398124  18.959820
   5     4  20363.431434  2.515852
   5     6  8402.402666  8.989397
   5     9  16051.242805  9.978470
   6     2  7911.583511  9.862117
   6     5  8365.318842  8.901896
   6     8  13566.705272  19.649617
   7     8  14959.826067  8.960094
   7    18  19104.514119  2.133212
   8     6  13793.129143  20.857709
   8     7  14808.243128  8.722175
   8     9  9153.264034  26.186884
   8    16  10435.907183  18.723162
   9     5  16726.753865  10.870944
   9     8  9091.581117  25.754948
   9    10  23550.780625  6.691497
  10     9  24264.608769  7.159819
  10    11  17867.084173  12.643214
  10    15  25202.218468  16.892281
  10    16  11849.185962  25.290106
  10    17  8680.756580  18.959421
  11     4  7578.203565  11.112070
  11    10  18565.274957  13.909776
  11    12  10183.261760  22.667840
  11    14  10264.900356  15.779703
  12     3  18516.311347  4.235097
  12    11  9249.225760  17.343660
  12    13  15662.822776  3.060184
  13    12  16011.046403  3.065717
  13    24  10914.206361  16.671269
  14    11  10012.932580  14.664992
  14    15  9385.375611  13.418532
  14    23  9048.736105  10.838358
  15    10  25126.316753  16.761655
  15    14  9330.433535  13.223128
  15    19  18908.535824  4.278297
  15    22  19023.741983  9.941601
  16     8  10572.431033  19.455489
  16    10  11889.760483  25.583217
  16    17  12941.919307  13.249653
  16    18  23405.221875  3.900269
  17    10  8631.721134  18.713883
  17    16  13036.323380  13.581502
  17    19  9731.984102  6.969530
  18     7  19256.097058  2.137491
  18    16  23487.916173  3.913060
  18    20  20858.024226  4.378549
  19    15  18964.401235  4.293471
  19    17  9777.352728  7.062848
  19    20  10111.527738  14.014577
  20    18  20992.301463  4.388392
  20    19  10212.761776  14.421694
  20    21  9845.896901  18.903029
  20    22  8532.569696  10.989600
  21    20  9675.985279  18.035145
  21    22  12360.837042  11.361294
  21    24  9024.238079  8.239252
  22    15  18737.032781  9.532496
  22    20  8837.992592  11.894344
  22    21  12354.121753  11.340968
  22    23  9693.823204  12.477184
  23    14  8851.710405  10.261941
  23    22  9705.821609  12.519232
  23    24  10708.658705  7.930849
  24    13  11162.429988  17.863933
  24    21  8861.041746  7.870418
  24    23  10523.631410  7.531451
