<METADATA>
<File Name> ./SiouxFalls/SiouxFalls_MLT_1.0_1.0_0.1_0.9_flow.txt
<Number of Links> 76
<theta | lambda> 1.000000 | 1.000000
<stoch | determ> 0.100000 | 0.900000
<Optimal Objective> 6556543.133816
<System Cost> 7485440.508405

<LINKS>
~ Init node | Term node | Flow | Cost
   1     2  4544.870800  6.000853
   1     3  8137.064657  4.008768
   2     1  4561.817098  6.000866
   2     6  5977.089019  6.583911
   3     1  8120.118360  4.008695
   3     4  14158.601020  4.281306
   3    12  10180.469210  4.021483
   4     3  14184.349175  4.283358
   4     5  18159.724584  2.326256
   4    11  5313.547469  7.235577
   5     4  18192.837783  2.328642
   5     6  8760.860368  9.896863
   5     9  15847.975276  9.731038
   6     2  5994.035316  6.601950
   6     5  8782.310062  9.954826
   6     8  12494.436895  14.697097
   7     8  12192.870128  5.630091
   7    18  15694.726431  2.060676
   8     6  12532.832886  14.853893
   8     7  12102.301173  5.552812
   8     9  6903.824873  15.238638
   8    16  8379.626482  10.704689
   9     5  15859.638780  9.744981
   9     8  6861.530723  15.111442
   9    10  21919.001456  5.769902
  10     9  21988.370811  5.805133
  10    11  17769.423290  12.477470
  10    15  23116.712237  13.710242
  10    16  11058.261630  20.149953
  10    17  8136.412678  16.458419
  11     4  5406.182425  7.324020
  11    10  17661.695669  12.297781
  11    12  8364.456651  13.587219
  11    14  9795.398907  13.767962
  12     3  10137.774758  4.021125
  12    11  8417.930428  13.783107
  12    13  12542.148126  3.024745
  13    12  12652.927452  3.025631
  13    24  11061.919136  17.371292
  14    11  9826.832463  13.893946
  14    15  9041.885010  12.252132
  14    23  8366.881283  8.998672
  15    10  23201.123723  13.823478
  15    14  9066.312987  12.330819
  15    19  18956.545749  4.291329
  15    22  18380.963262  9.049910
  16     8  8369.747668  10.677835
  16    10  11059.691279  20.158303
  16    17  11618.283948  9.306549
  16    18  15515.765398  3.173866
  17    10  8127.668519  16.422116
  17    16  11589.646932  9.234778
  17    19  9971.944941  7.478091
  18     7  15785.295386  2.062088
  18    16  15535.953249  3.174772
  18    20  19194.647376  4.271488
  19    15  19034.801740  4.312785
  19    17  9934.563766  7.396411
  19    20  8670.108813  9.413319
  20    18  19205.404182  4.272097
  20    19  8710.983629  9.516128
  20    21  6321.794448  8.192967
  20    22  7050.525926  7.792316
  21    20  6237.335046  8.078102
  21    22  8601.509988  4.195043
  21    24  10253.408439  11.731725
  22    15  18311.546734  8.959036
  22    20  7086.616951  7.849931
  22    21  8598.404921  4.191875
  22    23  9622.338099  12.229883
  23    14  8373.886862  9.015434
  23    22  9585.907530  12.105954
  23    24  7961.776832  3.812244
  24    13  11072.698462  17.423487
  24    21  10172.054104  11.457883
  24    23  7932.351842  3.785601
