<METADATA>
<File Name> ./SiouxFalls/SiouxFalls_MIX_0.02_0.20_2.00_flow.txt
<Number of Links> 76
<theta | lambda> 0.020000 | 0.000000
<stoch | determ> 0.200000 | 0.800000
<distant tolerance> 2.000000
<optimal objective> 18926123.471065
<system cost> 8069107.528452

<LINKS>
~ Init node | Term node | Flow | Cost
   1     2  7541.113560  6.006468
   1     3  11516.838640  4.035185
   2     1  7591.754152  6.006644
   2     6  7030.810767  8.032448
   3     1  11466.198048  4.034571
   3     4  17787.839176  4.700795
   3    12  14097.883953  4.079003
   4     3  17774.987252  4.698772
   4     5  20080.640838  2.487788
   4    11  7005.388705  9.733023
   5     4  20173.678627  2.496892
   5     6  7340.798281  6.906747
   5     9  17332.910249  11.769354
   6     2  7081.451359  8.120764
   6     5  7379.574732  6.968653
   6     8  12805.397364  16.009091
   7     8  13780.620756  7.291628
   7    18  16108.072960  2.067325
   8     6  12894.814407  16.404497
   8     7  13688.946785  7.178564
   8     9  7843.351208  18.727020
   8    16  8130.002492  10.054708
   9     5  17387.171588  11.854520
   9     8  7809.010020  18.575180
   9    10  23514.218557  6.668626
  10     9  23634.138707  6.744039
  10    11  17659.752180  12.294570
  10    15  23648.934787  14.445203
  10    16  11275.971478  21.459815
  10    17  8496.637004  18.058786
  11     4  6999.498991  9.720485
  11    10  17529.999614  12.082538
  11    12  7883.317814  11.986429
  11    14  9572.823204  12.909956
  12     3  14060.095285  4.078160
  12    11  7888.083395  12.000918
  12    13  15785.313114  3.062089
  13    12  15852.290028  3.063149
  13    24  10679.065580  15.614071
  14    11  9532.415343  12.760466
  14    15  9007.749997  12.143237
  14    23  7990.791133  8.158716
  15    10  23518.646093  14.260627
  15    14  9023.757096  12.194147
  15    19  19403.007471  4.417347
  15    22  16961.720821  7.386878
  16     8  8162.086753  10.134973
  16    10  11327.256036  21.779626
  16    17  11296.290274  8.529618
  16    18  16490.591423  3.221853
  17    10  8725.313856  19.186173
  17    16  11206.028586  8.323409
  17    19  9064.709347  5.740462
  18     7  16199.746931  2.068870
  18    16  16664.221930  3.231346
  18    20  20347.167904  4.342804
  19    15  19424.156756  4.423537
  19    17  9203.124511  5.974211
  19    20  9485.806895  11.756443
  20    18  20512.472382  4.354081
  20    19  9645.371345  12.291657
  20    21  7707.670726  10.845774
  20    22  8434.682533  10.719439
  21    20  7636.831230  10.670069
  21    22  9463.034586  5.215630
  21    24  9629.523514  9.792760
  22    15  16726.289939  7.148340
  22    20  8730.390956  11.564675
  22    21  9425.157760  5.164455
  22    23  9369.358275  11.397937
  23    14  7934.376174  8.042512
  23    22  9391.758990  11.468940
  23    24  8557.923088  4.419079
  24    13  10646.042494  15.471078
  24    21  9596.560845  9.700228
  24    23  8523.908844  4.380848
