<METADATA>
<File Name> ./SiouxFalls/SiouxFalls_MIX_0.20_1.00_0.00_1.00_5.00_flow.txt
<Number of Links> 76
<theta | lambda> 0.200000 | 1.000000
<stoch | determ> 0.000000 | 1.000000
<distant tolerance> 5.000000
<optimal objective> 1441822.473008
<system cost> 7209112.365041

<LINKS>
~ Init node | Term node | Flow | Cost
   1     2  7538.206679  6.006458
   1     3  11181.352391  4.031261
   2     1  7582.188393  6.006610
   2     6  6601.233664  7.356526
   3     1  11137.370678  4.030772
   3     4  17217.167107  4.615099
   3    12  14055.646239  4.078061
   4     3  17186.743827  4.610763
   4     5  18816.048286  2.376041
   4    11  6172.117035  8.249408
   5     4  18894.433738  2.382346
   5     6  7026.857807  6.440500
   5     9  16921.311323  11.148899
   6     2  6645.215377  7.419959
   6     5  7050.119375  6.472976
   6     8  12540.230664  14.884270
   7     8  13265.863650  6.685438
   7    18  16504.290945  2.074197
   8     6  12607.473946  15.162853
   8     7  13202.995893  6.616071
   8     9  7566.451001  17.558371
   8    16  7985.489801  9.704783
   9     5  16976.435207  11.229415
   9     8  7548.229194  17.485824
   9    10  21641.716444  5.632377
  10     9  21778.618521  5.699620
  10    11  17478.449028  11.999594
  10    15  23377.067588  14.063506
  10    16  10675.347076  18.026579
  10    17  8327.471194  17.281323
  11     4  6163.308303  8.236595
  11    10  17426.647408  11.916982
  11    12  7334.311833  10.485070
  11    14  9447.423806  12.452185
  12     3  14042.087806  4.077760
  12    11  7336.305426  10.489948
  12    13  15234.095337  3.053860
  13    12  15322.530497  3.055122
  13    24  10584.316570  15.207345
  14    11  9484.819861  12.586808
  14    15  8905.783652  11.825246
  14    23  7752.247772  7.683925
  15    10  23396.525279  14.090386
  15    14  8958.309654  11.987696
  15    19  18269.268819  4.113999
  15    22  16572.513107  6.997876
  16     8  8008.087132  9.758264
  16    10  10750.065267  18.423417
  16    17  10615.738557  7.092666
  16    18  18775.163411  3.372783
  17    10  8321.999009  17.256951
  17    16  10527.265328  6.925005
  17    19  8211.301825  4.518592
  18     7  16567.158702  2.075334
  18    16  18960.952163  3.387759
  18    20  20743.410185  4.370297
  19    15  18488.545291  4.168452
  19    17  8117.356410  4.405294
  19    20  8568.971160  9.165118
  20    18  20892.066694  4.381027
  20    19  8694.302217  9.473996
  20    21  6520.481931  8.481929
  20    22  7082.579393  7.843441
  21    20  6281.140016  8.137098
  21    22  8076.294792  3.706055
  21    24  9818.999636  10.343381
  22    15  16325.220327  6.764541
  22    20  7495.908875  8.567596
  22    21  7901.968571  3.563456
  22    23  9269.707608  11.088190
  23    14  7737.117825  7.655249
  23    22  9261.418090  11.062870
  23    24  7719.846202  3.601810
  24    13  10572.751730  15.158443
  24    21  9753.983942  10.150810
  24    23  7696.426736  3.582461
