<METADATA>
<File Name> ./SiouxFalls/SiouxFalls_MIX_0.02_0.80_1.40_flow.txt
<Number of Links> 76
<theta | lambda> 0.020000 | 0.000000
<stoch | determ> 0.800000 | 0.200000
<distant tolerance> 1.400000
<optimal objective> 90859660.426910
<system cost> 10394943.715929

<LINKS>
~ Init node | Term node | Flow | Cost
   1     2  7921.448187  6.007875
   1     3  13247.972735  4.061607
   2     1  7953.920121  6.008005
   2     6  7772.875203  9.530004
   3     1  13215.500801  4.061005
   3     4  21083.457035  5.383137
   3    12  18417.614484  4.230125
   4     3  20721.975769  5.290692
   4     5  19148.637149  2.403341
   4    11  9591.291099  19.117165
   5     4  19328.107891  2.418677
   5     6  7860.888602  7.822264
   5     9  15952.470934  9.857056
   6     2  7805.347137  9.606178
   6     5  7597.000633  7.334285
   6     8  13290.754556  18.256845
   7     8  15781.435439  10.381302
   7    18  19497.908095  2.144528
   8     6  13059.338520  17.153831
   8     7  15489.893689  9.850791
   8     9  9548.425563  29.168422
   8    16  9310.339425  13.693515
   9     5  16395.829645  10.419945
   9     8  8831.519360  24.028169
   9    10  22246.567133  5.939228
  10     9  22073.019641  5.848579
  10    11  18664.846279  14.102463
  10    15  25229.257880  16.939102
  10    16  11848.394589  25.284419
  10    17  9131.083612  21.416727
  11     4  9150.339091  16.866269
  11    10  18554.859741  13.889800
  11    12  9603.939813  19.186496
  11    14  10155.391113  15.285011
  12     3  18746.623816  4.247014
  12    11  9209.932283  17.152120
  12    13  15728.055723  3.061193
  13    12  15763.057525  3.061739
  13    24  10768.152588  16.006496
  14    11  10098.460097  15.034077
  14    15  9523.365061  13.924656
  14    23  8941.353989  10.519486
  15    10  25013.378965  16.569470
  15    14  9559.815447  14.062077
  15    19  18847.489417  4.261868
  15    22  18964.487684  9.855519
  16     8  9504.287842  14.440863
  16    10  11867.448668  25.421664
  16    17  12460.658322  11.667370
  16    18  24153.580734  4.021051
  17    10  9164.347494  21.613303
  17    16  12429.715881  11.571702
  17    19  9761.995615  7.031114
  18     7  19789.449846  2.153368
  18    16  24397.525671  4.062929
  18    20  21125.596315  4.398351
  19    15  18981.383338  4.298110
  19    17  9764.317056  7.035902
  19    20  10130.425318  14.089653
  20    18  21561.083002  4.432227
  20    19  10266.640680  14.643365
  20    21  9626.624182  17.791434
  20    22  8352.935843  10.500916
  21    20  9637.519709  17.844907
  21    22  12476.821969  11.717628
  21    24  8886.478924  7.926585
  22    15  18551.165235  9.277123
  22    20  8813.742365  11.818987
  22    21  12467.644271  11.689068
  22    23  9875.247869  13.129842
  23    14  8847.972587  10.251371
  23    22  9913.554244  13.272328
  23    24  10432.872176  7.343085
  24    13  10703.154390  15.719218
  24    21  8906.552149  7.971249
  24    23  10377.797150  7.231151
