<METADATA>
<File Name> ./SiouxFalls/SiouxFalls_MLT_0.20_1.50_0.50_0.50_1.50_flow.txt
<Number of Links> 76
<theta | lambda> 0.200000 | 1.500000
<stoch | determ> 0.500000 | 0.500000
<distant tolerance> 1.500000
<optimal objective> 8139259.193819
<system cost> 7462214.478679

<LINKS>
~ Init node | Term node | Flow | Cost
   1     2  6837.511437  6.004371
   1     3  10245.599637  4.022038
   2     1  6862.820759  6.004437
   2     6  6837.899911  7.713081
   3     1  10220.290315  4.021821
   3     4  16674.232113  4.541105
   3    12  14066.413983  4.078300
   4     3  16645.284850  4.537357
   4     5  18584.647171  2.357881
   4    11  6876.018895  9.464814
   5     4  18611.888955  2.359984
   5     6  7299.749186  6.842273
   5     9  16961.062563  11.206882
   6     2  6863.209233  7.753472
   6     5  7325.150927  6.882043
   6     8  12436.469654  14.463103
   7     8  13511.835977  6.966472
   7    18  15821.399863  2.062658
   8     6  12487.180717  14.667628
   8     7  13449.287434  6.893535
   8     9  7538.082275  17.445653
   8    16  8076.767899  9.923611
   9     5  16962.902606  11.209576
   9     8  7524.524106  17.392230
   9    10  22071.070331  5.847573
  10     9  22159.352205  5.893407
  10    11  17522.351926  12.070186
  10    15  23116.295251  13.709686
  10    16  10866.357901  19.057739
  10    17  8557.325624  18.349266
  11     4  6919.829849  9.553967
  11    10  17422.833258  11.910928
  11    12  7328.127280  10.469961
  11    14  9356.850812  12.132690
  12     3  14070.051924  4.078381
  12    11  7329.516894  10.473352
  12    13  14973.971113  3.050275
  13    12  15078.998668  3.051700
  13    24  10672.802349  15.586848
  14    11  9399.753483  12.282878
  14    15  8936.672068  11.920429
  14    23  8101.977852  8.395056
  15    10  23171.600552  13.783732
  15    14  8980.808170  12.058159
  15    19  18196.150877  4.096271
  15    22  17183.452548  7.620804
  16     8  8078.488588  9.927808
  16    10  10886.067009  19.167282
  16    17  11496.269217  9.004418
  16    18  19090.411085  3.398458
  17    10  8570.111757  18.411259
  17    16  11480.700554  8.966553
  17    19  8901.621580  5.478454
  18     7  15883.948405  2.063655
  18    16  19127.409546  3.401556
  18    20  20487.377597  4.352351
  19    15  18207.677417  4.099052
  19    17  8898.839050  5.474107
  19    20  9124.933319  10.641777
  20    18  20486.924600  4.352320
  20    19  9133.677329  10.667272
  20    21  6509.704806  8.465561
  20    22  7206.795719  8.048227
  21    20  6445.606270  8.369876
  21    22  8405.736246  4.001923
  21    24  9832.242045  10.383076
  22    15  17171.367411  7.607819
  22    20  7179.185268  8.001782
  22    21  8398.036214  3.994598
  22    23  9331.790683  11.279997
  23    14  8100.744420  8.392380
  23    22  9284.395064  11.133221
  23    24  8165.844721  4.005308
  24    13  10677.829905  15.608696
  24    21  9775.843541  10.215128
  24    23  8117.215670  3.957965
