<METADATA>
<File Name> ./SiouxFalls/SiouxFalls_MIX_0.10_0.20_1.15_flow.txt
<Number of Links> 76
<theta | lambda> 0.100000 | 0.000000
<stoch | determ> 0.200000 | 0.800000
<distant tolerance> 1.150000
<optimal objective> 6753125.973928
<system cost> 12340771.527650

<LINKS>
~ Init node | Term node | Flow | Cost
   1     2  4361.360307  6.000724
   1     3  7311.643558  4.005716
   2     1  4363.596973  6.000725
   2     6  6318.255049  6.977700
   3     1  7309.406892  4.005709
   3     4  14168.771385  4.282115
   3    12  9748.294830  4.018061
   4     3  14174.779423  4.282594
   4     5  19884.701965  2.469027
   4    11  6841.292500  9.395348
   5     4  19916.533586  2.472037
   5     6  10633.750586  16.799115
   5     9  15142.117143  8.942827
   6     2  6320.491715  6.980502
   6     5  10634.644465  16.803420
   6     8  14089.432212  22.531075
   7     8  13532.007448  6.990211
   7    18  16149.814286  2.068025
   8     6  14092.562757  22.549328
   8     7  13514.779299  6.969929
   8     9  7037.017143  15.654754
   8    16  10027.280704  16.696773
   9     5  15173.054885  8.975149
   9     8  7021.898476  15.606315
   9    10  22173.166512  5.900629
  10     9  22288.985587  5.961710
  10    11  17045.205874  11.330970
  10    15  21769.429178  12.063899
  10    16  16964.090535  93.442943
  10    17  3807.799504  8.405745
  11     4  6915.468916  9.545016
  11    10  16871.609280  11.076973
  11    12  8320.648763  13.429515
  11    14  11325.155117  21.453881
  12     3  9740.050126  4.018000
  12    11  8321.239605  13.431625
  12    13  12364.515730  3.023373
  13    12  12456.861869  3.024079
  13    24  11421.934992  19.198831
  14    11  11325.144098  21.453813
  14    15  8354.334259  10.285391
  14    23  7673.813625  7.537082
  15    10  21873.808951  12.181038
  15    14  8412.365890  10.433784
  15    19  19232.723613  4.368243
  15    22  19997.894353  11.476429
  16     8  10028.301767  16.701538
  16    10  17043.516810  95.129840
  16    17  16705.301126  33.229254
  16    18  15464.821226  3.171594
  17    10  3813.409127  8.408142
  17    16  16704.541938  33.223577
  17    19  13500.509486  20.403923
  18     7  16167.042434  2.068316
  18    16  15546.027751  3.175226
  18    20  15861.820896  4.126602
  19    15  19356.974568  4.403944
  19    17  13505.359921  20.430385
  19    20  9433.482503  11.586714
  20    18  15860.255569  4.126552
  20    19  9562.583893  12.010628
  20    21  6820.425144  8.971094
  20    22  6984.528529  7.689223
  21    20  6712.956758  8.788213
  21    22  8816.379568  4.422733
  21    24  10651.008243  13.166933
  22    15  19936.054802  11.372068
  22    20  7119.532978  7.903250
  22    21  8768.106661  4.370105
  22    23  10174.175509  14.286512
  23    14  7615.770975  7.431276
  23    22  10199.067499  14.387549
  23    24  8271.347702  4.110968
  24    13  11414.281130  19.158133
  24    21  10591.812764  12.942790
  24    23  8238.197042  4.077329
