<METADATA>
<File Name> ./SiouxFalls/SiouxFalls_MLT_0.2_1.0_0.5_0.5_5.0_flow.txt
<Number of Links> 76
<theta | lambda> 0.200000 | 1.000000
<stoch | determ> 0.500000 | 0.500000
<Optimal Objective> 8139617.408433
<System Cost> 7464395.465993

<LINKS>
~ Init node | Term node | Flow | Cost
   1     2  6824.563701  6.021755
   1     3  10239.422058  4.110137
   2     1  6856.055122  6.022158
   2     6  6825.836140  18.508880
   3     1  10207.930637  4.108790
   3     4  16788.620557  6.773307
   3    12  14171.672519  4.402685
   4     3  16791.466170  6.775293
   4     5  18616.943213  3.797515
   4    11  6853.497005  23.098392
   5     4  18675.470990  3.820308
   5     6  7298.305618  18.241608
   5     9  16961.886936  35.907708
   6     2  6857.327560  18.759498
   6     5  7314.028801  18.371901
   6     8  12422.840670  64.279245
   7     8  13493.375920  22.744064
   7    18  15850.065723  2.315622
   8     6  12470.055274  65.248712
   8     7  13420.322240  22.282892
   8     9  7547.422713  47.217909
   8    16  8070.662949  29.515770
   9     5  17004.691530  36.215708
   9     8  7500.817563  46.163826
   9    10  22070.279416  17.224620
  10     9  22166.478861  17.453179
  10    11  17522.559226  40.403798
  10    15  23169.582080  44.874796
  10    16  10834.834024  78.670306
  10    17  8540.664056  59.323676
  11     4  6897.814840  23.544791
  11    10  17434.636856  39.706346
  11    12  7329.907915  28.440988
  11    14  9375.471665  45.012765
  12     3  14137.335486  4.398780
  12    11  7358.849116  28.798269
  12    13  15124.381243  3.261615
  13    12  15218.985411  3.268219
  13    24  10686.687788  62.241035
  14    11  9402.925930  45.510156
  14    15  8933.291944  39.582179
  14    23  8125.617570  26.289709
  15    10  23176.569021  44.951670
  15    14  8988.302518  40.423970
  15    19  18110.046878  8.374097
  15    22  17231.108545  26.338630
  16     8  8091.429023  29.790926
  16    10  10883.563398  79.642109
  16    17  11514.868853  37.258847
  16    18  18975.271233  4.948755
  17    10  8569.069555  60.012936
  17    16  11488.083101  36.926808
  17    19  8906.670067  19.434781
  18     7  15923.119402  2.322003
  18    16  19071.552432  4.983833
  18    20  20360.584452  5.719500
  19    15  18181.396558  8.466226
  19    17  8908.289814  19.445126
  19    20  9044.979584  36.008416
  20    18  20429.919331  5.741347
  20    19  9117.949011  37.133565
  20    21  6559.899864  18.706304
  20    22  7195.805863  20.156640
  21    20  6451.822231  17.900230
  21    22  8486.478898  12.448476
  21    24  9810.183628  39.534185
  22    15  17121.756381  25.738768
  22    20  7346.187801  21.454938
  22    21  8428.688636  12.106832
  22    23  9321.516779  40.275938
  23    14  8098.061261  26.010480
  23    22  9304.756291  39.769724
  23    24  8142.377499  11.929244
  24    13  10681.291956  62.122492
  24    21  9759.896257  38.996634
  24    23  8098.060702  11.648107
