<METADATA>
<File Name> ./SiouxFalls/SiouxFalls_MIX_0.20_1.00_0.20_0.80_1.30_flow.txt
<Number of Links> 76
<theta | lambda> 0.200000 | 1.000000
<stoch | determ> 0.200000 | 0.800000
<distant tolerance> 1.300000
<optimal objective> 3805415.303663
<system cost> 7295489.498242

<LINKS>
~ Init node | Term node | Flow | Cost
   1     2  7331.674328  6.005779
   1     3  10879.291422  4.028018
   2     1  7354.990476  6.005853
   2     6  6739.962528  7.560954
   3     1  10855.975274  4.027778
   3     4  17106.995056  4.599505
   3    12  13912.749475  4.074935
   4     3  17074.170533  4.594917
   4     5  18723.342540  2.368684
   4    11  6253.316791  8.370137
   5     4  18759.485448  2.371539
   5     6  7181.738233  6.662885
   5     9  16965.692942  11.213663
   6     2  6763.278676  7.596575
   6     5  7184.263728  6.666632
   6     8  12492.732339  14.690171
   7     8  13370.243308  6.802806
   7    18  16040.756087  2.066206
   8     6  12518.573982  14.795497
   8     7  13349.193376  6.778914
   8     9  7573.629505  17.587095
   8    16  8000.243562  9.739649
   9     5  16999.310356  11.263059
   9     8  7556.275893  17.517796
   9    10  22018.378542  5.820477
  10     9  22134.642344  5.880523
  10    11  17495.145440  12.026378
  10    15  23246.145616  13.884381
  10    16  10821.976248  18.813240
  10    17  8311.959773  17.212363
  11     4  6284.349360  8.417536
  11    10  17395.177277  11.867153
  11    12  7362.888055  10.555379
  11    14  9438.862997  12.421590
  12     3  13922.257850  4.075140
  12    11  7369.041925  10.570627
  12    13  15257.890206  3.054197
  13    12  15373.552451  3.055859
  13    24  10640.361644  15.446613
  14    11  9463.773533  12.510846
  14    15  8944.692750  11.945307
  14    23  7861.526142  7.896078
  15    10  23372.486362  14.057187
  15    14  8961.162451  11.996602
  15    19  18359.532956  4.136178
  15    22  16647.884360  7.071103
  16     8  8022.388884  9.792346
  16    10  10860.574034  19.025706
  16    17  10783.444561  7.422186
  16    18  18638.551956  3.362051
  17    10  8263.253205  16.998322
  17    16  10789.741418  7.434862
  17    19  8462.382407  4.841060
  18     7  16061.806020  2.066555
  18    16  18692.998207  3.366300
  18    20  20484.927461  4.352182
  19    15  18418.063548  4.150736
  19    17  8419.972695  4.784534
  19    20  8931.671034  10.096722
  20    18  20460.423645  4.350500
  20    19  8947.791914  10.140857
  20    21  6480.278200  8.421281
  20    22  7239.998972  8.104792
  21    20  6409.135665  8.316693
  21    22  8096.736879  3.723394
  21    24  9819.890819  10.346047
  22    15  16632.164217  7.055748
  22    20  7202.758572  8.041402
  22    21  8082.952641  3.711688
  22    23  9313.003107  11.221547
  23    14  7869.966977  7.912837
  23    22  9246.258324  11.016739
  23    24  7851.680590  3.714064
  24    13  10656.023889  15.514158
  24    21  9762.532521  10.175911
  24    23  7793.376642  3.663716
