<METADATA>
<File Name> ./SiouxFalls/SiouxFalls_MIX_0.10_0.30_1.50_flow.txt
<Number of Links> 76
<theta | lambda> 0.100000 | 0.000000
<stoch | determ> 0.300000 | 0.700000
<distant tolerance> 1.500000
<optimal objective> 8028104.830429
<system cost> 7657242.759057

<LINKS>
~ Init node | Term node | Flow | Cost
   1     2  6580.551998  6.003750
   1     3  10405.551989  4.023447
   2     1  6590.910692  6.003774
   2     6  6759.815947  7.591262
   3     1  10395.193295  4.023354
   3     4  16906.152131  4.571843
   3    12  13590.770000  4.068235
   4     3  16912.893954  4.572756
   4     5  18918.127335  2.384268
   4    11  7024.112958  9.773094
   5     4  18969.051846  2.388422
   5     6  7237.941911  6.747226
   5     9  16894.232739  11.109633
   6     2  6770.174641  7.607182
   6     5  7246.525633  6.760282
   6     8  12616.854916  15.202074
   7     8  13495.560271  6.947395
   7    18  16044.241926  2.066264
   8     6  12635.797332  15.281537
   8     7  13413.699106  6.852487
   8     9  7478.756023  17.214010
   8    16  7973.050928  9.675537
   9     5  16936.573527  11.171113
   9     8  7401.192863  16.919364
   9    10  22752.091254  6.215633
  10     9  22816.868883  6.252411
  10    11  17524.929550  12.074347
  10    15  23436.195949  14.145397
  10    16  10889.856438  19.188412
  10    17  8548.631805  18.307272
  11     4  7079.930271  9.894463
  11    10  17398.479933  11.872369
  11    12  7670.325757  11.365213
  11    14  9483.095240  12.580564
  12     3  13573.669482  4.067892
  12    11  7673.354857  11.373693
  12    13  15238.142506  3.053917
  13    12  15324.071088  3.055144
  13    24  10650.141190  15.488754
  14    11  9509.433837  12.676289
  14    15  8956.649002  11.982516
  14    23  7911.063919  7.995211
  15    10  23439.293045  14.149703
  15    14  9001.762754  12.124264
  15    19  18923.014939  4.282216
  15    22  16835.953525  7.258207
  16     8  7987.695339  9.709983
  16    10  10953.204344  19.544921
  16    17  12467.740862  11.689368
  16    18  15786.022422  3.186300
  17    10  8573.414049  18.427315
  17    16  12457.912991  11.658853
  17    19  10147.032766  7.873081
  18     7  16126.103091  2.067627
  18    16  15873.842610  3.190480
  18    20  18628.381335  4.240841
  19    15  19050.296508  4.317064
  19    17  10161.987138  7.907780
  19    20  8752.556223  9.622185
  20    18  18698.062688  4.244465
  20    19  8894.792165  9.996650
  20    21  6833.289969  8.993574
  20    22  7314.189729  8.234025
  21    20  6754.384583  8.857681
  21    22  9013.900435  4.647253
  21    24  9744.713378  10.123663
  22    15  16656.882803  7.079912
  22    20  7505.012409  8.584958
  22    21  8977.320172  4.604541
  22    23  9309.787663  11.211579
  23    14  7892.288764  7.957419
  23    22  9284.959357  11.134955
  23    24  8560.871165  4.422414
  24    13  10636.069772  15.428156
  24    21  9702.388256  10.000704
  24    23  8517.267705  4.373437
