<METADATA>
<File Name> ./SiouxFalls/SiouxFalls_MIX_0.50_0.20_1.25_flow.txt
<Number of Links> 76
<theta | lambda> 0.500000 | 0.000000
<stoch | determ> 0.200000 | 0.800000
<distant tolerance> 1.250000
<optimal objective> 3187430.945075
<system cost> 9058940.928207

<LINKS>
~ Init node | Term node | Flow | Cost
   1     2  4168.563918  6.000604
   1     3  7261.908732  4.005562
   2     1  4176.314585  6.000608
   2     6  5855.611862  6.459019
   3     1  7254.158066  4.005538
   3     4  13659.370156  4.243680
   3    12  9276.657896  4.014811
   4     3  13656.306953  4.243462
   4     5  18988.717482  2.390035
   4    11  6732.802065  9.185041
   5     4  18957.134275  2.387447
   5     6  9672.719775  12.762510
   5     9  15362.360627  9.177275
   6     2  5863.362528  6.466759
   6     5  9600.772372  12.504696
   6     8  13116.135572  17.419181
   7     8  13802.459536  7.318897
   7    18  16721.823289  2.078187
   8     6  13051.938836  17.119514
   8     7  13824.266306  7.346256
   8     9  6335.615871  13.715478
   8    16  8542.060230  11.160045
   9     5  15402.724823  9.221351
   9     8  6291.483973  13.613031
   9    10  22496.958667  6.073806
  10     9  22593.190965  6.126738
  10    11  17905.752395  12.709595
  10    15  24593.523645  15.877494
  10    16  13110.650492  35.909553
  10    17  4594.543550  8.860056
  11     4  6861.322068  9.435286
  11    10  17719.688073  12.394104
  11    12  8439.299211  13.862438
  11    14  9961.475456  14.447444
  12     3  9271.970433  4.014781
  12    11  8449.604293  13.900911
  12    13  12798.608669  3.026832
  13    12  12904.226288  3.027729
  13    24  11778.272237  21.186119
  14    11  9993.626056  14.582975
  14    15  9154.831304  12.621336
  14    23  8979.675628  10.631973
  15    10  24700.800516  16.050968
  15    14  9185.296691  12.723293
  15    19  20537.713206  4.779133
  15    22  18936.072516  9.814524
  16     8  8543.802162  11.165071
  16    10  13174.267875  36.533420
  16    17  14062.783407  17.683014
  16    18  15010.302859  3.152293
  17    10  4605.945916  8.868626
  17    16  14063.559939  17.686478
  17    19  12587.533672  15.908245
  18     7  16700.016518  2.077780
  18    16  15074.885641  3.154931
  18    20  15802.066129  4.124705
  19    15  20585.382832  4.795708
  19    17  12599.712571  15.962151
  19    20  9740.261233  12.622792
  20    18  15744.842140  4.122909
  20    19  9800.109758  12.836683
  20    21  6544.253342  8.518320
  20    22  7588.822414  8.747797
  21    20  6599.249088  8.604046
  21    22  8896.763941  4.512307
  21    24  10042.333657  11.034626
  22    15  18926.145148  9.800245
  22    20  7436.451204  8.455742
  22    21  9003.277799  4.634796
  22    23  9522.387296  11.893227
  23    14  8981.360841  10.636953
  23    22  9466.602575  11.709883
  23    24  8666.711257  4.544450
  24    13  11783.889856  21.218930
  24    21  9990.815546  10.871017
  24    23  8612.611748  4.481510
