<METADATA>
<File Name> ./SiouxFalls/SiouxFalls_MLT_0.2_1.0_0.5_0.5_2.0_flow.txt
<Number of Links> 76
<theta | lambda> 0.200000 | 1.000000
<stoch | determ> 0.500000 | 0.500000
<Optimal Objective> 8158851.599700
<System Cost> 7474479.940768

<LINKS>
~ Init node | Term node | Flow | Cost
   1     2  6664.835938  6.019828
   1     3  10079.300404  4.103532
   2     1  6674.281312  6.019937
   2     6  6859.856203  18.806035
   3     1  10069.855030  4.103157
   3     4  16669.534623  6.692977
   3    12  14291.106326  4.416377
   4     3  16668.785496  6.692754
   4     5  18668.718167  3.816393
   4    11  7023.043042  24.853974
   5     4  18762.917594  3.853518
   5     6  7323.246701  18.404260
   5     9  16917.232851  35.601930
   6     2  6869.301576  18.879740
   6     5  7327.366215  18.443169
   6     8  12440.473244  64.583513
   7     8  13497.993152  22.724795
   7    18  15499.675351  2.288903
   8     6  12454.038132  64.867294
   8     7  13529.668035  22.949667
   8     9  7525.761929  46.690106
   8    16  7984.144432  28.502625
   9     5  17007.312762  36.256439
   9     8  7523.151441  46.782975
   9    10  22560.441640  18.517287
  10     9  22747.911062  19.059323
  10    11  17536.627735  40.532551
  10    15  23418.004539  46.575483
  10    16  10968.204193  82.132669
  10    17  7983.162089  47.198053
  11     4  7028.094490  24.908332
  11    10  17422.105670  39.594558
  11    12  7450.723904  29.953946
  11    14  9459.287474  46.510176
  12     3  14282.410079  4.415351
  12    11  7449.670941  29.934607
  12    13  15345.731063  3.277218
  13    12  15435.981853  3.283756
  13    24  10743.493811  63.494556
  14    11  9450.869819  46.323757
  14    15  8964.964530  39.913027
  14    23  8003.556330  24.993106
  15    10  23296.943897  45.753468
  15    14  8975.266128  40.352016
  15    19  18655.634523  9.053938
  15    22  16972.345782  24.958328
  16     8  8031.994691  29.068592
  16    10  10933.098062  81.363122
  16    17  11654.457262  38.989867
  16    18  17111.363917  4.286014
  17    10  8341.320351  54.715534
  17    16  11439.771961  36.340371
  17    19  9234.834063  22.146402
  18     7  15468.000469  2.286060
  18    16  17338.793346  4.358153
  18    20  19463.468579  5.435809
  19    15  18527.564709  8.893411
  19    17  9378.307024  23.427327
  19    20  9056.130756  36.193500
  20    18  19559.223126  5.464577
  20    19  9071.533902  36.457549
  20    21  6405.693896  17.563330
  20    22  7296.597390  20.979303
  21    20  6307.758924  16.872366
  21    22  8450.144805  12.205610
  21    24  9821.231215  39.932203
  22    15  16889.656552  24.615720
  22    20  7405.690056  21.994968
  22    21  8386.936061  11.976465
  22    23  9324.082874  39.913556
  23    14  7984.837077  24.593289
  23    22  9287.277565  39.895466
  23    24  8147.424485  11.875299
  24    13  10733.744601  63.266566
  24    21  9786.504987  39.185155
  24    23  8091.899923  11.684485
