<METADATA>
<File Name> ./SiouxFalls/SiouxFalls_MIX_0.50_0.80_1.05_flow.txt
<Number of Links> 76
<theta | lambda> 0.500000 | 0.000000
<stoch | determ> 0.800000 | 0.200000
<distant tolerance> 1.050000
<optimal objective> 7616584.266637
<system cost> 8056941.431649

<LINKS>
~ Init node | Term node | Flow | Cost
   1     2  5213.118093  6.001477
   1     3  8567.277550  4.010775
   2     1  5228.656532  6.001495
   2     6  6365.546425  7.037579
   3     1  8551.739111  4.010697
   3     4  14829.621158  4.338546
   3    12  11188.012762  4.031336
   4     3  14821.931082  4.337845
   4     5  18607.547345  2.359648
   4    11  6128.234981  8.186117
   5     4  18648.886993  2.362855
   5     6  8587.063689  9.442680
   5     9  16279.792807  10.268133
   6     2  6381.084864  7.057547
   6     5  8598.130529  9.470792
   6     8  12717.527893  15.628514
   7     8  13585.248412  7.053380
   7    18  15866.513710  2.063376
   8     6  12744.133173  15.742917
   8     7  13540.999817  7.000828
   8     9  7456.623928  17.128994
   8    16  8344.515521  10.609677
   9     5  16310.065614  10.307428
   9     8  7421.607292  16.996022
   9    10  22701.175025  6.186945
  10     9  22796.431196  6.240774
  10    11  17327.286148  11.760572
  10    15  22495.853986  12.914706
  10    16  11775.035351  24.762165
  10    17  7696.627385  14.772658
  11     4  6179.205258  8.259759
  11    10  17202.519409  11.567945
  11    12  7901.865608  12.042967
  11    14  10026.606506  14.723369
  12     3  11180.164398  4.031248
  12    11  7913.513507  12.078677
  12    13  13114.019599  3.029576
  13    12  13217.819135  3.030524
  13    24  10933.915659  16.763046
  14    11  10041.162144  14.785774
  14    15  9068.387391  12.337532
  14    23  8681.339275  9.793581
  15    10  22554.484890  12.987075
  15    14  9092.920732  12.417258
  15    19  18854.093522  4.263638
  15    22  18863.462469  9.710603
  16     8  8361.888843  10.656541
  16    10  11809.412611  25.005690
  16    17  13060.577185  13.667931
  16    18  16927.481123  3.246315
  17    10  7723.642131  14.868247
  17    16  13043.115222  13.605656
  17    19  10713.121669  9.297497
  18     7  15910.762304  2.064086
  18    16  16996.693668  3.250368
  18    20  18538.694624  4.236236
  19    15  18844.032843  4.260943
  19    17  10722.674452  9.323560
  19    20  9791.015380  12.803927
  20    18  18552.155763  4.236923
  20    19  9790.507485  12.802101
  20    21  5923.201912  7.690039
  20    22  7311.635929  8.229510
  21    20  5854.654650  7.613153
  21    22  9403.969238  5.136095
  21    24  9971.416489  10.810063
  22    15  18856.687392  9.700967
  22    20  7293.136435  8.196950
  22    21  9396.512687  5.126160
  22    23  9656.712450  12.348115
  23    14  8671.361572  9.766992
  23    22  9623.981329  12.235507
  23    24  8507.611657  4.362692
  24    13  10937.715195  16.780796
  24    21  9910.325777  10.620418
  24    23  8464.902833  4.315605
