<METADATA>
<File Name> ./SiouxFalls/SiouxFalls_MIX_0.50_0.20_1.20_flow.txt
<Number of Links> 76
<theta | lambda> 0.500000 | 0.000000
<stoch | determ> 0.200000 | 0.800000
<distant tolerance> 1.200000
<optimal objective> 3319862.508578
<system cost> 9612133.731474

<LINKS>
~ Init node | Term node | Flow | Cost
   1     2  4222.066585  6.000636
   1     3  7301.280819  4.005684
   2     1  4226.260253  6.000638
   2     6  5917.342085  6.521523
   3     1  7297.087151  4.005671
   3     4  13853.123483  4.257804
   3    12  9429.428286  4.015811
   4     3  13853.101807  4.257802
   4     5  18747.946217  2.370626
   4    11  6649.814431  9.030887
   5     4  18789.531962  2.373926
   5     6  9558.559414  12.356104
   5     9  15175.177922  8.977374
   6     2  5921.535753  6.525841
   6     5  9584.505167  12.447202
   6     8  13110.407190  17.392262
   7     8  13282.931113  6.704441
   7    18  16756.829839  2.078844
   8     6  13140.546611  17.534291
   8     7  13231.011236  6.646860
   8     9  6514.799723  14.153972
   8    16  8850.257143  12.098342
   9     5  15190.817914  8.993796
   9     8  6491.046069  14.093719
   9    10  22360.666592  5.999993
  10     9  22452.552930  6.049609
  10    11  17802.635152  12.533528
  10    15  24332.765937  15.465197
  10    16  14160.564544  47.425620
  10    17  4035.272919  8.511740
  11     4  6708.207011  9.138756
  11    10  17665.600735  12.304238
  11    12  8383.091017  13.655057
  11    14  10396.853856  16.397187
  12     3  9425.256294  4.015783
  12    11  8389.086575  13.676980
  12    13  12726.213158  3.026230
  13    12  12828.036724  3.027080
  13    24  11745.559790  20.995985
  14    11  10412.216460  16.470623
  14    15  9214.140431  12.820762
  14    23  8974.915001  10.617921
  15    10  24387.161679  15.550119
  15    14  9248.666264  12.938641
  15    19  20396.976498  4.730865
  15    22  19018.470263  9.933910
  16     8  8852.230341  12.104674
  16    10  14240.379998  48.412996
  16    17  14543.955429  19.942151
  16    18  14911.578421  3.148325
  17    10  4029.982478  8.509061
  17    16  14544.375609  19.944225
  17    19  12989.674691  17.772585
  18     7  16808.749716  2.079825
  18    16  14992.946894  3.151590
  18    20  15088.652694  4.103665
  19    15  20409.288654  4.735048
  19    17  12984.804430  17.748943
  19    20  9831.987692  12.952221
  20    18  15121.941043  4.104583
  20    19  9839.429587  12.979356
  20    21  6328.219246  8.201895
  20    22  7607.654305  8.785136
  21    20  6243.759788  8.086677
  21    22  9016.199764  4.649955
  21    24  10122.090887  11.292930
  22    15  18995.079682  9.899861
  22    20  7632.844007  8.835518
  22    21  8991.362199  4.620875
  22    23  9606.339923  12.175287
  23    14  8955.751771  10.561579
  23    22  9583.301479  12.097143
  23    24  8701.307618  4.585322
  24    13  11747.383356  21.006542
  24    21  10062.468994  11.099259
  24    23  8659.105945  4.535530
