<METADATA>
<File Name> ./SiouxFalls/SiouxFalls_MIX_0.20_1.00_0.20_0.80_2.00_flow.txt
<Number of Links> 76
<theta | lambda> 0.200000 | 1.000000
<stoch | determ> 0.200000 | 0.800000
<distant tolerance> 2.000000
<optimal objective> 3789023.344172
<system cost> 7320169.540342

<LINKS>
~ Init node | Term node | Flow | Cost
   1     2  7241.758640  6.005501
   1     3  10787.260999  4.027082
   2     1  7260.591781  6.005558
   2     6  6648.964540  7.425425
   3     1  10768.427858  4.026893
   3     4  17234.474198  4.617576
   3    12  14300.999065  4.083656
   4     3  17205.951846  4.613498
   4     5  18934.093871  2.385567
   4    11  6229.362773  8.334029
   5     4  19004.649965  2.391346
   5     6  7041.482227  6.460880
   5     9  16936.904842  11.171595
   6     2  6667.797681  7.453022
   6     5  7056.635886  6.482132
   6     8  12512.520932  14.770767
   7     8  13338.865032  6.767233
   7    18  16315.464990  2.070859
   8     6  12546.507732  14.910087
   8     7  13308.822428  6.733408
   8     9  7517.993756  17.366601
   8    16  7983.336445  9.699710
   9     5  16992.307277  11.252744
   9     8  7479.588585  17.217223
   9    10  21899.308246  5.759960
  10     9  22016.305510  5.819415
  10    11  17504.326344  12.041138
  10    15  23219.897796  13.848831
  10    16  10785.619773  18.615180
  10    17  8497.341459  18.062122
  11     4  6230.284327  8.335410
  11    10  17438.722011  11.936172
  11    12  7361.728727  10.552510
  11    14  9406.403336  12.306341
  12     3  14310.688275  4.083883
  12    11  7354.362217  10.534316
  12    13  15388.809373  3.056082
  13    12  15491.132074  3.057588
  13    24  10606.885072  15.303239
  14    11  9449.087067  12.458138
  14    15  8940.593691  11.932585
  14    23  7970.916215  8.117496
  15    10  23272.012428  13.919532
  15    14  9003.896919  12.131022
  15    19  18262.517136  4.112353
  15    22  16845.309690  7.267680
  16     8  8025.685812  9.800229
  16    10  10807.774600  18.735636
  16    17  10887.879164  7.635307
  16    18  19101.004402  3.399343
  17    10  8505.673598  18.101646
  17    16  10868.171245  7.594616
  17    19  8303.736624  4.633929
  18     7  16345.507594  2.071383
  18    16  19185.216516  3.406432
  18    20  20673.947951  4.365362
  19    15  18279.936029  4.116603
  19    17  8292.360843  4.619525
  19    20  8913.256763  10.046599
  20    18  20688.202668  4.366371
  20    19  8919.299875  10.063014
  20    21  6690.435276  8.750984
  20    22  7054.763002  7.799034
  21    20  6651.714241  8.687849
  21    22  8518.667449  4.111694
  21    24  9760.820128  10.170878
  22    15  16843.308657  7.265653
  22    20  7013.781866  7.734560
  22    21  8534.055541  4.126994
  22    23  9299.760693  11.180560
  23    14  7950.296718  8.075055
  23    22  9272.166616  11.095715
  23    24  8018.972031  3.864882
  24    13  10609.207773  15.313143
  24    21  9706.711001  10.013188
  24    23  7970.758457  3.820435
