<METADATA>
<File Name> ./SiouxFalls/SiouxFalls_MLT_1.0_1.0_0.0_1.0_flow.txt
<Number of Links> 76
<theta | lambda> 1.000000 | 1.000000
<stoch | determ> 0.000000 | 1.000000
<Optimal Objective> 6674695.347784
<System Cost> 7475767.812608

<LINKS>
~ Init node | Term node | Flow | Cost
   1     2  4651.578344  6.000936
   1     3  8174.328483  4.008930
   2     1  4634.843599  6.000923
   2     6  5902.500840  6.506316
   3     1  8191.063228  4.009003
   3     4  14365.971192  4.298152
   3    12  10439.426897  4.023754
   4     3  14551.293058  4.313837
   4     5  18258.745599  2.333430
   4    11  5458.967513  7.376492
   5     4  18299.758542  2.336436
   5     6  8716.984756  9.779619
   5     9  15838.078458  9.719231
   6     2  5885.766095  6.489305
   6     5  8711.197480  9.764286
   6     8  12514.958454  14.780722
   7     8  12138.099705  5.583151
   7    18  15658.869251  2.060123
   8     6  12492.436434  14.688968
   8     7  12146.620718  5.590412
   8     9  6914.460832  15.270995
   8    16  8337.022223  10.589555
   9     5  15884.878676  9.775258
   9     8  6853.252562  15.086819
   9    10  21888.301942  5.754416
  10     9  21973.893891  5.797753
  10    11  17776.939655  12.490128
  10    15  23127.728313  13.724950
  10    16  11053.394839  20.121539
  10    17  8074.374683  16.203381
  11     4  5703.276437  7.639945
  11    10  17620.388469  12.229748
  11    12  8253.002125  13.190838
  11    14  9811.024654  13.830438
  12     3  10270.839775  4.022256
  12    11  8422.130710  13.798653
  12    13  12747.369000  3.026405
  13    12  12847.910464  3.027248
  13    24  11072.955688  17.424735
  14    11  9829.653806  13.905315
  14    15  9048.824837  12.274422
  14    23  8303.956958  8.849986
  15    10  23144.900858  13.747919
  15    14  9071.552183  12.347780
  15    19  18921.111994  4.281701
  15    22  18270.264076  8.905480
  16     8  8384.229486  10.717234
  16    10  11070.267507  20.220200
  16    17  11606.474299  9.276887
  16    18  15466.727671  3.171678
  17    10  8182.472605  16.651582
  17    16  11562.874630  9.168159
  17    19  9882.377129  7.283911
  18     7  15650.348237  2.059992
  18    16  15574.407271  3.176509
  18    20  19196.366477  4.271585
  19    15  18913.464095  4.279630
  19    17  9946.875382  7.423211
  19    20  8724.235881  9.549772
  20    18  19195.525063  4.271538
  20    19  8781.086234  9.695849
  20    21  6231.706859  8.070611
  20    22  7206.297893  8.047385
  21    20  6178.916046  8.001335
  21    22  8616.971201  4.210869
  21    24  10239.394702  11.684088
  22    15  18217.811866  8.837955
  22    20  7215.097647  8.062297
  22    21  8630.631746  4.224922
  22    23  9635.224960  12.274060
  23    14  8299.858764  8.840419
  23    22  9605.233049  12.171520
  23    24  7884.630445  3.743018
  24    13  11073.497153  17.427361
  24    21  10172.943343  11.460842
  24    23  7850.540339  3.713069
