<METADATA>
<File Name> ./SiouxFalls/SiouxFalls_MIX_0.02_0.20_1.15_flow.txt
<Number of Links> 76
<theta | lambda> 0.020000 | 0.000000
<stoch | determ> 0.200000 | 0.800000
<distant tolerance> 1.150000
<optimal objective> 20557302.123868
<system cost> 13549588.975946

<LINKS>
~ Init node | Term node | Flow | Cost
   1     2  4504.356239  6.000823
   1     3  7446.574913  4.006150
   2     1  4509.938220  6.000827
   2     6  6491.497617  7.203695
   3     1  7440.992932  4.006131
   3     4  14628.643604  4.320564
   3    12  10026.332302  4.020211
   4     3  14636.244238  4.321230
   4     5  20812.302929  2.562862
   4    11  7329.333576  10.472905
   5     4  20852.294794  2.567201
   5     6  10991.170397  18.608642
   5     9  15638.926368  9.486307
   6     2  6497.079598  7.211284
   6     5  10991.808533  18.612035
   6     8  14299.897298  23.785594
   7     8  13749.374422  7.252837
   7    18  16537.046358  2.074788
   8     6  14306.117415  23.823523
   8     7  13718.993060  7.215372
   8     9  7240.498895  16.337723
   8    16  10405.552625  18.564193
   9     5  15678.280097  9.531635
   9     8  7214.533983  16.247301
   9    10  22185.855750  5.907274
  10     9  22299.244567  5.967166
  10    11  16929.775976  11.161211
  10    15  21451.133931  11.716955
  10    16  17578.122378  107.113064
  10    17  3713.721012  8.367108
  11     4  7396.942346  10.640242
  11    10  16790.573339  10.961058
  11    12  8372.925403  13.617993
  11    14  11266.945105  21.097795
  12     3  10013.149687  4.020105
  12    11  8374.778015  13.624738
  12    13  12438.922073  3.023940
  13    12  12527.592069  3.024630
  13    24  11135.075132  17.728531
  14    11  11293.498625  21.259547
  14    15  8329.626840  10.223143
  14    23  7421.312628  7.094020
  15    10  21529.204527  11.800637
  15    14  8390.014415  10.376264
  15    19  19917.025186  4.573613
  15    22  20304.844301  12.008957
  16     8  10407.356292  18.573600
  16    10  17648.748688  108.780250
  16    17  17281.455061  37.765607
  16    18  15256.103036  3.162516
  17    10  3717.615561  8.368651
  17    16  17277.456906  37.732520
  17    19  13923.161011  22.819061
  18     7  16567.427720  2.075339
  18    16  15332.531168  3.165797
  18    20  16168.025776  4.136665
  19    15  20024.785987  4.607946
  19    17  13923.057405  22.818442
  19    20  9628.664805  12.234359
  20    18  16174.835270  4.136896
  20    19  9736.322000  12.608852
  20    21  7504.296308  10.354221
  20    22  7743.313138  9.062429
  21    20  7395.172035  10.106423
  21    22  9276.039192  4.968894
  21    24  10724.651606  13.451048
  22    15  20235.541672  11.886591
  22    20  7866.904098  9.328066
  22    21  9214.467493  4.890849
  22    23  10445.020143  15.426372
  23    14  7387.478573  7.037981
  23    22  10437.736775  15.394535
  23    24  8050.298492  3.894194
  24    13  11123.745129  17.672741
  24    21  10677.099033  13.266920
  24    23  8009.181069  3.855791
