<METADATA>
<File Name> ./SiouxFalls/SiouxFalls_MIX_0.10_0.20_1.30_flow.txt
<Number of Links> 76
<theta | lambda> 0.100000 | 0.000000
<stoch | determ> 0.200000 | 0.800000
<distant tolerance> 1.300000
<optimal objective> 5927867.666043
<system cost> 8931519.482345

<LINKS>
~ Init node | Term node | Flow | Cost
   1     2  5344.848255  6.001632
   1     3  9253.253775  4.014662
   2     1  5340.754403  6.001627
   2     6  6685.449654  7.479101
   3     1  9257.347626  4.014688
   3     4  14139.852919  4.279819
   3    12  10663.142871  4.025857
   4     3  14155.952369  4.281096
   4     5  18301.265204  2.336547
   4    11  6422.830236  8.637773
   5     4  18363.530595  2.341150
   5     6  8647.010656  9.596262
   5     9  16199.133845  10.164502
   6     2  6681.355802  7.473035
   6     5  8672.954620  9.663728
   6     8  12686.755444  15.497085
   7     8  14202.042586  7.841169
   7    18  16323.102587  2.070992
   8     6  12708.605557  15.590309
   8     7  14171.392351  7.799512
   8     9  6451.429228  13.994690
   8    16  8341.663466  10.602012
   9     5  16235.455273  10.210977
   9     8  6406.690949  13.885030
   9    10  22776.131310  6.229246
  10     9  22867.714460  6.281499
  10    11  17758.276747  12.458724
  10    15  24439.948284  15.633074
  10    16  13516.735772  40.050480
  10    17  5652.879568  9.970771
  11     4  6476.664295  8.727327
  11    10  17616.187186  12.222856
  11    12  9114.376045  16.696445
  11    14  9887.258951  14.139558
  12     3  10651.137272  4.025740
  12    11  9114.228152  16.695751
  12    13  13846.374942  3.036757
  13    12  13934.221450  3.037699
  13    24  11221.752883  18.161011
  14    11  9899.151342  14.188429
  14    15  9076.235047  12.362964
  14    23  8544.442101  9.436696
  15    10  24490.235256  15.712602
  15    14  9087.096747  12.398273
  15    19  19792.479994  4.534620
  15    22  18056.717709  8.634185
  16     8  8377.601622  10.699177
  16    10  13587.111199  40.807157
  16    17  13648.283919  15.914146
  16    18  14561.750879  3.134889
  17    10  5665.889879  9.988977
  17    16  13651.072791  15.925523
  17    19  12104.060719  13.891432
  18     7  16353.752822  2.071527
  18    16  14665.275590  3.138766
  18    20  15280.173800  4.109029
  19    15  19803.427401  4.538018
  19    17  12119.859902  13.953640
  19    20  9718.591447  12.546313
  20    18  15314.348746  4.110008
  20    19  9745.338036  12.640784
  20    21  6907.950502  9.126565
  20    22  7929.093028  9.466553
  21    20  6830.469845  8.988635
  21    22  9017.961813  4.652027
  21    24  9915.573856  10.636573
  22    15  18006.918974  8.572287
  22    20  7967.495221  9.553713
  22    21  8978.678936  4.606118
  22    23  9453.311172  11.666675
  23    14  8545.472792  9.439319
  23    22  9402.631754  11.503587
  23    24  8699.541338  4.583223
  24    13  11209.599391  18.099763
  24    21  9877.376076  10.519578
  24    23  8649.892611  4.524756
