<METADATA>
<File Name> ./SiouxFalls/SiouxFalls_MIX_0.02_0.80_1.25_flow.txt
<Number of Links> 76
<theta | lambda> 0.020000 | 0.000000
<stoch | determ> 0.800000 | 0.200000
<distant tolerance> 1.250000
<optimal objective> 90796128.678526
<system cost> 10709284.683038

<LINKS>
~ Init node | Term node | Flow | Cost
   1     2  7448.487250  6.006156
   1     3  13025.980990  4.057580
   2     1  7627.569299  6.006770
   2     6  7521.106637  8.970990
   3     1  12846.898941  4.054478
   3     4  21060.405103  5.377098
   3    12  17485.312110  4.186949
   4     3  19705.649365  5.055507
   4     5  19855.743966  2.466301
   4    11  9514.871462  18.704085
   5     4  20705.130627  2.551357
   5     6  8514.804898  9.261782
   5     9  16603.984459  10.700468
   6     2  7700.188686  9.362920
   6     5  8378.944438  8.933911
   6     8  13596.706964  19.806259
   7     8  15157.419129  9.281278
   7    18  19094.761175  2.132940
   8     6  13639.928553  20.033752
   8     7  14821.528699  8.742737
   8     9  9445.933635  28.358571
   8    16  10380.493482  18.434000
   9     5  17589.231580  12.178748
   9     8  9067.241681  25.586912
   9    10  23433.117516  6.618275
  10     9  24139.672683  7.074804
  10    11  17849.368825  12.612945
  10    15  25254.004825  16.982085
  10    16  11919.022790  25.796480
  10    17  8573.132575  18.425946
  11     4  7410.729064  10.674934
  11    10  18602.672855  13.981785
  11    12  10155.933706  22.489638
  11    14  10283.057469  15.863271
  12     3  18660.985798  4.242532
  12    11  9109.890217  16.675403
  12    13  15559.954606  3.058618
  13    12  15789.584805  3.062156
  13    24  10963.260426  16.900614
  14    11  10078.262589  14.946066
  14    15  9408.760058  13.502748
  14    23  9101.809691  11.000212
  15    10  25257.626603  16.988386
  15    14  9308.223151  13.145109
  15    19  19131.306783  4.339611
  15    22  19090.477461  10.039520
  16     8  10466.516595  18.884877
  16    10  11838.191944  25.211201
  16    17  13052.286429  13.638332
  16    18  23493.414591  3.913915
  17    10  8503.592780  18.091765
  17    16  13193.072980  14.148656
  17    19  9872.501900  7.262822
  18     7  19430.651605  2.142544
  18    16  23357.820307  3.892998
  18    20  20785.199339  4.373290
  19    15  18931.305094  4.284465
  19    17  9943.748656  7.416395
  19    20  10193.547829  14.343487
  20    18  20885.495485  4.380548
  20    19  10064.792896  13.830710
  20    21  9820.308694  18.769418
  20    22  8786.348303  11.734605
  21    20  9652.647951  17.919455
  21    22  12455.225858  11.650522
  21    24  9013.775352  8.214996
  22    15  19093.564022  10.044073
  22    20  8825.550258  11.855602
  22    21  12423.633039  11.552979
  22    23  9702.878974  12.508905
  23    14  8997.551719  10.684941
  23    22  9713.574670  12.546486
  23    24  10737.963619  7.996036
  24    13  11092.890625  17.521672
  24    21  8877.707429  7.907162
  24    23  10644.401343  7.789773
