<METADATA>
<File Name> ./SiouxFalls/SiouxFalls_MLT_0.2_1.0_0.5_0.5_1.4_flow.txt
<Number of Links> 76
<theta | lambda> 0.200000 | 1.000000
<stoch | determ> 0.500000 | 0.500000
<Optimal Objective> 8253719.730791
<System Cost> 7691889.040548

<LINKS>
~ Init node | Term node | Flow | Cost
   1     2  5322.674046  6.008026
   1     3  9174.450416  4.070847
   2     1  5332.956232  6.008089
   2     6  6724.723990  17.689326
   3     1  9164.168231  4.070530
   3     4  14791.416421  5.674862
   3    12  11301.999062  4.163190
   4     3  14788.749554  5.674353
   4     5  18341.433710  3.697412
   4    11  6545.985452  20.239566
   5     4  18424.436439  3.729106
   5     6  8242.316400  27.088362
   5     9  16506.415740  32.842357
   6     2  6735.006176  17.767053
   6     5  8264.110232  27.352270
   6     8  12563.212845  66.874343
   7     8  14006.393709  25.936412
   7    18  16720.462083  2.391179
   8     6  12595.288863  67.573797
   8     7  13959.350229  25.616372
   8     9  6918.784875  36.420943
   8    16  8284.297469  32.187804
   9     5  16567.624637  33.260121
   9     8  6915.380029  36.369539
   9    10  21862.518564  16.705110
  10     9  22020.322615  17.106160
  10    11  17569.672689  40.743476
  10    15  23471.356918  46.935602
  10    16  11117.859298  86.516813
  10    17  8035.412634  48.258729
  11     4  6560.315856  20.360449
  11    10  17473.674304  39.981748
  11    12  8160.841234  40.374399
  11    14  9555.993466  48.302197
  12     3  11294.383744  4.162662
  12    11  8160.052614  40.361017
  12    13  13867.333322  3.184926
  13    12  13958.929383  3.189777
  13    24  11035.353019  70.237161
  14    11  9575.114105  48.679242
  14    15  9065.572814  41.757829
  14    23  8305.106167  28.378960
  15    10  23456.584326  46.827865
  15    14  9083.096722  42.063292
  15    19  18729.041392  9.149599
  15    22  17613.258369  28.447780
  16     8  8272.734853  32.029948
  16    10  11111.717757  86.361386
  16    17  11692.425776  39.473759
  16    18  16803.457434  4.197864
  17    10  8210.129203  51.844520
  17    16  11591.083720  38.208903
  17    19  10670.489784  37.910135
  18     7  16767.505563  2.395796
  18    16  16887.095333  4.221597
  18    20  18342.828596  5.132377
  19    15  18648.573064  9.045304
  19    17  10743.864297  38.907550
  19    20  9289.907113  39.646327
  20    18  18373.509975  5.140247
  20    19  9282.813298  39.545482
  20    21  6630.338359  19.263156
  20    22  7441.749388  22.328502
  21    20  6559.335632  18.716865
  21    22  8754.631680  13.847109
  21    24  9875.358229  40.772068
  22    15  17596.478014  28.351038
  22    20  7436.339679  22.277920
  22    21  8745.565196  13.798653
  22    23  9432.652839  41.604592
  23    14  8306.702897  28.396376
  23    22  9401.396291  41.108714
  23    24  8322.016315  12.748908
  24    13  11026.949080  69.998736
  24    21  9813.421985  39.858102
  24    23  8292.356498  12.596123
