<METADATA>
<File Name> ./SiouxFalls/SiouxFalls_MIX_0.20_1.00_0.50_0.50_1.30_flow.txt
<Number of Links> 76
<theta | lambda> 0.200000 | 1.000000
<stoch | determ> 0.500000 | 0.500000
<distant tolerance> 1.300000
<optimal objective> 8148624.589911
<system cost> 7448232.555474

<LINKS>
~ Init node | Term node | Flow | Cost
   1     2  6894.548554  6.004519
   1     3  10310.155923  4.022599
   2     1  6924.293409  6.004598
   2     6  6876.099612  7.774217
   3     1  10280.411067  4.022339
   3     4  16714.775453  4.546387
   3    12  14168.308400  4.080594
   4     3  16727.361970  4.548034
   4     5  18530.159410  2.353702
   4    11  6894.365438  9.501942
   5     4  18592.271464  2.358469
   5     6  7351.648892  6.923971
   5     9  16954.845715  11.197787
   6     2  6905.844468  7.822533
   6     5  7374.354673  6.960262
   6     8  12431.098409  14.441586
   7     8  13524.168144  6.980973
   7    18  15704.429644  2.060826
   8     6  12483.549046  14.652898
   8     7  13459.172566  6.904994
   8     9  7576.354334  17.598020
   8    16  8082.185254  9.936834
   9     5  16994.251987  11.255607
   9     8  7553.782591  17.507878
   9    10  22117.961968  5.871849
  10     9  22234.796497  5.933012
  10    11  17528.901186  12.080763
  10    15  23329.404638  13.997945
  10    16  10893.380951  19.208085
  10    17  8107.774971  16.339962
  11     4  6944.839902  9.605626
  11    10  17405.224241  11.883031
  11    12  7324.558261  10.461259
  11    14  9455.089651  12.479651
  12     3  14125.977027  4.079635
  12    11  7351.181214  10.526476
  12    13  15131.139009  3.052419
  13    12  15215.430589  3.053597
  13    24  10763.292507  15.984834
  14    11  9455.264217  12.480277
  14    15  8954.798340  11.976747
  14    23  8159.087720  8.520293
  15    10  23232.220572  13.865506
  15    14  8988.302506  12.081748
  15    19  18321.882838  4.126887
  15    22  17402.709874  7.861199
  16     8  8092.212057  9.961379
  16    10  10926.341415  19.392984
  16    17  11119.495019  8.130341
  16    18  18559.320181  3.355934
  17    10  8312.510047  17.214803
  17    16  10975.502641  7.818915
  17    19  8927.935888  5.519768
  18     7  15769.425222  2.061839
  18    16  18746.299825  3.370496
  18    20  20027.975136  4.321794
  19    15  18361.810936  4.136742
  19    17  8988.678586  5.616539
  19    20  9043.569270  10.408037
  20    18  20179.950357  4.331673
  20    19  9144.240067  10.698167
  20    21  6450.565504  8.377178
  20    22  7277.783477  8.170115
  21    20  6323.935710  8.195939
  21    22  8407.909543  4.003994
  21    24  9825.011326  10.361382
  22    15  17199.101875  7.637660
  22    20  7557.059290  8.685444
  22    21  8333.886653  3.934349
  22    23  9298.299859  11.176049
  23    14  8125.758120  8.446883
  23    22  9299.944783  11.181129
  23    24  8110.145557  3.951152
  24    13  10747.584087  15.915022
  24    21  9772.404422  10.204981
  24    23  8078.460880  3.920839
