<METADATA>
<File Name> ./SiouxFalls/SiouxFalls_MLT_0.20_1.00_0.50_0.50_1.15_flow.txt
<Number of Links> 76
<theta | lambda> 0.200000 | 1.000000
<stoch | determ> 0.500000 | 0.500000
<distant tolerance> 1.150000
<optimal objective> 8560945.003163
<system cost> 8811726.329391

<LINKS>
~ Init node | Term node | Flow | Cost
   1     2  4460.250032  6.000792
   1     3  7573.818444  4.006581
   2     1  4481.994106  6.000807
   2     6  5985.565590  6.592915
   3     1  7552.074370  4.006506
   3     4  14963.582814  4.350946
   3    12  10466.818670  4.024004
   4     3  14948.523905  4.349535
   4     5  19578.098846  2.440761
   4    11  6722.704232  9.165977
   5     4  19621.593473  2.444691
   5     6  9559.924938  12.360880
   5     9  16223.594039  10.195766
   6     2  6007.309664  6.616188
   6     5  9555.817136  12.346519
   6     8  12882.846331  16.351095
   7     8  13676.909612  7.163886
   7    18  15785.018849  2.062084
   8     6  12900.482603  16.429841
   8     7  13527.602856  6.985018
   8     9  7684.010573  18.039168
   8    16  8746.333938  11.770762
   9     5  16271.196468  10.257015
   9     8  7721.265784  18.196214
   9    10  22473.953158  6.061252
  10     9  22658.810798  6.163222
  10    11  17062.823046  11.357184
  10    15  22608.524505  13.054279
  10    16  12503.184845  30.394070
  10    17  6469.917183  11.381833
  11     4  6764.150696  9.244777
  11    10  16911.652821  11.134872
  11    12  7936.782307  12.150488
  11    14  10547.625986  17.132103
  12     3  10460.133505  4.023943
  12    11  7937.464876  12.152604
  12    13  12986.106432  3.028439
  13    12  13080.103836  3.029271
  13    24  11446.154877  19.328157
  14    11  10537.219656  17.080355
  14    15  8810.272057  11.537128
  14    23  8504.276976  9.335188
  15    10  22690.397299  13.157019
  15    14  8848.871409  11.652445
  15    19  18737.859557  4.232764
  15    22  19540.815463  10.727635
  16     8  8577.408243  11.262643
  16    10  12589.887027  31.133829
  16    17  14705.822101  20.754332
  16    18  16359.269305  3.214871
  17    10  6537.370072  11.525085
  17    16  14651.367843  20.478089
  17    19  11710.122713  12.417309
  18     7  15934.325605  2.064467
  18    16  16331.500050  3.213415
  18    20  18113.115125  4.215279
  19    15  18768.375572  4.240814
  19    17  11723.121345  12.463640
  19    20  9714.703159  12.532644
  20    18  18134.652626  4.216305
  20    19  9758.217805  12.686554
  20    21  6397.910501  8.300505
  20    22  7497.577400  8.570773
  21    20  6298.430153  8.160727
  21    22  8725.325932  4.324187
  21    24  10275.248182  11.806359
  22    15  19530.771594  10.711759
  22    20  7562.109895  8.695306
  22    21  8680.132938  4.276407
  22    23  9835.289807  12.982969
  23    14  8455.271293  9.213272
  23    22  9844.585439  13.016977
  23    24  8123.981123  3.964501
  24    13  11440.152282  19.296028
  24    21  10220.960829  11.621721
  24    23  8084.271072  3.926371
