<METADATA>
<File Name> ./SiouxFalls/SiouxFalls_MIX_0.50_0.10_1.15_flow.txt
<Number of Links> 76
<theta | lambda> 0.500000 | 0.000000
<stoch | determ> 0.100000 | 0.900000
<distant tolerance> 1.150000
<optimal objective> 3839405.971766
<system cost> 15652847.099293

<LINKS>
~ Init node | Term node | Flow | Cost
   1     2  4100.389654  6.000565
   1     3  7040.024752  4.004913
   2     1  4110.131304  6.000571
   2     6  6233.486430  6.873682
   3     1  7030.283102  4.004886
   3     4  13368.786428  4.223597
   3    12  9216.188471  4.014429
   4     3  13377.580639  4.224186
   4     5  19069.864006  2.396745
   4    11  6359.318420  8.534977
   5     4  19103.269830  2.399532
   5     6  11329.501911  20.492153
   5     9  13700.721788  7.642622
   6     2  6243.228080  6.885422
   6     5  11329.689776  20.493247
   6     8  14830.286009  27.202048
   7     8  11903.010769  5.388770
   7    18  14979.738129  2.050352
   8     6  14840.215524  27.269611
   8     7  11839.255617  5.338000
   8     9  4951.572034  11.386219
   8    16  10795.637762  20.715441
   9     5  13733.939747  7.668344
   9     8  4897.535165  11.326690
   9    10  20881.187956  5.281403
  10     9  20960.369045  5.316205
  10    11  17340.061790  11.780533
  10    15  21114.142371  11.366085
  10    16  19080.011973  147.132523
  10    17  2753.242103  8.110901
  11     4  6434.706806  8.657338
  11    10  17170.269920  11.518831
  11    12  8685.445793  14.820641
  11    14  11765.474043  24.330736
  12     3  9197.652610  4.014313
  12    11  8688.435590  14.832793
  12    13  12078.208312  3.021282
  13    12  12162.662248  3.021883
  13    24  11526.691344  19.764134
  14    11  11768.080762  24.348760
  14    15  8070.375351  9.602615
  14    23  7412.349917  7.079100
  15    10  21165.153768  11.418131
  15    14  8119.443909  9.715577
  15    19  19197.763566  4.358321
  15    22  20475.421931  12.315524
  16     8  10795.848994  20.716671
  16    10  19170.012701  149.852326
  16    17  18092.367079  44.966100
  16    18  14851.877778  3.145964
  17    10  2761.202937  8.112189
  17    16  18092.240344  44.964896
  17    19  14426.608833  25.997544
  18     7  15043.493281  2.051215
  18    16  14942.216473  3.149548
  18    20  15308.425604  4.109838
  19    15  19290.916708  4.384878
  19    17  14434.442933  26.049712
  19    20  8732.282690  9.570275
  20    18  15362.519452  4.111399
  20    19  8833.269932  9.832457
  20    21  6747.227233  8.845587
  20    22  6338.012664  6.823437
  21    20  6668.143205  8.714502
  21    22  8821.256206  4.428097
  21    24  10818.500366  13.821696
  22    15  20382.348744  12.147297
  22    20  6472.177782  6.982806
  22    21  8782.713065  4.385938
  22    23  10366.106562  15.084954
  23    14  7365.888079  7.002622
  23    22  10368.655351  15.095861
  23    24  8128.470876  3.968847
  24    13  11511.145280  19.679261
  24    21  10777.959478  13.660395
  24    23  8084.557827  3.926645
