<METADATA>
<File Name> ./SiouxFalls/SiouxFalls_MIX_0.10_0.30_1.30_flow.txt
<Number of Links> 76
<theta | lambda> 0.100000 | 0.000000
<stoch | determ> 0.300000 | 0.700000
<distant tolerance> 1.300000
<optimal objective> 8306853.127998
<system cost> 8628289.852450

<LINKS>
~ Init node | Term node | Flow | Cost
   1     2  5294.613902  6.001572
   1     3  9226.892576  4.014496
   2     1  5278.170328  6.001552
   2     6  6569.986502  7.312223
   3     1  9243.336150  4.014600
   3     4  14718.252140  4.328491
   3    12  11004.585429  4.029331
   4     3  14744.956621  4.330881
   4     5  18769.902581  2.372365
   4    11  6784.448787  9.283900
   5     4  18869.121304  2.380301
   5     6  8617.732162  9.520851
   5     9  16586.099197  10.675947
   6     2  6553.542928  7.289161
   6     5  8657.317012  9.622991
   6     8  12567.853838  14.998170
   7     8  14142.919138  7.761055
   7    18  16298.312202  2.070562
   8     6  12590.995114  15.094169
   8     7  14124.914632  7.736857
   8     9  6825.350568  15.004482
   8    16  8323.145265  10.552432
   9     5  16645.733070  10.758017
   9     8  6809.780939  14.958974
   9    10  22814.139575  6.250855
  10     9  22958.203819  6.333749
  10    11  17621.398935  12.231407
  10    15  23991.865748  14.945814
  10    16  12584.897364  31.090840
  10    17  6973.872944  12.565133
  11     4  6811.934544  9.337441
  11    10  17507.751335  12.046651
  11    12  8749.249526  15.082699
  11    14  9714.482973  13.449181
  12     3  10994.324522  4.029222
  12    11  8749.702762  15.084581
  12    13  13796.650327  3.036232
  13    12  13886.842656  3.037189
  13    24  11105.788355  17.584668
  14    11  9727.867895  13.501366
  14    15  9024.610678  12.196870
  14    23  8470.976195  9.252112
  15    10  24062.471669  15.051586
  15    14  9050.279264  12.279100
  15    19  19324.982230  4.394686
  15    22  17964.057228  8.519422
  16     8  8343.851663  10.607892
  16    10  12654.629232  31.696281
  16    17  14075.136579  17.738192
  16    18  15149.317166  3.158013
  17    10  6991.246998  12.610796
  17    16  14078.605164  17.753712
  17    19  11729.142546  12.485154
  18     7  16316.316709  2.070874
  18    16  15236.286848  3.161673
  18    20  16270.381639  4.140159
  19    15  19418.592744  4.421906
  19    17  11749.985185  12.559881
  19    20  9606.601666  12.159145
  20    18  16275.355828  4.140330
  20    19  9721.054819  12.554982
  20    21  7119.617479  9.527745
  20    22  7957.672541  9.531299
  21    20  7031.286832  9.355906
  21    22  9133.234099  4.790248
  21    24  9875.152247  10.512808
  22    15  17866.721221  8.400765
  22    20  8065.430531  9.781770
  22    21  9089.732440  4.737466
  22    23  9393.456182  11.474341
  23    14  8458.692530  9.221715
  23    22  9360.376506  11.369610
  23    24  8801.089917  4.705966
  24    13  11095.980685  17.536744
  24    21  9830.323258  10.377314
  24    23  8755.726576  4.650607
