<METADATA>
<File Name> ./SiouxFalls/SiouxFalls_MLT_0.20_1.50_0.50_0.50_1.10_flow.txt
<Number of Links> 76
<theta | lambda> 0.200000 | 1.500000
<stoch | determ> 0.500000 | 0.500000
<distant tolerance> 1.100000
<optimal objective> 8157520.311550
<system cost> 7470428.878188

<LINKS>
~ Init node | Term node | Flow | Cost
   1     2  6652.785131  6.003918
   1     3  10288.853107  4.022413
   2     1  6703.455970  6.004039
   2     6  6904.706534  7.820673
   3     1  10238.182268  4.021975
   3     4  16347.056323  4.499869
   3    12  13089.342564  4.058709
   4     3  16120.139925  4.472687
   4     5  18622.372559  2.360796
   4    11  6957.236244  9.631439
   5     4  18847.080752  2.378528
   5     6  7419.841320  7.033979
   5     9  17025.228549  11.301342
   6     2  6955.377374  7.904388
   6     5  7451.566905  7.086203
   6     8  12433.904328  14.452823
   7     8  13494.884075  6.946604
   7    18  15916.406721  2.064177
   8     6  12516.300754  14.786206
   8     7  13409.968921  6.848204
   8     9  7566.249094  17.557564
   8    16  8059.451687  9.881523
   9     5  17218.211156  11.591942
   9     8  7528.681490  17.408580
   9    10  22094.321312  5.859591
  10     9  22349.736315  5.994131
  10    11  17355.533327  11.804765
  10    15  23161.981200  13.770815
  10    16  10879.276317  19.129472
  10    17  8461.453793  17.893211
  11     4  6605.611653  8.951099
  11    10  17419.955543  11.906364
  11    12  7541.854076  11.014691
  11    14  9400.446511  12.285321
  12     3  13265.588122  4.061935
  12    11  7364.860344  10.560262
  12    13  14884.323010  3.049081
  13    12  14983.574835  3.050404
  13    24  10723.886973  15.810285
  14    11  9390.237869  12.249389
  14    15  8931.193349  11.903474
  14    23  8143.812550  8.486537
  15    10  23236.019946  13.870652
  15    14  8938.164341  11.925053
  15    19  18186.090152  4.093849
  15    22  17221.719304  7.662103
  16     8  8094.500562  9.966993
  16    10  10896.248936  19.224107
  16    17  11480.597071  8.966302
  16    18  19097.756968  3.399071
  17    10  8461.435216  17.893124
  17    16  11477.067869  8.957740
  17    19  8910.311552  5.492057
  18     7  16001.321875  2.065558
  18    16  19153.307664  3.403735
  18    20  20473.311597  4.351384
  19    15  18184.515347  4.093470
  19    17  8906.763772  5.486499
  19    20  9127.138731  10.648201
  20    18  20513.777447  4.354171
  20    19  9122.016147  10.633288
  20    21  6501.403926  8.453009
  20    22  7367.723230  8.329750
  21    20  6444.795505  8.368684
  21    22  8357.291950  3.956170
  21    24  9793.464453  10.267290
  22    15  17204.303846  7.643274
  22    20  7359.674917  8.315225
  22    21  8335.036514  3.935416
  22    23  9297.778334  11.174440
  23    14  8126.632915  8.448799
  23    22  9250.059128  11.028283
  23    24  8073.888925  3.916495
  24    13  10723.138799  15.806989
  24    21  9759.111468  10.165858
  24    23  8008.990084  3.855614
