<METADATA>
<File Name> ./SiouxFalls/SiouxFalls_MIX_0.50_0.30_1.25_flow.txt
<Number of Links> 76
<theta | lambda> 0.500000 | 0.000000
<stoch | determ> 0.300000 | 0.700000
<distant tolerance> 1.250000
<optimal objective> 3815614.602754
<system cost> 8613541.038916

<LINKS>
~ Init node | Term node | Flow | Cost
   1     2  4293.676379  6.000680
   1     3  7409.977097  4.006030
   2     1  4301.528351  6.000685
   2     6  5796.587921  6.401075
   3     1  7402.125125  4.006004
   3     4  14407.966234  4.301654
   3    12  9978.230931  4.019826
   4     3  14401.080607  4.301078
   4     5  19270.989175  2.413749
   4    11  6751.274370  9.220140
   5     4  19400.462320  2.424981
   5     6  9334.233181  11.598864
   5     9  15882.584796  9.772501
   6     2  5804.439893  6.408682
   6     5  9316.224950  11.540392
   6     8  12857.960530  16.240527
   7     8  13874.958111  7.410356
   7    18  15754.605630  2.061607
   8     6  12847.804271  16.195587
   8     7  13862.039340  7.393954
   8     9  6467.156964  14.033787
   8    16  8207.041403  10.249040
   9     5  16030.066172  9.952250
   9     8  6447.549190  13.985088
   9    10  21723.058325  5.672176
  10     9  21950.931928  5.786077
  10    11  17705.806691  12.370961
  10    15  24277.537592  15.379557
  10    16  12262.596232  28.420439
  10    17  5875.893315  10.300663
  11     4  6714.915597  9.151330
  11    10  17663.996550  12.301585
  11    12  8331.003281  13.466566
  11    14  9826.844975  13.893998
  12     3  9977.264587  4.019819
  12    11  8310.042540  13.391706
  12    13  12718.466941  3.026166
  13    12  12796.539855  3.026815
  13    24  11596.371201  20.148787
  14    11  9869.636803  14.067464
  14    15  9062.530598  12.318594
  14    23  8944.509199  10.528693
  15    10  24382.122997  15.542229
  15    14  9122.698606  12.514897
  15    19  20114.085400  4.636821
  15    22  18922.188163  9.794559
  16     8  8203.574148  10.240175
  16    10  12304.172580  28.753317
  16    17  14152.644320  18.087729
  16    18  14794.394943  3.143718
  17    10  5899.415305  10.337724
  17    16  14132.651431  17.997015
  17    19  12126.635503  13.980393
  18     7  15767.524401  2.061809
  18    16  14852.496924  3.145989
  18    20  16218.608513  4.138384
  19    15  20202.952321  4.665940
  19    17  12130.164604  13.994345
  19    20  9730.529916  12.588384
  20    18  16189.629265  4.137397
  20    19  9822.925938  12.919263
  20    21  6442.718958  8.365633
  20    22  7644.153490  8.858300
  21    20  6432.857546  8.351182
  21    22  9000.838409  4.631942
  21    24  9972.727963  10.814172
  22    15  18898.074655  9.759991
  22    20  7617.431676  8.804633
  22    21  9043.773253  4.682520
  22    23  9433.554482  11.602785
  23    14  8927.133020  10.478108
  23    22  9425.654004  11.577348
  23    24  8728.256869  4.617500
  24    13  11574.444114  20.026992
  24    21  9919.931707  10.650007
  24    23  8702.980211  4.587310
