<METADATA>
<File Name> ./SiouxFalls/SiouxFalls_MIX_0.10_0.50_1.50_flow.txt
<Number of Links> 76
<theta | lambda> 0.100000 | 0.000000
<stoch | determ> 0.500000 | 0.500000
<distant tolerance> 1.500000
<optimal objective> 13295345.095280
<system cost> 7880166.123211

<LINKS>
~ Init node | Term node | Flow | Cost
   1     2  6638.578407  6.003884
   1     3  10543.757917  4.024718
   2     1  6637.443193  6.003882
   2     6  6953.731706  7.901640
   3     1  10544.893131  4.024729
   3     4  16869.033350  4.566838
   3    12  14257.056299  4.082632
   4     3  16843.674471  4.563437
   4     5  18958.860439  2.387588
   4    11  7650.576435  11.310169
   5     4  19005.882315  2.391447
   5     6  7387.579440  6.981554
   5     9  16871.471807  11.076775
   6     2  6952.596493  7.899745
   6     5  7397.854827  6.998177
   6     8  12717.511237  15.628443
   7     8  13881.137092  7.418218
   7    18  16599.696334  2.075928
   8     6  12726.651410  15.667665
   8     7  13862.915183  7.395064
   8     9  7833.601206  18.683707
   8    16  8264.336951  10.397162
   9     5  16908.218296  11.129890
   9     8  7819.507017  18.621380
   9    10  22555.090607  6.105700
  10     9  22677.742907  6.173807
  10    11  17575.538853  12.156421
  10    15  23634.072462  14.423993
  10    16  11032.359398  19.999167
  10    17  7908.454438  15.549597
  11     4  7678.195680  11.387266
  11    10  17459.431946  11.969180
  11    12  7841.245774  11.859654
  11    14  9570.299474  12.900563
  12     3  14283.550392  4.083248
  12    11  7824.830948  11.810741
  12    13  15328.343774  3.055205
  13    12  15438.423042  3.056808
  13    24  10834.524320  16.305262
  14    11  9598.226638  13.004910
  14    15  8982.638926  12.063916
  14    23  8109.550523  8.411510
  15    10  23707.206508  14.528748
  15    14  9019.023406  12.179063
  15    19  19270.116830  4.378915
  15    22  17201.386534  7.640125
  16     8  8269.349404  10.410267
  16    10  11085.814992  20.311514
  16    17  12010.020079  10.342944
  16    18  18793.312455  3.374227
  17    10  7920.624004  15.596174
  17    16  12035.932882  10.415180
  17    19  9956.960488  7.445238
  18     7  16617.918243  2.076262
  18    16  18825.867700  3.376826
  18    20  19658.924696  4.298723
  19    15  19308.942312  4.390061
  19    17  9995.042856  7.529023
  19    20  9063.767102  10.465475
  20    18  19609.701850  4.295743
  20    19  9140.674952  10.687728
  20    21  7333.895914  9.972002
  20    22  7395.407281  8.380079
  21    20  7387.120191  10.088568
  21    22  8957.181386  4.581249
  21    24  9688.815564  9.961613
  22    15  17172.079579  7.608583
  22    20  7269.868008  8.156346
  22    21  9045.600486  4.684689
  22    23  9364.321397  11.382041
  23    14  8101.093207  8.393136
  23    22  9297.894270  11.174797
  23    24  8327.023797  4.168382
  24    13  10844.603587  16.351116
  24    21  9653.620740  9.861010
  24    23  8252.139354  4.091427
