<METADATA>
<File Name> ./SiouxFalls/SiouxFalls_MIX_0.20_1.00_0.00_1.00_1.70_flow.txt
<Number of Links> 76
<theta | lambda> 0.200000 | 1.000000
<stoch | determ> 0.000000 | 1.000000
<distant tolerance> 1.700000
<optimal objective> 1460474.288591
<system cost> 7302371.442954

<LINKS>
~ Init node | Term node | Flow | Cost
   1     2  6660.971367  6.003937
   1     3  10294.497867  4.022462
   2     1  6699.498973  6.004029
   2     6  6466.788574  7.170333
   3     1  10255.970262  4.022128
   3     4  17779.396197  4.699465
   3    12  14410.690685  4.086252
   4     3  17710.373469  4.688666
   4     5  18892.232876  2.382168
   4    11  6475.586777  8.725513
   5     4  18941.622047  2.386180
   5     6  6801.392256  6.142029
   5     9  16974.068549  11.225942
   6     2  6505.316179  7.222519
   6     5  6815.006393  6.159231
   6     8  12455.751759  14.540576
   7     8  13143.789810  6.551644
   7    18  15518.582758  2.057997
   8     6  12507.893501  14.751886
   8     7  13045.809554  6.446919
   8     9  7349.923595  16.729621
   8    16  7796.405410  9.274753
   9     5  17009.843583  11.278596
   9     8  7300.303766  16.549724
   9    10  22532.555436  6.093307
  10     9  22618.710642  6.140889
  10    11  17525.004695  12.074469
  10    15  23714.633317  14.539441
  10    16  10738.355443  18.360675
  10    17  8110.566623  16.351454
  11     4  6457.174879  8.694647
  11    10  17392.372663  11.862725
  11    12  7564.280682  11.074605
  11    14  9590.386880  12.975526
  12     3  14441.185807  4.086984
  12    11  7559.722347  11.062384
  12    13  15909.354238  3.064063
  13    12  16035.291024  3.066116
  13    24  10604.162230  15.291637
  14    11  9543.901285  12.802766
  14    15  8915.470795  11.854991
  14    23  7870.034137  7.912971
  15    10  23626.989729  14.413900
  15    14  8975.083554  12.040180
  15    19  18155.759870  4.086570
  15    22  16810.094695  7.232106
  16     8  7800.186725  9.283052
  16    10  10944.612694  19.496205
  16    17  11410.907757  8.798689
  16    18  15521.131027  3.174106
  17    10  8110.740198  16.352169
  17    16  11513.642467  9.046855
  17    19  8819.013192  5.351118
  18     7  15616.563015  2.059476
  18    16  15628.434883  3.178971
  18    20  19113.710952  4.266938
  19    15  18510.051340  4.173898
  19    17  8921.921477  5.510293
  19    20  8408.844052  8.789726
  20    18  19218.995064  4.272868
  20    19  8866.043807  9.919500
  20    21  6251.922461  8.097611
  20    22  7311.371022  8.229042
  21    20  6178.824969  8.001217
  21    22  8300.169337  3.903234
  21    24  9803.864853  10.298210
  22    15  16327.772397  6.766896
  22    20  7846.952380  9.284326
  22    21  8256.287668  3.863304
  22    23  9278.346890  11.114652
  23    14  7763.935782  7.706192
  23    22  9287.724281  11.143458
  23    24  8047.854733  3.891895
  24    13  10630.099016  15.402516
  24    21  9774.649031  10.211603
  24    23  7951.133769  3.802573
