<METADATA>
<File Name> ./SiouxFalls/SiouxFalls_MIX_0.02_0.20_1.50_flow.txt
<Number of Links> 76
<theta | lambda> 0.020000 | 0.000000
<stoch | determ> 0.200000 | 0.800000
<distant tolerance> 1.500000
<optimal objective> 18897233.464221
<system cost> 8092657.792504

<LINKS>
~ Init node | Term node | Flow | Cost
   1     2  6976.731981  6.004738
   1     3  10864.052352  4.027861
   2     1  6990.047751  6.004775
   2     6  6963.920469  7.918683
   3     1  10850.736583  4.027725
   3     4  17531.017624  4.661190
   3    12  13704.366200  4.070545
   4     3  17609.029723  4.673038
   4     5  19659.412581  2.448129
   4    11  6893.763659  9.500719
   5     4  19704.358971  2.452242
   5     6  7311.223541  6.860186
   5     9  17289.185290  11.701305
   6     2  6977.236238  7.941071
   6     5  7329.027800  6.888149
   6     8  12780.102614  15.898729
   7     8  13802.403048  7.318827
   7    18  16914.765153  2.081859
   8     6  12811.222642  16.034600
   8     7  13717.342249  7.213343
   8     9  7762.499655  18.372703
   8    16  8070.189888  9.907591
   9     5  17316.327421  11.743485
   9     8  7736.184553  18.259744
   9    10  23162.523364  6.454019
  10     9  23263.350393  6.514555
  10    11  17631.927539  12.248705
  10    15  23480.334627  14.206933
  10    16  11102.084824  20.407481
  10    17  9060.968404  21.009355
  11     4  7026.829368  9.778934
  11    10  17497.131424  12.029569
  11    12  7792.725013  11.715959
  11    14  9500.765229  12.644696
  12     3  13613.038332  4.068683
  12    11  7860.240042  11.916637
  12    13  15303.528893  3.054849
  13    12  15379.716055  3.055949
  13    24  10588.524811  15.225179
  14    11  9531.519793  12.757174
  14    15  8979.361463  12.053612
  14    23  7890.358931  7.953550
  15    10  23481.860128  14.209066
  15    14  9060.207544  12.311093
  15    19  19555.661010  4.462480
  15    22  16761.020503  7.182902
  16     8  8042.564220  9.840737
  16    10  11245.340347  21.270868
  16    17  12556.508226  11.968273
  16    18  15623.446654  3.178743
  17    10  9051.810525  20.956841
  17    16  12553.112725  11.957495
  17    19  10138.217924  7.852700
  18     7  16999.825952  2.083518
  18    16  15742.472008  3.184252
  18    20  19177.933416  4.270544
  19    15  19788.513079  4.533390
  19    17  10125.664544  7.823766
  19    20  9181.524076  10.808079
  20    18  19282.019570  4.276465
  20    19  9401.822766  11.485378
  20    21  7361.376032  10.031870
  20    22  8390.719073  10.601124
  21    20  7309.202327  9.918776
  21    22  9104.798985  4.755661
  21    24  9774.349314  10.210718
  22    15  16510.540016  6.938411
  22    20  8667.277620  11.376895
  22    21  9087.385815  4.734640
  22    23  9380.654053  11.433677
  23    14  7840.267413  7.854106
  23    22  9389.318944  11.461181
  23    24  8537.062748  4.395579
  24    13  10564.711972  15.124541
  24    21  9739.588779  10.108690
  24    23  8495.636121  4.349417
