<METADATA>
<File Name> ./SiouxFalls/SiouxFalls_MIX_0.50_0.80_1.10_flow.txt
<Number of Links> 76
<theta | lambda> 0.500000 | 0.000000
<stoch | determ> 0.800000 | 0.200000
<distant tolerance> 1.100000
<optimal objective> 7569451.443801
<system cost> 7898175.069270

<LINKS>
~ Init node | Term node | Flow | Cost
   1     2  5309.682688  6.001590
   1     3  8690.219502  4.011407
   2     1  5361.356542  6.001652
   2     6  6383.026045  7.060052
   3     1  8638.545648  4.011138
   3     4  15132.231959  4.367037
   3    12  11307.464304  4.032696
   4     3  14893.102982  4.344381
   4     5  18254.702899  2.333135
   4    11  6687.313147  9.099833
   5     4  18634.710284  2.361753
   5     6  8667.922444  9.650595
   5     9  16094.674024  10.032572
   6     2  6434.699899  7.127575
   6     5  8694.280931  9.719641
   6     8  12536.196883  14.867700
   7     8  13486.702092  6.937042
   7    18  15632.323857  2.059716
   8     6  12614.229224  15.191087
   8     7  13418.165396  6.857621
   8     9  7365.493767  16.786827
   8    16  8210.535877  10.257985
   9     5  16448.322921  10.489689
   9     8  7343.981831  16.707886
   9    10  22039.730270  5.831433
  10     9  22471.867231  6.060116
  10    11  17355.740750  11.805090
  10    15  22495.618896  12.914417
  10    16  11626.171126  23.731977
  10    17  7627.505810  14.532622
  11     4  6168.176785  8.243670
  11    10  17583.105757  12.168753
  11    12  7836.939969  11.846794
  11    14  9973.155211  14.496529
  12     3  11494.919427  4.034918
  12    11  7658.925617  11.333387
  12    13  13143.971854  3.029847
  13    12  13253.412624  3.030854
  13    24  10905.399248  16.630418
  14    11  9959.398208  14.438733
  14    15  9075.162698  12.359485
  14    23  8617.200489  9.624254
  15    10  22541.002440  12.970383
  15    14  9077.790406  12.368012
  15    19  18708.351769  4.225017
  15    22  18733.005392  9.526881
  16     8  8241.543459  10.337865
  16    10  11658.476509  23.952208
  16    17  12847.190997  12.923884
  16    18  16637.197580  3.229849
  17    10  7654.588837  14.625899
  17    16  12844.089231  12.913339
  17    19  10511.354582  8.763080
  18     7  15700.860552  2.060771
  18    16  16703.612311  3.233541
  18    20  18706.388420  4.244901
  19    15  18672.523133  4.215660
  19    17  10535.335844  8.825010
  19    20  9684.745553  12.427881
  20    18  18741.339847  4.246736
  20    19  9672.898179  12.386717
  20    21  6007.671397  7.788526
  20    22  7278.182711  8.170810
  21    20  5947.689315  7.718160
  21    22  9257.347147  4.945036
  21    24  9967.289083  10.797140
  22    15  18716.845281  9.504388
  22    20  7261.268845  8.141438
  22    21  9257.670426  4.945447
  22    23  9640.241093  12.291304
  23    14  8600.815778  9.581601
  23    22  9607.490394  12.179205
  23    24  8446.134494  4.295136
  24    13  10914.840018  16.674212
  24    21  9906.983722  10.610144
  24    23  8396.999084  4.242193
