<METADATA>
<File Name> ./SiouxFalls/SiouxFalls_COL_1.0_1.0_0.0_1.0_flow.txt
<Number of Links> 76
<theta | lambda> 1.000000 | 1.000000
<stoch | determ> 0.000000 | 1.000000
<Optimal Objective> 7390092.621143
<System Cost> 7390092.621143

<LINKS>
~ Init node | Term node | Flow | Cost
   1     2  6930.433769  6.022981
   1     3  10542.742703  4.123819
   2     1  6942.713798  6.023313
   2     6  6961.865114  19.521202
   3     1  10530.462673  4.122656
   3     4  16818.208352  6.814264
   3    12  13926.377812  4.375859
   4     3  16798.362791  6.781364
   4     5  19140.482519  4.020765
   4    11  6620.887758  20.957315
   5     4  19215.476733  4.042725
   5     6  7398.664454  19.107757
   5     9  16923.483719  35.788007
   6     2  6974.145143  19.730058
   6     5  7423.866425  19.314980
   6     8  12476.582999  65.272982
   7     8  13293.804376  21.611282
   7    18  16914.560955  2.406820
   8     6  12514.065000  66.296099
   8     7  13258.188362  21.233706
   8     9  7651.623772  49.107102
   8    16  7951.558718  28.442101
   9     5  16973.275962  35.981624
   9     8  7605.432115  48.418971
   9    10  23209.452754  20.431970
  10     9  23313.053341  20.712222
  10    11  17486.700003  40.254621
  10    15  23180.488200  44.936900
  10    16  10836.067983  78.334944
  10    17  8304.687613  53.901179
  11     4  6626.047983  20.945866
  11    10  17423.656887  39.314807
  11    12  7595.124328  31.821449
  11    14  9389.084755  45.405100
  12     3  13933.943343  4.378518
  12    11  7597.178225  31.619433
  12    13  15485.655902  3.287530
  13    12  15595.275330  3.295761
  13    24  10708.268349  62.723655
  14    11  9429.147968  45.330300
  14    15  8953.156440  40.109992
  14    23  7832.959159  23.096960
  15    10  23236.150312  45.599194
  15    14  8995.452491  39.887837
  15    19  18739.876224  9.170672
  15    22  16583.433241  23.099317
  16     8  7999.616361  28.630569
  16    10  10850.686074  78.785169
  16    17  10821.397047  29.540212
  16    18  18475.353005  4.745981
  17    10  8301.051112  53.820562
  17    16  10835.856405  29.577384
  17    19  8437.086509  16.073206
  18     7  16950.176968  2.413409
  18    16  18523.569381  4.756859
  18    20  20864.289569  5.891653
  19    15  18722.863829  9.145550
  19    17  8447.909367  16.073222
  19    20  8970.359994  35.145431
  20    18  20848.121959  5.890445
  20    19  8964.170456  34.881240
  20    21  6007.502947  14.941778
  20    22  7368.482613  21.669992
  21    20  5873.284249  14.168415
  21    22  8419.981617  12.061733
  21    24  9832.012781  39.877914
  22    15  16598.403799  23.112919
  22    20  7380.344162  21.777934
  22    21  8365.955327  11.812965
  22    23  9298.518835  40.167205
  23    14  7830.726320  23.194543
  23    22  9271.324652  39.583753
  23    24  8064.203412  11.552060
  24    13  10717.887778  62.935653
  24    21  9751.820374  38.665290
  24    23  8034.776391  11.420933
