<METADATA>
<File Name> ./SiouxFalls/SiouxFalls_MIX_0.50_0.30_1.15_flow.txt
<Number of Links> 76
<theta | lambda> 0.500000 | 0.000000
<stoch | determ> 0.300000 | 0.700000
<distant tolerance> 1.150000
<optimal objective> 4210520.117717
<system cost> 10170311.402199

<LINKS>
~ Init node | Term node | Flow | Cost
   1     2  4610.932795  6.000904
   1     3  7309.274543  4.005709
   2     1  4613.841657  6.000906
   2     6  6292.890671  6.946133
   3     1  7306.365680  4.005699
   3     4  14267.205311  4.290037
   3    12  9990.261391  4.019922
   4     3  14251.985595  4.288802
   4     5  19221.700219  2.409533
   4    11  6914.301063  9.542622
   5     4  19265.185377  2.413251
   5     6  9678.402359  12.783119
   5     9  15326.700394  9.138624
   6     2  6295.799533  6.949734
   6     5  9682.046279  12.796354
   6     8  13319.142677  18.396185
   7     8  13742.503056  7.244342
   7    18  16154.601221  2.068106
   8     6  13325.695460  18.428475
   8     7  13725.665372  7.223579
   8     9  7477.404747  17.208798
   8    16  9029.710150  12.691811
   9     5  15366.541631  9.181825
   9     8  7464.247217  17.158192
   9    10  22060.814299  5.842284
  10     9  22187.498006  5.908135
  10    11  17326.557951  11.759436
  10    15  23361.471486  14.042009
  10    16  14840.095663  56.380611
  10    17  4253.554913  8.631779
  11     4  6955.596188  9.628016
  11    10  17208.457574  11.577018
  11    12  8206.108221  13.028791
  11    14  10757.037869  18.206470
  12     3  10002.572244  4.020021
  12    11  8209.088658  13.039008
  12    13  12459.752745  3.024101
  13    12  12575.044037  3.025006
  13    24  11475.832853  19.487749
  14    11  10777.252180  18.313557
  14    15  8662.003624  11.108058
  14    23  8423.462946  9.135265
  15    10  23431.336647  14.138643
  15    14  8722.229513  11.279713
  15    19  19246.523232  4.372174
  15    22  19794.738774  11.137200
  16     8  9032.582779  12.701604
  16    10  14910.064654  57.375488
  16    17  15412.350473  24.626630
  16    18  16379.836453  3.215953
  17    10  4258.504845  8.634725
  17    16  15412.398348  24.626911
  17    19  12970.023148  17.677354
  18     7  16171.438905  2.068390
  18    16  16452.630197  3.219818
  18    20  16500.539791  4.148260
  19    15  19205.819636  4.360603
  19    17  12975.020955  17.701532
  19    20  9889.074033  13.161952
  20    18  16490.171219  4.147887
  20    19  9853.368245  13.030345
  20    21  6376.153247  8.269371
  20    22  6817.908144  7.441648
  21    20  6379.582894  8.274258
  21    22  8759.880153  4.361223
  21    24  10445.998371  12.406475
  22    15  19865.533420  11.254234
  22    20  6668.404138  7.234427
  22    21  8830.817976  4.438642
  22    23  9922.241589  13.304872
  23    14  8383.451369  9.038388
  23    22  9914.470052  13.275755
  23    24  8387.588568  4.232158
  24    13  11491.124145  19.570463
  24    21  10378.490195  12.165661
  24    23  8339.805453  4.181726
