<METADATA>
<File Name> ./SiouxFalls/SiouxFalls_MIX_0.50_0.10_1.30_flow.txt
<Number of Links> 76
<theta | lambda> 0.500000 | 0.000000
<stoch | determ> 0.100000 | 0.900000
<distant tolerance> 1.300000
<optimal objective> 2542299.427985
<system cost> 9472057.744416

<LINKS>
~ Init node | Term node | Flow | Cost
   1     2  5270.516395  6.001543
   1     3  9067.111042  4.013518
   2     1  5268.952494  6.001541
   2     6  6840.996224  7.717998
   3     1  9068.674943  4.013527
   3     4  13139.772661  4.208665
   3    12  9912.364978  4.019308
   4     3  13128.116029  4.207925
   4     5  17197.424444  2.262407
   4    11  5895.942272  7.873029
   5     4  17254.766780  2.265924
   5     6  8626.742537  9.543977
   5     9  15184.406869  8.987058
   6     2  6839.432323  7.715514
   6     5  8650.186718  9.604489
   6     8  12919.222742  16.513871
   7     8  13461.688939  6.907916
   7    18  15881.651476  2.063618
   8     6  12941.103022  16.612445
   8     7  13441.314435  6.884310
   8     9  4836.347812  11.261622
   8    16  7993.752741  9.724286
   9     5  15218.305025  9.022781
   9     8  4822.625368  11.247365
   9    10  22072.157716  5.848134
  10     9  22192.333427  5.910671
  10    11  18015.389442  12.900160
  10    15  24494.621194  15.719562
  10    16  14670.062886  54.020918
  10    17  4811.679940  9.034533
  11     4  5926.943303  7.912735
  11    10  17926.367664  12.745161
  11    12  9371.869331  17.957396
  11    14  9887.051228  14.138706
  12     3  9925.585511  4.019411
  12    11  9362.039870  17.907310
  12    13  13478.146660  3.033001
  13    12  13581.537733  3.034025
  13    24  11326.482462  18.697101
  14    11  9938.859942  14.352892
  14    15  9204.240737  12.787205
  14    23  8707.816442  9.864584
  15    10  24503.215641  15.733210
  15    14  9272.243101  13.019900
  15    19  20259.191505  4.684568
  15    22  18396.662596  9.070606
  16     8  8008.980962  9.760389
  16    10  14760.063593  55.259772
  16    17  14085.184351  17.783180
  16    18  14247.129219  3.123603
  17    10  4822.282275  9.043681
  17    16  14086.324125  17.788290
  17    19  12953.483987  17.597541
  18     7  15902.025980  2.063945
  18    16  14351.218372  3.127255
  18    20  14531.102915  4.089171
  19    15  20271.679877  4.688725
  19    17  12965.226097  17.654174
  19    20  9682.676215  12.420680
  20    18  14555.566572  4.089773
  20    19  9706.906696  12.505286
  20    21  6064.099682  7.856675
  20    22  7710.425429  8.993851
  21    20  6018.926672  7.801967
  21    22  8751.899682  4.352630
  21    24  10089.808735  11.187642
  22    15  18360.771035  9.023370
  22    20  7704.292578  8.981159
  22    21  8777.647499  4.380438
  22    23  9565.676604  12.037741
  23    14  8691.622792  9.821081
  23    22  9549.400007  11.983174
  23    24  8456.948323  4.306913
  24    13  11329.873535  18.714710
  24    21  10018.887909  10.959855
  24    23  8424.478077  4.271687
