<METADATA>
<File Name> ./SiouxFalls/SiouxFalls_MIX_0.10_0.80_1.20_flow.txt
<Number of Links> 76
<theta | lambda> 0.100000 | 0.000000
<stoch | determ> 0.800000 | 0.200000
<distant tolerance> 1.200000
<optimal objective> 21811904.821276
<system cost> 8518321.740214

<LINKS>
~ Init node | Term node | Flow | Cost
   1     2  5842.855696  6.002331
   1     3  9874.105160  4.019012
   2     1  6061.216098  6.002699
   2     6  6927.250303  7.857691
   3     1  9655.744758  4.017385
   3     4  16852.976249  4.564683
   3    12  13733.884292  4.071155
   4     3  16113.686176  4.471930
   4     5  18630.102978  2.361395
   4    11  8201.677888  13.013625
   5     4  18887.066625  2.381750
   5     6  8172.842687  8.466081
   5     9  16490.645347  10.546409
   6     2  7145.610705  8.235409
   6     5  7909.320403  7.917335
   6     8  12521.069729  14.805704
   7     8  13788.789185  7.301813
   7    18  17478.527451  2.093330
   8     6  12475.907847  14.621947
   8     7  13886.471090  7.425013
   8     9  7773.354588  18.419634
   8    16  8853.198367  12.107783
   9     5  17011.131279  11.280498
   9     8  7762.108380  18.371015
   9    10  22421.583349  6.032818
  10     9  23030.823073  6.376129
  10    11  17717.129855  12.389835
  10    15  23442.894684  14.154714
  10    16  11099.133378  20.390041
  10    17  8434.967328  17.769918
  11     4  7305.424167  10.414825
  11    10  18076.816856  13.008462
  11    12  8143.814779  12.817784
  11    14  9957.054988  14.428912
  12     3  14254.813963  4.082580
  12    11  7707.604338  11.470277
  12    13  14408.809524  3.043103
  13    12  14593.528755  3.045357
  13    24  11007.968112  17.112337
  14    11  9956.698710  14.427420
  14    15  9356.447574  13.315219
  14    23  8528.106255  9.395238
  15    10  23518.411557  14.260298
  15    14  9388.729875  13.430573
  15    19  17635.497167  3.967277
  15    22  18654.050940  9.417539
  16     8  8916.964597  12.314784
  16    10  11158.510158  20.743591
  16    17  13327.123634  14.649987
  16    18  21209.936739  3.607126
  17    10  8449.626398  17.838012
  17    16  13322.073750  14.630825
  17    19  10248.581705  8.111740
  18     7  17380.845546  2.091261
  18    16  21338.129633  3.621937
  18    20  19026.325065  4.262090
  19    15  17575.078734  3.954090
  19    17  10258.190892  8.134694
  19    20  9475.254174  11.721986
  20    18  18956.836053  4.258282
  20    19  9424.444927  11.557682
  20    21  8048.915991  11.762622
  20    22  8212.864265  10.141112
  21    20  7988.474930  11.591471
  21    22  10307.439690  6.526344
  21    24  9321.094722  8.963411
  22    15  18722.268547  9.511930
  22    20  8053.007067  9.752376
  22    21  10326.256602  6.559487
  22    23  9494.360220  11.800709
  23    14  8495.467676  9.313117
  23    22  9421.537543  11.564119
  23    24  9263.746284  5.321415
  24    13  11092.687342  17.520680
  24    21  9241.836748  8.763154
  24    23  9158.285027  5.172730
